<svg version="1.1" id="Layer_1" xmlns="http://www.w3.org/2000/svg" xmlns:xlink="http://www.w3.org/1999/xlink" x="0px" y="0px"
	 width="100%" viewBox="0 0 200 200" enable-background="new 0 0 200 200" xml:space="preserve">
<path fill="#FFFFFF" opacity="1.000000" stroke="none" 
	d="
M201.000000,117.000000 
	C201.000000,144.966858 201.000000,172.933716 201.000000,200.950287 
	C134.445419,200.950287 67.890793,200.950287 1.000000,200.950287 
	C1.000000,172.646652 1.000000,144.291992 1.377344,115.535309 
	C2.486942,116.649818 3.219196,118.166336 3.874138,119.522736 
	C8.908207,121.129120 12.806656,121.232704 11.174935,114.101448 
	C11.104285,113.792679 11.697746,113.331963 12.189215,113.235031 
	C13.653749,115.412827 14.910917,117.297615 16.096952,119.075752 
	C21.804409,115.289192 28.506516,117.301041 34.965961,117.438934 
	C35.572571,118.524673 36.024651,119.647133 36.727566,119.835991 
	C41.372860,121.084061 43.886288,118.728729 43.952026,112.758774 
	C44.074184,101.665016 43.987049,90.568954 43.987049,79.109245 
	C43.067120,79.109245 41.943237,79.109245 40.437508,79.127686 
	C39.039562,79.070267 38.023464,78.994415 36.892159,78.712723 
	C36.567284,78.257286 36.304741,78.091293 36.005402,77.596146 
	C37.405060,76.454231 38.717514,75.385345 40.189251,75.077187 
	C42.286293,74.638115 44.500198,74.757172 46.664181,74.637817 
	C46.745014,74.165611 46.825848,73.693405 46.906681,73.221207 
	C45.585598,72.569511 43.811256,71.014954 43.017399,71.413483 
	C38.072792,73.895760 34.827229,71.311493 31.237318,67.824623 
	C27.288792,73.705719 23.625450,67.061462 18.950586,67.306503 
	C19.586443,69.605240 20.111483,71.503349 20.773001,73.894852 
	C17.404142,73.337158 14.547220,72.864220 10.926419,72.264824 
	C10.604502,74.607758 10.303231,76.800430 9.694975,79.088104 
	C8.960402,79.209587 8.532817,79.236053 7.837109,79.098114 
	C7.367636,78.875206 7.166287,78.816696 6.789233,78.427567 
	C6.230522,76.551605 5.847517,75.006256 5.410536,73.243118 
	C3.886984,73.159134 2.443492,73.079567 1.000000,73.000000 
	C1.000000,49.031181 1.000000,25.062365 1.000000,1.046773 
	C67.548843,1.046773 134.097717,1.046773 201.000000,1.046773 
	C201.000000,22.352928 201.000000,43.707806 200.595245,65.539589 
	C196.065948,66.297249 191.753006,69.977348 187.130997,63.506676 
	C186.216309,68.907661 185.878738,72.770943 184.807678,76.418877 
	C184.289276,78.184608 182.621048,79.851303 181.062469,81.010246 
	C179.277802,82.337334 177.036957,83.050972 174.662506,84.024216 
	C173.888168,84.018150 173.445633,84.019020 172.996277,83.667824 
	C172.628220,82.725632 172.266998,82.135498 171.905777,81.545364 
	C171.602432,82.689293 171.299088,83.833214 170.617035,85.030457 
	C169.494263,87.395897 168.750183,89.708038 167.632553,92.018135 
	C166.294785,91.632446 165.330582,91.248802 164.366364,90.865158 
	C165.989609,86.829201 161.733185,87.050476 160.193649,85.456291 
	C158.719589,83.929886 156.377365,83.241859 154.150909,82.042130 
	C149.737564,86.357864 148.101654,86.446465 144.871246,81.568169 
	C144.528427,78.814400 144.265930,76.473145 143.803452,73.816223 
	C141.286545,72.493805 138.753357,69.828827 137.128098,74.523148 
	C137.099899,74.704865 136.870300,74.992188 136.498779,75.083206 
	C135.756516,76.191017 135.066086,77.207085 135.063751,78.224739 
	C135.036087,90.300049 135.090744,102.375832 135.226822,114.450325 
	C135.232803,114.980919 136.229904,115.500336 136.846191,116.340454 
	C137.282425,117.166702 137.637772,117.677452 138.097076,118.561676 
	C142.811661,119.609024 147.414276,120.355721 152.042969,120.865677 
	C152.629456,120.930283 153.352615,119.754196 154.230927,119.087883 
	C154.449387,119.022842 154.900879,118.959618 155.248611,119.017525 
	C157.205383,119.405670 158.870758,120.169121 160.410782,119.968803 
	C162.986649,119.633759 165.482468,118.683334 168.304260,117.983147 
	C168.790100,117.949921 168.983673,117.925468 169.389511,117.932587 
	C169.601776,117.964165 169.999512,118.125481 170.090668,118.494987 
	C172.624527,119.895401 175.269867,122.063477 176.697952,117.540009 
	C176.645645,117.385956 176.372406,117.209267 176.515564,116.841652 
	C176.593918,115.956909 176.529129,115.439774 176.560120,114.708160 
	C176.655914,114.493668 176.478912,114.058464 176.592499,113.721237 
	C176.807114,112.922112 176.908157,112.460213 177.300537,111.714310 
	C177.925552,106.518143 177.570953,101.322662 183.014404,98.550827 
	C183.807159,98.147148 184.923691,97.046394 185.214722,97.247238 
	C185.999756,97.788994 186.954666,98.896957 186.897339,99.713951 
	C186.547195,104.705345 185.820557,109.671799 185.534714,114.664612 
	C185.492859,115.395760 187.132370,116.223175 187.997116,117.396881 
	C188.647324,119.424370 189.112610,121.168549 189.997650,122.664337 
	C190.732376,123.906052 192.216705,125.892647 192.918442,125.719841 
	C194.412598,125.351868 195.794037,123.951599 196.891937,122.687912 
	C198.419647,120.929520 199.645142,118.908569 201.000000,117.000000 
M101.332932,86.089867 
	C100.879372,86.145126 100.425804,86.200386 99.935425,85.633621 
	C90.006523,82.049286 86.127144,83.742584 84.337296,92.718674 
	C82.768585,92.992378 81.095520,93.284286 79.385223,93.582695 
	C77.654335,87.127289 76.197845,81.103104 74.334084,75.207664 
	C73.925781,73.916138 72.213799,72.463417 70.851730,72.140129 
	C62.253033,70.099144 60.057014,71.216011 56.359249,79.464531 
	C55.613140,81.128868 55.885094,83.226913 55.513721,85.090340 
	C55.287868,86.223564 54.869442,87.372726 54.286858,88.367996 
	C53.381374,89.914902 51.582912,91.241173 51.359333,92.829384 
	C50.644997,97.903786 50.481426,103.055717 50.044044,108.970673 
	C49.404892,111.931572 48.765739,114.892464 48.352840,118.546509 
	C55.655704,123.089806 58.132652,121.874596 60.804043,112.232559 
	C63.463467,111.829605 66.227951,111.410728 68.982964,111.790855 
	C68.660583,113.369461 68.111275,114.941536 68.065536,116.528114 
	C67.983543,119.372185 69.267891,120.487221 72.784508,119.129257 
	C80.930153,123.230995 89.349014,120.022003 97.257233,120.800941 
	C96.818413,111.217041 92.674217,102.077110 100.718292,94.101990 
	C101.814987,96.501305 103.655090,98.844139 103.842606,101.312515 
	C104.162918,105.529015 103.062569,109.847603 103.319763,114.077042 
	C103.459839,116.380661 104.593102,119.643089 106.308922,120.574295 
	C108.464676,121.744263 111.800354,121.234787 112.851639,117.322472 
	C112.851639,117.322472 113.012634,116.998589 113.601562,116.407272 
	C113.706894,109.239388 113.812225,102.071510 113.927864,94.911606 
	C113.927864,94.911606 113.897842,94.893211 114.644760,94.962631 
	C119.777641,93.248322 120.723274,96.926453 120.887207,100.401451 
	C121.095779,104.823051 120.750717,109.315323 120.182053,113.717407 
	C119.518715,118.852425 121.673782,121.139740 126.832375,120.206917 
	C128.414429,119.920830 130.021072,119.770798 131.987396,119.509102 
	C131.987396,113.809959 131.821594,108.411629 132.052338,103.030304 
	C132.181595,100.015892 134.105652,96.646317 133.248291,94.101349 
	C130.484604,85.897606 129.037735,83.262848 118.051041,85.886681 
	C115.217567,85.345657 112.181534,85.269783 109.601715,84.146309 
	C106.351120,82.730728 104.046104,83.163925 101.332932,86.089867 
z"/>
<path fill="#F8FDFA" opacity="1.000000" stroke="none" 
	d="
M187.993896,117.006050 
	C187.132370,116.223175 185.492859,115.395760 185.534714,114.664612 
	C185.820557,109.671799 186.547195,104.705345 186.897339,99.713951 
	C186.954666,98.896957 185.999756,97.788994 185.214722,97.247238 
	C184.923691,97.046394 183.807159,98.147148 183.014404,98.550827 
	C177.570953,101.322662 177.925552,106.518143 177.190338,111.269592 
	C176.679993,108.371964 176.571198,105.635048 176.583923,102.511536 
	C176.039276,95.888168 181.095520,94.914886 185.371643,92.770630 
	C185.545670,90.410568 185.960434,88.042671 185.149582,86.220001 
	C184.780792,85.391029 181.971130,85.719261 180.297531,85.380028 
	C178.512009,85.018105 176.760590,84.487877 174.994293,84.031128 
	C177.036957,83.050972 179.277802,82.337334 181.062469,81.010246 
	C182.621048,79.851303 184.289276,78.184608 184.807678,76.418877 
	C185.878738,72.770943 186.216309,68.907661 187.130997,63.506676 
	C191.753006,69.977348 196.065948,66.297249 200.595245,66.008247 
	C201.000000,76.020897 201.000000,86.041786 200.629623,96.531395 
	C199.518509,97.001862 198.777771,97.003616 198.020981,96.569473 
	C197.740540,93.424316 197.476166,90.715057 197.142212,87.762405 
	C197.046326,87.352318 197.020020,87.185616 196.997864,86.639481 
	C195.817505,85.755066 194.348099,84.550247 193.508331,84.892105 
	C191.808563,85.584076 189.233597,87.030663 189.145142,88.312737 
	C188.487701,97.842453 188.351700,107.408134 188.037399,116.973206 
	C188.022766,116.983887 187.993896,117.006050 187.993896,117.006050 
M190.116760,80.602982 
	C192.012283,80.694168 193.907822,80.785355 196.593079,80.820435 
	C197.061188,79.401886 198.251114,77.700653 197.831696,76.629692 
	C197.168823,74.937126 195.535034,72.623360 194.114777,72.476082 
	C192.234863,72.281151 189.695297,73.494514 188.372070,74.950432 
	C187.698959,75.691048 189.067184,78.286919 190.116760,80.602982 
z"/>
<path fill="#FDEFE0" opacity="1.000000" stroke="none" 
	d="
M11.981849,112.942024 
	C11.697746,113.331963 11.104285,113.792679 11.174935,114.101448 
	C12.806656,121.232704 8.908207,121.129120 3.874138,119.522736 
	C3.219196,118.166336 2.486942,116.649818 1.377344,115.066650 
	C1.000000,114.555557 1.000000,114.111107 1.164783,113.239624 
	C1.219710,112.541725 1.109856,112.270866 1.000000,112.000000 
	C1.000000,103.645767 1.000000,95.291534 1.366203,86.472885 
	C2.464859,86.008926 3.197312,86.009377 4.097517,86.086136 
	C4.265269,86.162460 4.618900,86.265625 4.622845,86.673386 
	C4.626811,88.984802 4.626831,90.888458 4.478890,92.938278 
	C4.296286,93.218468 4.202869,93.371574 4.238932,93.482635 
	C4.320262,93.733101 4.465649,93.962769 4.598957,94.655731 
	C4.631807,102.306740 4.650674,109.502899 4.567101,116.934647 
	C5.012493,117.377266 5.560327,117.584312 6.454873,117.799332 
	C7.263903,117.813179 7.726220,117.819046 8.456174,117.899704 
	C9.004457,117.236702 9.285105,116.498909 9.601604,115.399765 
	C9.623924,114.070595 9.610392,113.102760 9.735411,111.769485 
	C9.781090,110.900055 9.688219,110.396065 9.693172,109.841797 
	C9.790996,109.791527 9.929002,109.962822 10.274792,110.020744 
	C11.074338,111.033119 11.528094,111.987572 11.981849,112.942024 
z"/>
<path fill="#F8FDFA" opacity="1.000000" stroke="none" 
	d="
M201.000000,116.625000 
	C199.645142,118.908569 198.419647,120.929520 196.891937,122.687912 
	C195.794037,123.951599 194.412598,125.351868 192.918442,125.719841 
	C192.216705,125.892647 190.732376,123.906052 189.997650,122.664337 
	C189.112610,121.168549 188.647324,119.424370 187.997116,117.396881 
	C187.993896,117.006050 188.022766,116.983887 188.323349,117.125732 
	C189.435837,117.496048 190.247742,117.724533 191.028610,117.974129 
	C190.997574,117.995247 191.032883,117.928535 191.162811,118.239563 
	C193.152878,120.641884 194.694458,120.310402 195.983383,117.967285 
	C195.999390,117.998665 195.940781,117.959641 196.307098,117.917664 
	C197.145325,116.579636 197.617249,115.283592 198.453003,113.991058 
	C199.544571,113.996384 200.272278,113.998192 201.000000,114.000000 
	C201.000000,114.750000 201.000000,115.500000 201.000000,116.625000 
z"/>
<path fill="#FCF6EE" opacity="1.000000" stroke="none" 
	d="
M3.929765,86.009827 
	C3.197312,86.009377 2.464859,86.008926 1.366203,86.004242 
	C1.000000,81.975456 1.000000,77.950912 1.000000,73.463181 
	C2.443492,73.079567 3.886984,73.159134 5.410536,73.243118 
	C5.847517,75.006256 6.230522,76.551605 6.723520,78.591515 
	C6.833514,79.086075 6.821689,79.438873 6.415661,79.470886 
	C5.543907,80.604759 5.078181,81.706604 4.434674,83.088135 
	C4.147850,84.248489 4.038807,85.129158 3.929765,86.009827 
z"/>
<path fill="#FFFFFF" opacity="1.000000" stroke="none" 
	d="
M201.000000,113.532394 
	C200.272278,113.998192 199.544571,113.996384 198.423553,113.525398 
	C198.032501,107.705940 198.034760,102.355652 198.037018,97.005371 
	C198.777771,97.003616 199.518509,97.001862 200.629623,97.000053 
	C201.000000,102.354927 201.000000,107.709862 201.000000,113.532394 
z"/>
<path fill="#FFFFFF" opacity="1.000000" stroke="none" 
	d="
M1.000000,112.250000 
	C1.109856,112.270866 1.219710,112.541725 1.164783,112.906296 
	C1.000000,113.000000 1.000000,112.500000 1.000000,112.250000 
z"/>
<path fill="#E6F7FC" opacity="1.000000" stroke="none" 
	d="
M99.995659,93.969559 
	C92.674217,102.077110 96.818413,111.217041 97.257233,120.800941 
	C89.349014,120.022003 80.930153,123.230995 72.399658,118.649902 
	C71.659943,115.967613 71.379539,113.747177 70.869980,111.580627 
	C70.793434,111.255180 69.645012,111.181824 68.992432,110.991852 
	C66.227951,111.410728 63.463467,111.829605 60.804043,112.232559 
	C58.132652,121.874596 55.655704,123.089806 48.620022,118.220055 
	C55.060707,119.323853 56.259224,118.530533 58.073147,112.447304 
	C58.496128,111.028778 59.404507,109.279335 60.599663,108.648315 
	C66.039131,105.776390 73.196358,108.234261 74.775261,113.948090 
	C75.915848,118.075745 78.649597,117.198776 80.940628,116.809944 
	C84.162354,116.263145 82.384895,113.776772 81.988243,112.048744 
	C81.582657,110.281822 80.925972,108.572540 80.423668,106.664749 
	C80.422661,106.235466 80.284332,106.047745 80.022964,105.951523 
	C79.992767,105.974731 80.066521,105.956429 80.078339,105.579002 
	C79.413940,103.112350 78.737709,101.023132 78.030243,98.960968 
	C77.998993,98.988037 78.076675,98.959991 78.096039,98.654808 
	C77.863884,97.822044 77.612358,97.294472 77.351906,96.882149 
	C77.342972,96.997406 77.401398,96.773666 77.394623,96.369644 
	C75.920479,91.090034 74.453102,86.214447 72.765152,81.135887 
	C72.326981,80.607407 72.109406,80.281883 71.994278,79.545563 
	C72.812546,73.456024 70.576866,74.192184 63.227768,74.283035 
	C60.271420,74.319595 59.146755,75.965843 60.457695,79.051834 
	C58.454033,84.535454 56.801899,89.798439 54.993343,95.007118 
	C53.457684,99.429855 51.741505,103.789925 50.105202,108.177719 
	C50.481426,103.055717 50.644997,97.903786 51.359333,92.829384 
	C51.582912,91.241173 53.381374,89.914902 54.286858,88.367996 
	C54.869442,87.372726 55.287868,86.223564 55.513721,85.090340 
	C55.885094,83.226913 55.613140,81.128868 56.359249,79.464531 
	C60.057014,71.216011 62.253033,70.099144 70.851730,72.140129 
	C72.213799,72.463417 73.925781,73.916138 74.334084,75.207664 
	C76.197845,81.103104 77.654335,87.127289 79.385223,93.582695 
	C81.095520,93.284286 82.768585,92.992378 84.337296,92.718674 
	C86.127144,83.742584 90.006523,82.049286 99.814232,86.105865 
	C99.424644,86.691315 99.201126,86.862953 98.722458,87.122559 
	C97.785690,87.613777 97.148949,88.075462 96.220200,88.621086 
	C93.622780,88.448524 91.317360,88.192024 88.579254,88.076080 
	C88.000069,97.187965 87.887421,106.160065 87.685974,115.130165 
	C87.627274,117.744057 88.878967,118.300606 91.412941,117.795746 
	C92.117599,117.804665 92.520706,117.743317 93.346901,117.719925 
	C94.192848,116.334221 94.940895,114.920044 94.982658,113.485298 
	C95.170563,107.029854 95.158028,100.568573 95.211288,94.138023 
	C95.204811,94.166649 95.263565,94.173927 95.522171,94.248978 
	C97.160614,93.791527 98.540451,93.259041 99.943481,93.037041 
	C99.976334,93.554863 99.985992,93.762207 99.995659,93.969559 
z"/>
<path fill="#1073C6" opacity="1.000000" stroke="none" 
	d="
M71.891830,79.956367 
	C72.109406,80.281883 72.326981,80.607407 72.755142,81.539734 
	C74.444283,87.022255 75.922836,91.897957 77.401398,96.773666 
	C77.401398,96.773666 77.342972,96.997406 77.251541,97.198578 
	C77.465630,97.919830 77.771149,98.439911 78.076675,98.959991 
	C78.076675,98.959991 77.998993,98.988037 77.998512,99.390778 
	C78.687523,101.847816 79.377022,103.902122 80.066521,105.956429 
	C80.066521,105.956429 79.992767,105.974731 80.018639,106.121826 
	C80.080521,106.503098 80.192085,106.692802 80.379204,106.838028 
	C80.925972,108.572540 81.582657,110.281822 81.988243,112.048744 
	C82.384895,113.776772 84.162354,116.263145 80.940628,116.809944 
	C78.649597,117.198776 75.915848,118.075745 74.775261,113.948090 
	C73.196358,108.234261 66.039131,105.776390 60.599663,108.648315 
	C59.404507,109.279335 58.496128,111.028778 58.073147,112.447304 
	C56.259224,118.530533 55.060707,119.323853 48.506897,117.873482 
	C48.765739,114.892464 49.404892,111.931572 50.074623,108.574196 
	C51.741505,103.789925 53.457684,99.429855 54.993343,95.007118 
	C56.801899,89.798439 58.454033,84.535454 60.755821,79.098869 
	C61.539078,78.909477 61.740501,78.917229 62.000168,79.303253 
	C62.509884,81.481430 62.961357,83.281334 63.313850,84.686630 
	C64.885017,83.240807 66.481880,81.771339 68.499458,79.914726 
	C67.873024,76.722733 64.519005,78.311592 62.206390,77.709145 
	C66.599960,74.439705 69.520340,76.176476 71.891830,79.956367 
M70.854309,100.513260 
	C69.556694,95.594208 68.259087,90.675156 66.961472,85.756104 
	C66.401329,85.816551 65.841194,85.876999 65.281052,85.937447 
	C64.333389,91.422913 61.308407,96.476234 61.892529,102.560341 
	C65.232185,102.067909 67.914658,101.672379 70.854309,100.513260 
M69.688202,87.535942 
	C70.028809,86.984528 70.369423,86.433105 70.710037,85.881691 
	C70.434113,85.745392 70.158180,85.609093 69.882256,85.472801 
	C69.676964,86.012482 69.471680,86.552162 69.688202,87.535942 
M70.519638,90.405037 
	C70.519638,90.405037 70.590149,90.521797 70.519638,90.405037 
z"/>
<path fill="#FBF6F0" opacity="1.000000" stroke="none" 
	d="
M12.189217,113.235031 
	C11.528094,111.987572 11.074338,111.033119 10.179804,109.577179 
	C9.805717,106.050079 9.872409,103.024460 10.338226,99.914848 
	C11.155495,97.363632 12.076553,94.855446 11.879627,92.438339 
	C11.543472,88.312302 12.878161,85.891739 17.351139,85.121727 
	C18.121498,84.956055 18.560598,84.861565 19.344738,84.822502 
	C20.153292,84.845322 20.616806,84.812706 21.010334,84.874008 
	C20.940344,84.967926 20.971693,85.200073 21.207375,85.416870 
	C22.619732,85.488007 23.796410,85.342331 25.390503,85.130783 
	C27.208462,84.964874 28.609007,84.864845 30.385454,84.822449 
	C31.515650,84.952332 32.269943,85.024590 33.074066,85.498360 
	C33.725086,96.281189 34.326271,106.662498 34.927460,117.043808 
	C28.506516,117.301041 21.804409,115.289192 16.096952,119.075752 
	C14.910917,117.297615 13.653749,115.412827 12.189217,113.235031 
M19.170645,94.833328 
	C17.697750,95.232719 16.224854,95.632103 14.485837,96.200844 
	C14.296103,96.515480 14.370545,96.767914 14.875933,97.514732 
	C14.913716,97.704704 14.951499,97.894669 15.002121,98.813370 
	C16.087744,103.369202 19.036758,98.900620 20.955952,100.758598 
	C20.927830,101.507347 20.899708,102.256104 20.572956,103.212479 
	C20.709404,103.474648 20.845854,103.736809 21.492201,104.516754 
	C22.607616,103.851303 24.149414,103.445061 24.745800,102.464066 
	C25.839706,100.664711 26.376049,98.526390 26.805847,97.409966 
	C26.029867,95.059914 25.514925,93.202835 24.790815,91.431244 
	C24.421000,90.526466 23.676126,89.774986 23.100777,88.954216 
	C22.358480,89.642349 21.616182,90.330482 20.397980,91.467857 
	C20.254137,92.546410 20.110296,93.624954 19.170645,94.833328 
M19.702322,113.296005 
	C22.356327,113.284271 25.024132,113.419769 27.656113,113.173073 
	C28.469402,113.096848 29.185146,111.979919 29.945557,111.339485 
	C29.197559,110.676491 28.490559,109.505379 27.694256,109.441124 
	C24.727209,109.201736 21.717356,109.162369 18.753233,109.407135 
	C17.792215,109.486496 16.922157,110.667305 16.010489,111.344292 
	C16.928715,111.993050 17.846941,112.641800 19.702322,113.296005 
z"/>
<path fill="#327EBE" opacity="1.000000" stroke="none" 
	d="
M136.870300,74.992188 
	C136.870300,74.992188 137.099899,74.704865 137.553070,74.497261 
	C140.005295,74.237068 142.004379,74.184479 144.003448,74.131889 
	C144.265930,76.473145 144.528427,78.814400 144.772522,81.971504 
	C144.754120,84.577393 144.754120,86.367424 144.754120,88.328102 
	C154.654572,84.584557 159.676407,86.207596 162.754578,93.905052 
	C160.353897,92.196472 158.479752,90.116791 156.147675,88.961685 
	C154.497742,88.144447 152.227997,88.578568 150.234940,88.454071 
	C150.239624,88.905418 150.244293,89.356773 150.248962,89.808121 
	C158.887817,94.122955 158.969620,94.262657 157.294678,101.660583 
	C157.051590,100.278908 157.029129,99.265175 156.795898,98.302505 
	C155.878632,94.516342 153.832443,91.816307 149.549164,92.301796 
	C145.376099,92.774803 144.239441,95.622101 144.696823,99.473633 
	C144.872070,100.949280 144.718399,102.464157 144.712189,103.961151 
	C144.680939,111.490593 145.487823,112.278122 152.835327,112.378937 
	C151.059616,112.952057 149.408051,113.042107 147.866226,113.500908 
	C146.783676,113.823036 145.850647,114.647575 144.513702,115.348877 
	C142.115402,116.362717 140.054276,117.275459 137.993134,118.188202 
	C137.637772,117.677452 137.282425,117.166702 136.929138,115.876358 
	C136.910904,101.728569 136.890610,88.360382 136.870300,74.992188 
M142.043289,82.290840 
	C142.042282,81.625282 142.195709,80.912376 142.009109,80.303726 
	C141.578552,78.899269 140.982956,77.545410 140.454285,76.171028 
	C139.844833,77.546417 138.748398,78.906036 138.703293,80.299690 
	C138.355087,91.058365 138.192123,101.823372 138.036041,112.587341 
	C138.023010,113.485695 138.481583,114.390869 138.994705,116.323700 
	C140.697220,113.967987 142.974976,112.262672 142.858917,110.739807 
	C142.158646,101.551514 145.735992,92.236366 142.043289,82.290840 
z"/>
<path fill="#0872CD" opacity="1.000000" stroke="none" 
	d="
M144.850845,115.247772 
	C145.850647,114.647575 146.783676,113.823036 147.866226,113.500908 
	C149.408051,113.042107 151.059616,112.952057 153.150665,112.220367 
	C154.772827,110.139114 155.908615,108.541977 157.261444,106.824783 
	C157.400085,106.145027 157.321701,105.585342 157.212585,104.652374 
	C157.260712,103.536720 157.339569,102.794357 157.418427,102.051987 
	C158.969620,94.262657 158.887817,94.122955 150.248962,89.808121 
	C150.244293,89.356773 150.239624,88.905418 150.234940,88.454071 
	C152.227997,88.578568 154.497742,88.144447 156.147675,88.961685 
	C158.479752,90.116791 160.353897,92.196472 162.739258,93.914459 
	C163.054718,93.947990 163.064133,93.924957 163.027588,94.274811 
	C163.348679,95.419518 163.706329,96.214363 164.166290,97.455627 
	C164.223129,100.938591 164.177643,103.975136 163.965515,107.343201 
	C162.752808,112.950203 158.954239,116.055359 154.900879,118.959618 
	C154.900879,118.959618 154.449387,119.022842 153.848846,119.009964 
	C150.449142,117.747314 147.649994,116.497543 144.850845,115.247772 
z"/>
<path fill="#E1F7FC" opacity="1.000000" stroke="none" 
	d="
M118.827652,85.797333 
	C129.037735,83.262848 130.484604,85.897606 133.248291,94.101349 
	C134.105652,96.646317 132.181595,100.015892 132.052338,103.030304 
	C131.821594,108.411629 131.987396,113.809959 131.987396,119.509102 
	C130.021072,119.770798 128.414429,119.920830 126.832375,120.206917 
	C121.673782,121.139740 119.518715,118.852425 120.182053,113.717407 
	C120.750717,109.315323 121.095779,104.823051 120.887207,100.401451 
	C120.723274,96.926453 119.777641,93.248322 114.409698,94.677834 
	C114.560562,93.974640 114.946480,93.556236 115.562035,93.009697 
	C116.200157,92.581711 116.608650,92.281860 117.402260,92.058517 
	C122.065765,91.813400 122.679474,94.605331 122.681488,97.905647 
	C122.685501,104.466141 122.682686,111.026634 122.682686,117.610641 
	C125.506866,117.610641 127.567986,117.610641 129.768463,117.610641 
	C129.768463,109.189148 129.768463,101.100906 129.805511,92.764236 
	C129.679947,92.230865 129.517319,91.945923 129.301453,91.304810 
	C127.463638,85.984283 123.358803,85.889137 119.032059,86.035507 
	C118.962440,85.957397 118.827652,85.797333 118.827652,85.797333 
z"/>
<path fill="#FDEFE0" opacity="1.000000" stroke="none" 
	d="
M34.965961,117.438934 
	C34.326271,106.662498 33.725086,96.281189 32.981541,85.431824 
	C32.839180,84.963760 32.886913,84.740555 33.251923,84.844185 
	C34.369022,85.046295 35.121109,85.144775 35.887405,85.696457 
	C35.913635,95.286385 36.019451,104.424423 35.892609,113.559227 
	C35.840145,117.337601 37.026985,118.826790 41.117298,117.274513 
	C41.117298,106.157326 41.117298,95.062820 41.210167,83.566162 
	C41.141808,81.812431 40.980583,80.460838 40.819355,79.109245 
	C41.943237,79.109245 43.067120,79.109245 43.987049,79.109245 
	C43.987049,90.568954 44.074184,101.665016 43.952026,112.758774 
	C43.886288,118.728729 41.372860,121.084061 36.727566,119.835991 
	C36.024651,119.647133 35.572571,118.524673 34.965961,117.438934 
z"/>
<path fill="#FCF6EE" opacity="1.000000" stroke="none" 
	d="
M10.001963,78.993095 
	C10.303231,76.800430 10.604502,74.607758 10.926419,72.264824 
	C14.547220,72.864220 17.404142,73.337158 20.773001,73.894852 
	C20.111483,71.503349 19.586443,69.605240 18.950586,67.306503 
	C23.625450,67.061462 27.288792,73.705719 31.237318,67.824623 
	C34.827229,71.311493 38.072792,73.895760 43.017399,71.413483 
	C43.811256,71.014954 45.585598,72.569511 46.906681,73.221207 
	C46.825848,73.693405 46.745014,74.165611 46.664181,74.637817 
	C44.500198,74.757172 42.286293,74.638115 40.189251,75.077187 
	C38.717514,75.385345 37.405060,76.454231 35.646935,77.591141 
	C33.747547,77.038521 32.222702,76.078163 30.328003,75.036636 
	C26.223345,74.867828 22.474253,74.951653 18.757952,74.641975 
	C15.371809,74.359810 14.388335,75.857407 14.647549,78.957565 
	C14.457598,79.021744 14.079271,79.154663 13.664745,79.064545 
	C12.136111,79.093788 11.022001,79.213150 9.865753,79.229462 
	C9.823614,79.126411 10.001963,78.993095 10.001963,78.993095 
z"/>
<path fill="#347EBD" opacity="1.000000" stroke="none" 
	d="
M115.332397,93.137833 
	C114.946480,93.556236 114.560562,93.974640 114.036240,94.643127 
	C113.897842,94.893211 113.927864,94.911606 113.550552,95.143951 
	C113.119705,102.583733 113.066170,109.791161 113.012634,116.998589 
	C113.012634,116.998589 112.851639,117.322472 112.416969,117.586075 
	C109.763115,117.849670 107.543930,117.849670 105.017776,117.849670 
	C105.017776,110.447113 105.052513,103.696785 105.002975,96.947067 
	C104.978554,93.619850 103.947815,91.321114 99.920288,92.726555 
	C98.540451,93.259041 97.160614,93.791527 95.448082,93.850937 
	C94.934883,89.380112 92.399376,88.584190 89.032272,88.665604 
	C89.024963,88.422264 89.011940,87.935524 89.011940,87.935524 
	C91.317360,88.192024 93.622780,88.448524 96.348244,88.745163 
	C96.768288,88.785301 97.031693,89.022232 97.092712,89.409988 
	C98.299858,90.206551 99.427429,90.900032 100.595230,90.976120 
	C106.441566,91.357109 106.961113,92.193329 106.293892,97.847313 
	C105.811089,101.938446 105.825790,106.139771 106.153023,110.249405 
	C106.282043,111.869751 107.862076,113.374550 108.781380,114.931961 
	C109.535049,113.416008 110.794472,111.950531 110.951714,110.375046 
	C111.523590,104.644798 111.726692,98.877739 112.349945,93.090912 
	C112.819061,93.040665 113.007072,93.024055 113.552032,93.014359 
	C114.383453,93.060127 114.857925,93.098976 115.332397,93.137833 
z"/>
<path fill="#E1F7FC" opacity="1.000000" stroke="none" 
	d="
M164.132172,107.011673 
	C164.177643,103.975136 164.223129,100.938591 164.196289,97.113480 
	C163.770706,95.524918 163.417419,94.724937 163.064133,93.924957 
	C163.064133,93.924957 163.054718,93.947990 163.070038,93.938583 
	C159.676407,86.207596 154.654572,84.584557 144.754120,88.328102 
	C144.754120,86.367424 144.754120,84.577393 144.852844,82.384018 
	C148.101654,86.446465 149.737564,86.357864 154.150909,82.042130 
	C156.377365,83.241859 158.719589,83.929886 160.193649,85.456291 
	C161.733185,87.050476 165.989609,86.829201 164.366364,90.865158 
	C165.330582,91.248802 166.294785,91.632446 167.632599,92.343735 
	C168.285034,93.448753 168.563858,94.226135 168.924484,95.451447 
	C168.979721,98.932785 168.953171,101.966187 168.703552,105.001244 
	C168.480499,105.002899 168.034378,105.006020 168.020844,104.687691 
	C167.853287,103.892410 167.699280,103.415451 167.545273,102.938499 
	C167.357986,102.976395 167.170700,103.014290 166.983414,103.052185 
	C166.983414,104.362656 166.983414,105.673126 166.626984,106.985504 
	C165.557755,106.995499 164.844971,107.003586 164.132172,107.011673 
z"/>
<path fill="#FA4C0A" opacity="1.000000" stroke="none" 
	d="
M8.105232,79.262527 
	C8.532817,79.236053 8.960402,79.209587 9.694975,79.088104 
	C10.001963,78.993095 9.823614,79.126411 10.078730,79.476425 
	C11.537207,80.177277 12.740567,80.528107 13.978230,81.203690 
	C14.337885,82.330116 14.663238,83.131775 14.966063,84.136749 
	C14.943536,84.340057 14.931712,84.747787 14.521973,84.800766 
	C12.735012,84.891396 11.357791,84.929054 9.895009,84.791824 
	C9.498259,84.745773 9.187068,84.874619 8.601980,85.315582 
	C8.195968,95.726257 8.063854,105.824799 7.541918,115.849113 
	C6.772115,115.099243 6.066158,114.426033 6.061111,113.747597 
	C5.986827,103.762329 5.935803,93.775284 6.089400,83.791893 
	C6.109047,82.514877 7.309808,81.256027 8.027694,79.812836 
	C8.091982,79.636902 8.105232,79.262527 8.105232,79.262527 
z"/>
<path fill="#F8FDFA" opacity="1.000000" stroke="none" 
	d="
M163.965515,107.343201 
	C164.844971,107.003586 165.557755,106.995499 166.739288,107.207779 
	C167.410156,107.706505 167.674911,107.898422 168.004654,108.251740 
	C168.006973,108.499580 168.005661,108.995270 167.647095,109.037674 
	C166.593521,109.982613 165.898483,110.885155 165.203461,111.787689 
	C166.131470,112.191269 167.059494,112.594849 167.992889,113.414833 
	C168.002838,115.218132 168.007416,116.605034 168.011978,117.991928 
	C165.482468,118.683334 162.986649,119.633759 160.410782,119.968803 
	C158.870758,120.169121 157.205383,119.405670 155.248611,119.017525 
	C158.954239,116.055359 162.752808,112.950203 163.965515,107.343201 
z"/>
<path fill="#DCF7FC" opacity="1.000000" stroke="none" 
	d="
M168.842697,95.003517 
	C168.563858,94.226135 168.285034,93.448753 168.006165,92.345772 
	C168.750183,89.708038 169.494263,87.395897 170.914856,85.020203 
	C172.061935,84.644394 172.532516,84.332138 173.003098,84.019882 
	C173.445633,84.019020 173.888168,84.018150 174.662506,84.024208 
	C176.760590,84.487877 178.512009,85.018105 180.297531,85.380028 
	C181.971130,85.719261 184.780792,85.391029 185.149582,86.220001 
	C185.960434,88.042671 185.545670,90.410568 185.300491,92.375893 
	C184.188034,86.970886 183.785858,86.885185 176.414856,90.372810 
	C173.443726,86.899849 170.654221,86.759094 169.453003,90.143234 
	C168.919525,91.646179 169.026459,93.376434 168.842697,95.003517 
z"/>
<path fill="#E1F7FC" opacity="1.000000" stroke="none" 
	d="
M99.943481,93.037041 
	C103.947815,91.321114 104.978554,93.619850 105.002975,96.947067 
	C105.052513,103.696785 105.017776,110.447113 105.017776,117.849670 
	C107.543930,117.849670 109.763115,117.849670 112.415421,117.766907 
	C111.800354,121.234787 108.464676,121.744263 106.308922,120.574295 
	C104.593102,119.643089 103.459839,116.380661 103.319763,114.077042 
	C103.062569,109.847603 104.162918,105.529015 103.842606,101.312515 
	C103.655090,98.844139 101.814987,96.501305 100.356979,94.035774 
	C99.985992,93.762207 99.976334,93.554863 99.943481,93.037041 
z"/>
<path fill="#E36A3C" opacity="1.000000" stroke="none" 
	d="
M14.837500,78.893394 
	C14.388335,75.857407 15.371809,74.359810 18.757952,74.641975 
	C22.474253,74.951653 26.223345,74.867828 30.347284,75.458496 
	C30.861790,81.114227 34.560871,78.688225 37.007362,78.918564 
	C38.023464,78.994415 39.039562,79.070267 40.437508,79.127686 
	C40.980583,80.460838 41.141808,81.812431 40.956963,83.557053 
	C40.442902,83.933365 40.274910,83.916656 40.078114,83.491333 
	C34.497299,80.696922 29.015795,78.123940 23.366671,75.995934 
	C20.012381,74.732376 17.363455,76.964386 14.837500,78.893394 
z"/>
<path fill="#E7FAFD" opacity="1.000000" stroke="none" 
	d="
M136.498779,75.083206 
	C136.890610,88.360382 136.910904,101.728569 136.848267,115.560860 
	C136.229904,115.500336 135.232803,114.980919 135.226822,114.450325 
	C135.090744,102.375832 135.036087,90.300049 135.063751,78.224739 
	C135.066086,77.207085 135.756516,76.191017 136.498779,75.083206 
z"/>
<path fill="#E1F7FC" opacity="1.000000" stroke="none" 
	d="
M101.982994,85.866905 
	C104.046104,83.163925 106.351120,82.730728 109.601715,84.146309 
	C112.181534,85.269783 115.217567,85.345657 118.439346,85.842010 
	C118.827652,85.797333 118.962440,85.957397 118.959351,86.197647 
	C118.956261,86.437904 118.804810,86.759521 118.448830,86.760620 
	C116.305214,87.798599 114.517578,88.835480 112.385483,89.883820 
	C108.688339,88.552483 105.335670,87.209694 101.982994,85.866905 
z"/>
<path fill="#E7FAFD" opacity="1.000000" stroke="none" 
	d="
M144.513702,115.348877 
	C147.649994,116.497543 150.449142,117.747314 153.630371,119.074997 
	C153.352615,119.754196 152.629456,120.930283 152.042969,120.865677 
	C147.414276,120.355721 142.811661,119.609024 138.097076,118.561676 
	C140.054276,117.275459 142.115402,116.362717 144.513702,115.348877 
z"/>
<path fill="#1F6CAE" opacity="1.000000" stroke="none" 
	d="
M176.462402,102.898132 
	C176.571198,105.635048 176.679993,108.371964 176.899002,111.553596 
	C176.908157,112.460213 176.807114,112.922112 176.505066,113.814888 
	C176.190353,114.504288 176.243774,114.729919 176.464325,114.922646 
	C176.529129,115.439774 176.593918,115.956909 176.464569,116.870255 
	C176.270401,117.266472 176.195496,117.482765 175.781952,117.658485 
	C173.578781,117.931297 171.789139,118.028389 169.999512,118.125481 
	C169.999512,118.125481 169.601776,117.964165 169.360809,117.565086 
	C169.177383,116.433609 169.234924,115.701218 169.648849,115.034348 
	C173.313278,116.657837 175.050812,115.739014 175.016815,111.952141 
	C174.990204,108.986687 174.993210,106.020691 175.058350,103.056587 
	C175.059738,102.993515 175.973984,102.950500 176.462402,102.898132 
z"/>
<path fill="#327EBE" opacity="1.000000" stroke="none" 
	d="
M101.657959,85.978386 
	C105.335670,87.209694 108.688339,88.552483 112.770546,89.922440 
	C114.273987,89.968758 115.047897,89.987915 115.970566,90.223396 
	C116.392647,90.652298 116.665970,90.864876 116.951691,91.304199 
	C116.964081,91.530945 117.017143,91.982010 117.017143,91.982010 
	C116.608650,92.281860 116.200157,92.581711 115.562027,93.009689 
	C114.857925,93.098976 114.383453,93.060127 113.393402,92.793396 
	C112.585999,92.363609 112.294182,92.161690 111.687424,91.805252 
	C107.807816,88.544151 103.711975,87.207977 99.001839,87.726479 
	C99.007339,87.515289 99.022491,87.093025 99.022491,87.093025 
	C99.201126,86.862953 99.424644,86.691315 99.832642,86.416878 
	C100.425804,86.200386 100.879372,86.145126 101.657959,85.978386 
z"/>
<path fill="#FEFEF2" opacity="1.000000" stroke="none" 
	d="
M68.987701,111.391357 
	C69.645012,111.181824 70.793434,111.255180 70.869980,111.580627 
	C71.379539,113.747177 71.659943,115.967613 72.021019,118.576019 
	C69.267891,120.487221 67.983543,119.372185 68.065536,116.528114 
	C68.111275,114.941536 68.660583,113.369461 68.987701,111.391357 
z"/>
<path fill="#E1F7FC" opacity="1.000000" stroke="none" 
	d="
M113.307098,116.702927 
	C113.066170,109.791161 113.119705,102.583733 113.545395,95.139969 
	C113.812225,102.071510 113.706894,109.239388 113.307098,116.702927 
z"/>
<path fill="#DCF7FC" opacity="1.000000" stroke="none" 
	d="
M170.090668,118.494987 
	C171.789139,118.028389 173.578781,117.931297 175.913956,117.727554 
	C176.459503,117.620911 176.750259,117.694054 176.750259,117.694054 
	C175.269867,122.063477 172.624527,119.895401 170.090668,118.494987 
z"/>
<path fill="#DCF7FC" opacity="1.000000" stroke="none" 
	d="
M169.292450,114.968819 
	C169.234924,115.701218 169.177383,116.433609 169.148544,117.533508 
	C168.983673,117.925468 168.790100,117.949921 168.304260,117.983147 
	C168.007416,116.605034 168.002838,115.218132 168.000702,113.014709 
	C168.003983,111.130539 168.004822,110.062904 168.005661,108.995270 
	C168.005661,108.995270 168.006973,108.499580 168.006744,107.876823 
	C168.015808,106.504715 168.025101,105.755371 168.034393,105.006020 
	C168.034378,105.006020 168.480499,105.002899 168.776428,105.450760 
	C169.145721,108.922020 169.219086,111.945419 169.292450,114.968819 
z"/>
<path fill="#E7FAFD" opacity="1.000000" stroke="none" 
	d="
M143.803452,73.816223 
	C142.004379,74.184479 140.005295,74.237068 137.581268,74.315536 
	C138.753357,69.828827 141.286545,72.493805 143.803452,73.816223 
z"/>
<path fill="#FDEFE0" opacity="1.000000" stroke="none" 
	d="
M36.892159,78.712723 
	C34.560871,78.688225 30.861790,81.114227 30.717136,75.539658 
	C32.222702,76.078163 33.747547,77.038521 35.630859,78.003891 
	C36.304741,78.091293 36.567284,78.257286 36.892159,78.712723 
z"/>
<path fill="#F8FDFA" opacity="1.000000" stroke="none" 
	d="
M172.996277,83.667824 
	C172.532516,84.332138 172.061935,84.644394 171.293549,84.966896 
	C171.299088,83.833214 171.602432,82.689293 171.905777,81.545364 
	C172.266998,82.135498 172.628220,82.725632 172.996277,83.667824 
z"/>
<path fill="#1878C9" opacity="1.000000" stroke="none" 
	d="
M176.697952,117.540009 
	C176.750259,117.694054 176.459503,117.620911 176.327499,117.551834 
	C176.195496,117.482765 176.270401,117.266472 176.321411,117.237869 
	C176.372406,117.209267 176.645645,117.385956 176.697952,117.540009 
z"/>
<path fill="#1878C9" opacity="1.000000" stroke="none" 
	d="
M176.560120,114.708160 
	C176.243774,114.729919 176.190353,114.504288 176.391495,114.152115 
	C176.478912,114.058464 176.655914,114.493668 176.560120,114.708160 
z"/>
<path fill="#E89674" opacity="1.000000" stroke="none" 
	d="
M7.837109,79.098114 
	C8.105232,79.262527 8.091982,79.636902 7.731280,79.698662 
	C7.187615,79.653236 7.004652,79.546059 6.821689,79.438873 
	C6.821689,79.438873 6.833514,79.086075 6.899226,78.922127 
	C7.166287,78.816696 7.367636,78.875206 7.837109,79.098114 
z"/>
<path fill="#1878C9" opacity="1.000000" stroke="none" 
	d="
M169.648834,115.034348 
	C169.219086,111.945419 169.145721,108.922020 168.999481,105.449104 
	C168.953171,101.966187 168.979721,98.932785 168.924484,95.451447 
	C169.026459,93.376434 168.919525,91.646179 169.453003,90.143234 
	C170.654221,86.759094 173.443726,86.899849 176.414856,90.372810 
	C183.785858,86.885185 184.188034,86.970886 185.040955,92.590607 
	C181.095520,94.914886 176.039276,95.888168 176.583923,102.511536 
	C175.973984,102.950500 175.059738,102.993515 175.058350,103.056587 
	C174.993210,106.020691 174.990204,108.986687 175.016815,111.952141 
	C175.050812,115.739014 173.313278,116.657837 169.648834,115.034348 
M170.884186,109.334961 
	C170.775757,109.209923 170.687149,109.042023 170.550186,108.978691 
	C170.485825,108.948929 170.230545,109.117775 170.228241,109.201218 
	C170.203918,110.082672 170.213181,110.965057 170.213181,111.847183 
	C170.430786,111.847939 170.648376,111.848701 170.865982,111.849457 
	C170.898911,111.206612 170.931839,110.563759 170.884186,109.334961 
z"/>
<path fill="#1868AA" opacity="1.000000" stroke="none" 
	d="
M196.993698,87.018913 
	C197.020020,87.185616 197.046326,87.352318 197.046951,88.222076 
	C196.661102,98.603302 196.300949,108.281471 195.940796,117.959641 
	C195.940781,117.959641 195.999390,117.998665 195.572449,117.981308 
	C193.774643,117.952156 192.403763,117.940346 191.032883,117.928535 
	C191.032883,117.928535 190.997574,117.995247 190.841843,117.589264 
	C190.686111,107.187103 190.686111,97.190933 190.686111,87.018913 
	C192.701843,87.018913 194.847763,87.018913 196.993698,87.018913 
M194.770172,115.052299 
	C195.179306,107.477821 195.696838,99.905891 195.874908,92.325981 
	C195.900177,91.250366 194.274979,90.135986 193.413681,89.039551 
	C192.606750,90.193207 191.142456,91.324417 191.102173,92.504234 
	C190.881332,98.974716 190.839737,105.465576 191.161957,111.928230 
	C191.225906,113.211212 193.144333,114.401733 194.770172,115.052299 
z"/>
<path fill="#CAEAFB" opacity="1.000000" stroke="none" 
	d="
M196.997864,86.639481 
	C194.847763,87.018913 192.701843,87.018913 190.686111,87.018913 
	C190.686111,97.190933 190.686111,107.187103 190.872879,117.568146 
	C190.247742,117.724533 189.435837,117.496048 188.337982,117.115051 
	C188.351700,107.408134 188.487701,97.842453 189.145142,88.312737 
	C189.233597,87.030663 191.808563,85.584076 193.508331,84.892105 
	C194.348099,84.550247 195.817505,85.755066 196.997864,86.639481 
z"/>
<path fill="#CAEAFB" opacity="1.000000" stroke="none" 
	d="
M189.512634,80.044128 
	C189.067184,78.286919 187.698959,75.691048 188.372070,74.950432 
	C189.695297,73.494514 192.234863,72.281151 194.114777,72.476082 
	C195.535034,72.623360 197.168823,74.937126 197.831696,76.629692 
	C198.251114,77.700653 197.061188,79.401886 196.279373,80.477837 
	C195.893463,78.531799 196.419327,76.284744 195.581024,75.505722 
	C194.740768,74.724907 192.100555,74.828102 191.057693,75.615112 
	C190.019684,76.398445 189.986435,78.513184 189.512634,80.044128 
z"/>
<path fill="#1574C5" opacity="1.000000" stroke="none" 
	d="
M189.814697,80.323555 
	C189.986435,78.513184 190.019684,76.398445 191.057693,75.615112 
	C192.100555,74.828102 194.740768,74.724907 195.581024,75.505722 
	C196.419327,76.284744 195.893463,78.531799 195.884506,80.505890 
	C193.907822,80.785355 192.012283,80.694168 189.814697,80.323555 
z"/>
<path fill="#CAEAFB" opacity="1.000000" stroke="none" 
	d="
M196.307098,117.917664 
	C196.300949,108.281471 196.661102,98.603302 197.116531,88.465469 
	C197.476166,90.715057 197.740540,93.424316 198.020966,96.569473 
	C198.034760,102.355652 198.032501,107.705940 198.059692,113.521881 
	C197.617249,115.283592 197.145325,116.579636 196.307098,117.917664 
z"/>
<path fill="#DD4D16" opacity="1.000000" stroke="none" 
	d="
M7.931740,115.923340 
	C8.063854,105.824799 8.195968,95.726257 8.678564,85.336052 
	C9.029048,85.044388 9.186530,85.062714 9.126245,85.334991 
	C9.252851,86.112091 9.439742,86.616928 9.631161,87.409668 
	C9.623489,88.081184 9.611292,88.464790 9.454062,88.982300 
	C9.276780,89.243752 9.185682,89.393791 9.224123,89.494286 
	C9.313141,89.726997 9.464831,89.935730 9.610620,90.547112 
	C9.608871,92.250877 9.587610,93.561714 9.398111,95.114090 
	C9.351548,96.280792 9.473226,97.205956 9.616240,98.449829 
	C9.738085,99.178650 9.838593,99.588745 9.939101,99.998848 
	C9.872409,103.024460 9.805717,106.050079 9.834014,109.519257 
	C9.929002,109.962822 9.790996,109.791527 9.530384,110.033798 
	C9.378801,110.895691 9.487830,111.515312 9.596859,112.134933 
	C9.610392,113.102760 9.623924,114.070595 9.380845,115.461731 
	C8.861294,116.039322 8.588886,116.174530 8.212395,116.199661 
	C8.117780,116.108643 7.931740,115.923340 7.931740,115.923340 
z"/>
<path fill="#DD4D16" opacity="1.000000" stroke="none" 
	d="
M6.415661,79.470886 
	C7.004652,79.546059 7.187615,79.653236 7.666992,79.874588 
	C7.309808,81.256027 6.109047,82.514877 6.089400,83.791893 
	C5.935803,93.775284 5.986827,103.762329 6.061111,113.747597 
	C6.066158,114.426033 6.772115,115.099243 7.541918,115.849113 
	C7.931740,115.923340 8.117780,116.108643 8.150898,116.579628 
	C8.185524,117.308716 8.187031,117.566818 8.188538,117.824921 
	C7.726220,117.819046 7.263903,117.813179 6.261122,117.560730 
	C5.370286,117.109123 5.019913,116.904099 4.669540,116.699066 
	C4.650674,109.502899 4.631807,102.306740 4.704696,94.306259 
	C4.739919,93.265335 4.683385,93.028717 4.626852,92.792107 
	C4.626831,90.888458 4.626811,88.984802 4.774286,86.251892 
	C4.818673,84.551247 4.715564,83.679848 4.612455,82.808456 
	C5.078181,81.706604 5.543907,80.604759 6.415661,79.470886 
z"/>
<path fill="#E89674" opacity="1.000000" stroke="none" 
	d="
M8.456174,117.899704 
	C8.187031,117.566818 8.185524,117.308716 8.245513,116.670639 
	C8.588886,116.174530 8.861294,116.039322 9.344994,115.823074 
	C9.285105,116.498909 9.004457,117.236702 8.456174,117.899704 
z"/>
<path fill="#E89674" opacity="1.000000" stroke="none" 
	d="
M4.434674,83.088135 
	C4.715564,83.679848 4.818673,84.551247 4.770341,85.844131 
	C4.618900,86.265625 4.265269,86.162460 4.097517,86.086143 
	C4.038807,85.129158 4.147850,84.248489 4.434674,83.088135 
z"/>
<path fill="#E89674" opacity="1.000000" stroke="none" 
	d="
M9.735410,111.769485 
	C9.487830,111.515312 9.378801,110.895691 9.432561,110.084076 
	C9.688219,110.396065 9.781090,110.900055 9.735410,111.769485 
z"/>
<path fill="#E89674" opacity="1.000000" stroke="none" 
	d="
M4.567100,116.934647 
	C5.019913,116.904099 5.370286,117.109123 5.914410,117.552750 
	C5.560327,117.584312 5.012493,117.377266 4.567100,116.934647 
z"/>
<path fill="#E89674" opacity="1.000000" stroke="none" 
	d="
M4.478890,92.938278 
	C4.683385,93.028717 4.739919,93.265335 4.690712,93.851425 
	C4.465649,93.962769 4.320262,93.733101 4.238932,93.482635 
	C4.202869,93.371574 4.296286,93.218468 4.478890,92.938278 
z"/>
<path fill="#CAEAFB" opacity="1.000000" stroke="none" 
	d="
M191.162811,118.239563 
	C192.403763,117.940346 193.774643,117.952156 195.556458,117.949928 
	C194.694458,120.310402 193.152878,120.641884 191.162811,118.239563 
z"/>
<path fill="#0472D0" opacity="1.000000" stroke="none" 
	d="
M89.039574,88.908951 
	C92.399376,88.584190 94.934883,89.380112 95.189476,93.775887 
	C95.263565,94.173927 95.204811,94.166649 94.825325,94.270264 
	C93.964806,96.174072 93.128578,97.962372 93.067879,99.776619 
	C92.868370,105.739998 92.950119,111.712799 92.923813,117.681976 
	C92.520706,117.743317 92.117599,117.804665 91.325722,117.428513 
	C90.297401,114.941605 89.168686,112.906891 89.106552,110.840126 
	C88.886978,103.535660 89.032478,96.220230 89.039574,88.908951 
z"/>
<path fill="#1F6CAE" opacity="1.000000" stroke="none" 
	d="
M93.346901,117.719925 
	C92.950119,111.712799 92.868370,105.739998 93.067879,99.776619 
	C93.128578,97.962372 93.964806,96.174072 94.831802,94.241638 
	C95.158028,100.568573 95.170563,107.029854 94.982658,113.485298 
	C94.940895,114.920044 94.192848,116.334221 93.346901,117.719925 
z"/>
<path fill="#1F6CAE" opacity="1.000000" stroke="none" 
	d="
M89.032272,88.665604 
	C89.032478,96.220230 88.886978,103.535660 89.106552,110.840126 
	C89.168686,112.906891 90.297401,114.941605 91.024170,117.358253 
	C88.878967,118.300606 87.627274,117.744057 87.685974,115.130165 
	C87.887421,106.160065 88.000069,97.187965 88.579254,88.076080 
	C89.011940,87.935524 89.024963,88.422264 89.032272,88.665604 
z"/>
<path fill="#377AB1" opacity="1.000000" stroke="none" 
	d="
M71.994278,79.545563 
	C69.520340,76.176476 66.599960,74.439705 62.192619,77.938370 
	C61.970329,78.466377 61.941929,78.924973 61.941929,78.924973 
	C61.740501,78.917229 61.539078,78.909477 61.039520,78.854691 
	C59.146755,75.965843 60.271420,74.319595 63.227768,74.283035 
	C70.576866,74.192184 72.812546,73.456024 71.994278,79.545563 
z"/>
<path fill="#2E78B9" opacity="1.000000" stroke="none" 
	d="
M77.394623,96.369644 
	C75.922836,91.897957 74.444283,87.022255 72.975731,81.742699 
	C74.453102,86.214447 75.920479,91.090034 77.394623,96.369644 
z"/>
<path fill="#2E78B9" opacity="1.000000" stroke="none" 
	d="
M80.078339,105.579002 
	C79.377022,103.902122 78.687523,101.847816 78.029755,99.363708 
	C78.737709,101.023132 79.413940,103.112350 80.078339,105.579002 
z"/>
<path fill="#347EBD" opacity="1.000000" stroke="none" 
	d="
M98.722458,87.122559 
	C99.022491,87.093025 99.007339,87.515289 98.747337,87.846802 
	C98.002121,88.459625 97.516907,88.740929 97.031693,89.022232 
	C97.031693,89.022232 96.768288,88.785301 96.640244,88.661224 
	C97.148949,88.075462 97.785690,87.613777 98.722458,87.122559 
z"/>
<path fill="#2E78B9" opacity="1.000000" stroke="none" 
	d="
M78.096039,98.654808 
	C77.771149,98.439911 77.465630,97.919830 77.260475,97.083321 
	C77.612358,97.294472 77.863884,97.822044 78.096039,98.654808 
z"/>
<path fill="#2E78B9" opacity="1.000000" stroke="none" 
	d="
M80.423668,106.664749 
	C80.192085,106.692802 80.080521,106.503098 80.048836,106.098610 
	C80.284332,106.047745 80.422661,106.235466 80.423668,106.664749 
z"/>
<path fill="#DAF1FC" opacity="1.000000" stroke="none" 
	d="
M70.725723,100.895050 
	C67.914658,101.672379 65.232185,102.067909 61.892529,102.560341 
	C61.308407,96.476234 64.333389,91.422913 65.281052,85.937447 
	C65.841194,85.876999 66.401329,85.816551 66.961472,85.756104 
	C68.259087,90.675156 69.556694,95.594208 70.725723,100.895050 
z"/>
<path fill="#0373D8" opacity="1.000000" stroke="none" 
	d="
M62.000168,79.303253 
	C61.941929,78.924973 61.970329,78.466377 61.984100,78.237152 
	C64.519005,78.311592 67.873024,76.722733 68.499458,79.914726 
	C66.481880,81.771339 64.885017,83.240807 63.313850,84.686630 
	C62.961357,83.281334 62.509884,81.481430 62.000168,79.303253 
z"/>
<path fill="#0373D8" opacity="1.000000" stroke="none" 
	d="
M69.477295,87.313889 
	C69.471680,86.552162 69.676964,86.012482 69.882256,85.472801 
	C70.158180,85.609093 70.434113,85.745392 70.710037,85.881691 
	C70.369423,86.433105 70.028809,86.984528 69.477295,87.313889 
z"/>
<path fill="#0373D8" opacity="1.000000" stroke="none" 
	d="
M70.554893,90.463417 
	C70.590149,90.521797 70.519638,90.405037 70.554893,90.463417 
z"/>
<path fill="#F94C07" opacity="1.000000" stroke="none" 
	d="
M14.647549,78.957565 
	C17.363455,76.964386 20.012381,74.732376 23.366671,75.995934 
	C29.015795,78.123940 34.497299,80.696922 40.036568,83.970032 
	C40.023830,94.697243 40.023830,104.537163 40.023830,114.377075 
	C39.339329,114.367859 38.654831,114.358635 37.970329,114.349411 
	C37.970329,106.128868 38.091789,97.905167 37.878544,89.690155 
	C37.829788,87.811859 36.626785,85.963516 35.688320,83.968719 
	C34.576721,84.137550 33.731815,84.439049 32.886913,84.740555 
	C32.886913,84.740555 32.839180,84.963760 32.931709,85.030304 
	C32.269943,85.024590 31.515650,84.952332 30.080521,84.582642 
	C26.626562,84.450157 23.853441,84.615128 21.080322,84.780090 
	C20.616806,84.812706 20.153292,84.845322 19.083424,84.591301 
	C17.314243,84.180931 16.151417,84.057182 14.988590,83.933441 
	C14.663238,83.131775 14.337885,82.330116 14.006196,80.916916 
	C14.026330,79.921806 14.052801,79.538231 14.079271,79.154663 
	C14.079271,79.154663 14.457598,79.021744 14.647549,78.957565 
z"/>
<path fill="#E66C3F" opacity="1.000000" stroke="none" 
	d="
M20.871584,103.004852 
	C20.899708,102.256104 20.927830,101.507347 20.946228,100.079834 
	C18.954096,98.962257 16.971689,98.523438 14.989283,98.084625 
	C14.951499,97.894669 14.913716,97.704704 14.864408,97.007690 
	C14.852885,96.500641 14.751958,96.031494 14.751957,96.031494 
	C16.224854,95.632103 17.697750,95.232719 19.914665,94.683792 
	C20.730417,93.362373 20.802151,92.190498 20.873882,91.018616 
	C21.616182,90.330482 22.358480,89.642349 23.100777,88.954216 
	C23.676126,89.774986 24.421000,90.526466 24.790815,91.431244 
	C25.514925,93.202835 26.029867,95.059914 26.805847,97.409966 
	C26.376049,98.526390 25.839706,100.664711 24.745800,102.464066 
	C24.149414,103.445061 22.607616,103.851303 21.261189,104.003586 
	C20.977312,103.328575 20.924448,103.166718 20.871584,103.004852 
z"/>
<path fill="#DD5E2F" opacity="1.000000" stroke="none" 
	d="
M19.233746,113.293274 
	C17.846941,112.641800 16.928715,111.993050 16.010490,111.344299 
	C16.922157,110.667305 17.792215,109.486496 18.753233,109.407135 
	C21.717356,109.162369 24.727209,109.201736 27.694256,109.441124 
	C28.490559,109.505379 29.197559,110.676491 29.945557,111.339478 
	C29.185146,111.979919 28.469402,113.096848 27.656113,113.173073 
	C25.024132,113.419769 22.356327,113.284271 19.233746,113.293274 
z"/>
<path fill="#FDEFE0" opacity="1.000000" stroke="none" 
	d="
M10.338226,99.914848 
	C9.838593,99.588745 9.738085,99.178650 9.758242,98.052734 
	C9.774722,96.515465 9.670536,95.694016 9.566351,94.872559 
	C9.587610,93.561714 9.608871,92.250877 9.711217,90.221146 
	C9.727899,89.284294 9.663496,89.066338 9.599094,88.848389 
	C9.611292,88.464790 9.623489,88.081184 9.787395,87.107544 
	C9.998616,86.068825 10.058130,85.620148 10.124701,85.092621 
	C10.131759,85.013763 9.980569,84.966705 9.980569,84.966705 
	C11.357791,84.929054 12.735012,84.891396 14.862274,84.909248 
	C16.081503,85.040810 16.550694,85.116859 17.019882,85.192909 
	C12.878161,85.891739 11.543472,88.312302 11.879627,92.438339 
	C12.076553,94.855446 11.155495,97.363632 10.338226,99.914848 
z"/>
<path fill="#FDEFE0" opacity="1.000000" stroke="none" 
	d="
M14.995703,98.448990 
	C16.971689,98.523438 18.954096,98.962257 20.884510,99.709167 
	C19.036758,98.900620 16.087744,103.369202 14.995703,98.448990 
z"/>
<path fill="#E36A3C" opacity="1.000000" stroke="none" 
	d="
M21.010334,84.874008 
	C23.853441,84.615128 26.626562,84.450157 29.704617,84.525009 
	C28.609007,84.864845 27.208462,84.964874 24.994308,85.056427 
	C23.111031,85.098648 22.041361,85.149361 20.971693,85.200073 
	C20.971693,85.200073 20.940344,84.967926 21.010334,84.874008 
z"/>
<path fill="#FDEFE0" opacity="1.000000" stroke="none" 
	d="
M20.635931,91.243240 
	C20.802151,92.190498 20.730417,93.362373 20.312569,94.618881 
	C20.110296,93.624954 20.254137,92.546410 20.635931,91.243240 
z"/>
<path fill="#E36A3C" opacity="1.000000" stroke="none" 
	d="
M17.351139,85.121727 
	C16.550694,85.116859 16.081503,85.040810 15.272013,84.856277 
	C14.931712,84.747787 14.943536,84.340057 14.966063,84.136749 
	C16.151417,84.057182 17.314243,84.180931 18.738384,84.535873 
	C18.560598,84.861565 18.121498,84.956055 17.351139,85.121727 
z"/>
<path fill="#FDEFE0" opacity="1.000000" stroke="none" 
	d="
M21.207375,85.416870 
	C22.041361,85.149361 23.111031,85.098648 24.576893,85.122299 
	C23.796410,85.342331 22.619732,85.488007 21.207375,85.416870 
z"/>
<path fill="#FDEFE0" opacity="1.000000" stroke="none" 
	d="
M14.618897,96.116165 
	C14.751958,96.031494 14.852885,96.500641 14.781023,96.729385 
	C14.370545,96.767914 14.296103,96.515480 14.618897,96.116165 
z"/>
<path fill="#FDEFE0" opacity="1.000000" stroke="none" 
	d="
M20.722271,103.108665 
	C20.924448,103.166718 20.977312,103.328575 21.006241,103.744705 
	C20.845854,103.736809 20.709404,103.474648 20.722271,103.108665 
z"/>
<path fill="#EDFAFC" opacity="1.000000" stroke="none" 
	d="
M157.044418,106.944847 
	C155.908615,108.541977 154.772827,110.139114 153.321686,111.894814 
	C145.487823,112.278122 144.680939,111.490593 144.712189,103.961151 
	C144.718399,102.464157 144.872070,100.949280 144.696823,99.473633 
	C144.239441,95.622101 145.376099,92.774803 149.549164,92.301796 
	C153.832443,91.816307 155.878632,94.516342 156.795898,98.302505 
	C157.029129,99.265175 157.051590,100.278908 157.294678,101.660583 
	C157.339569,102.794357 157.260712,103.536720 157.096710,104.959991 
	C157.022507,106.075546 157.033463,106.510193 157.044418,106.944847 
z"/>
<path fill="#0571CC" opacity="1.000000" stroke="none" 
	d="
M142.060287,82.728668 
	C145.735992,92.236366 142.158646,101.551514 142.858917,110.739807 
	C142.974976,112.262672 140.697220,113.967987 138.994705,116.323700 
	C138.481583,114.390869 138.023010,113.485695 138.036041,112.587341 
	C138.192123,101.823372 138.355087,91.058365 138.703293,80.299690 
	C138.748398,78.906036 139.844833,77.546417 140.454285,76.171028 
	C140.982956,77.545410 141.578552,78.899269 142.009109,80.303726 
	C142.195709,80.912376 142.042282,81.625282 142.060287,82.728668 
z"/>
<path fill="#327EBE" opacity="1.000000" stroke="none" 
	d="
M163.027588,94.274811 
	C163.417419,94.724937 163.770706,95.524918 164.093979,96.667053 
	C163.706329,96.214363 163.348679,95.419518 163.027588,94.274811 
z"/>
<path fill="#327EBE" opacity="1.000000" stroke="none" 
	d="
M157.261444,106.824783 
	C157.033463,106.510193 157.022507,106.075546 157.127441,105.333267 
	C157.321701,105.585342 157.400085,106.145027 157.261444,106.824783 
z"/>
<path fill="#256EAC" opacity="1.000000" stroke="none" 
	d="
M117.402260,92.058517 
	C117.017143,91.982010 116.964081,91.530945 117.372925,91.274734 
	C120.788765,91.130630 124.506020,90.162254 124.405815,95.169724 
	C124.302826,100.315903 123.910141,105.468422 124.097572,110.601624 
	C124.162361,112.375999 125.588020,114.100685 126.392059,115.848068 
	C127.255798,114.165634 128.775345,112.517052 128.864227,110.794632 
	C129.169708,104.874550 128.974518,98.928619 129.169708,92.998383 
	C129.369263,93.004211 129.768463,93.012665 129.768463,93.012665 
	C129.768463,101.100906 129.768463,109.189148 129.768463,117.610641 
	C127.567986,117.610641 125.506866,117.610641 122.682686,117.610641 
	C122.682686,111.026634 122.685501,104.466141 122.681488,97.905647 
	C122.679474,94.605331 122.065765,91.813400 117.402260,92.058517 
z"/>
<path fill="#327AB5" opacity="1.000000" stroke="none" 
	d="
M118.804810,86.759521 
	C118.804810,86.759521 118.956261,86.437904 119.028961,86.275757 
	C123.358803,85.889137 127.463638,85.984283 129.197968,91.402496 
	C129.147736,91.856369 128.936783,92.041832 128.690002,91.812119 
	C125.331261,90.104706 122.219292,88.626991 119.031898,87.051682 
	C118.956474,86.954086 118.804810,86.759521 118.804810,86.759521 
z"/>
<path fill="#327AB5" opacity="1.000000" stroke="none" 
	d="
M129.805511,92.764236 
	C129.768463,93.012665 129.369263,93.004211 129.163239,92.760696 
	C128.957214,92.517181 128.936783,92.041832 128.936783,92.041832 
	C128.936783,92.041832 129.147736,91.856369 129.251221,91.758675 
	C129.517319,91.945923 129.679947,92.230865 129.805511,92.764236 
z"/>
<path fill="#DA5721" opacity="1.000000" stroke="none" 
	d="
M35.955017,84.101387 
	C36.626785,85.963516 37.829788,87.811859 37.878544,89.690155 
	C38.091789,97.905167 37.970329,106.128868 37.970329,114.349411 
	C38.654831,114.358635 39.339329,114.367859 40.023830,114.377075 
	C40.023830,104.537163 40.023830,94.697243 40.065376,84.378632 
	C40.274910,83.916656 40.442902,83.933365 40.864094,83.959190 
	C41.117298,95.062820 41.117298,106.157326 41.117298,117.274513 
	C37.026985,118.826790 35.840145,117.337601 35.892609,113.559227 
	C36.019451,104.424423 35.913635,95.286385 35.922955,85.412010 
	C35.947872,84.483376 35.951447,84.292381 35.955017,84.101387 
z"/>
<path fill="#E36A3C" opacity="1.000000" stroke="none" 
	d="
M35.688320,83.968719 
	C35.951447,84.292381 35.947872,84.483376 35.908745,84.958817 
	C35.121109,85.144775 34.369022,85.046295 33.251923,84.844185 
	C33.731815,84.439049 34.576721,84.137550 35.688320,83.968719 
z"/>
<path fill="#E89674" opacity="1.000000" stroke="none" 
	d="
M13.664745,79.064545 
	C14.052801,79.538231 14.026330,79.921806 13.971893,80.592155 
	C12.740567,80.528107 11.537207,80.177277 10.120869,79.579483 
	C11.022001,79.213150 12.136111,79.093788 13.664745,79.064545 
z"/>
<path fill="#0571CD" opacity="1.000000" stroke="none" 
	d="
M97.092712,89.409988 
	C97.516907,88.740929 98.002121,88.459625 98.741837,88.057999 
	C103.711975,87.207977 107.807816,88.544151 111.696564,92.097046 
	C112.036697,92.737091 112.052765,92.930832 112.068840,93.124565 
	C111.726692,98.877739 111.523590,104.644798 110.951714,110.375046 
	C110.794472,111.950531 109.535049,113.416008 108.781380,114.931961 
	C107.862076,113.374550 106.282043,111.869751 106.153023,110.249405 
	C105.825790,106.139771 105.811089,101.938446 106.293892,97.847313 
	C106.961113,92.193329 106.441566,91.357109 100.595230,90.976120 
	C99.427429,90.900032 98.299858,90.206551 97.092712,89.409988 
z"/>
<path fill="#0772CC" opacity="1.000000" stroke="none" 
	d="
M112.349945,93.090912 
	C112.052765,92.930832 112.036697,92.737091 112.011490,92.251564 
	C112.294182,92.161690 112.585999,92.363609 113.036453,92.786484 
	C113.007072,93.024055 112.819061,93.040665 112.349945,93.090912 
z"/>
<path fill="#FFFFFF" opacity="1.000000" stroke="none" 
	d="
M168.020844,104.687691 
	C168.025101,105.755371 168.015808,106.504715 168.004425,107.628983 
	C167.674911,107.898422 167.410156,107.706505 167.095734,107.205872 
	C166.983414,105.673126 166.983414,104.362656 166.983414,103.052185 
	C167.170700,103.014290 167.357986,102.976395 167.545273,102.938499 
	C167.699280,103.415451 167.853287,103.892410 168.020844,104.687691 
z"/>
<path fill="#E36A3C" opacity="1.000000" stroke="none" 
	d="
M8.952463,85.023926 
	C9.187068,84.874619 9.498259,84.745773 9.895009,84.791824 
	C9.980569,84.966705 10.131759,85.013763 9.894114,85.046638 
	C9.656467,85.079514 9.186530,85.062714 9.186530,85.062714 
	C9.186530,85.062714 9.029048,85.044388 8.952463,85.023926 
z"/>
<path fill="#FFFFFF" opacity="1.000000" stroke="none" 
	d="
M167.647095,109.037674 
	C168.004822,110.062904 168.003983,111.130539 167.995331,112.598297 
	C167.059494,112.594849 166.131470,112.191269 165.203461,111.787689 
	C165.898483,110.885155 166.593521,109.982613 167.647095,109.037674 
z"/>
<path fill="#327AB5" opacity="1.000000" stroke="none" 
	d="
M115.821808,90.007072 
	C115.047897,89.987915 114.273987,89.968758 113.115005,89.910980 
	C114.517578,88.835480 116.305214,87.798599 118.448830,86.760620 
	C118.804810,86.759521 118.956474,86.954086 118.840591,87.296776 
	C117.757072,88.428665 116.789444,89.217873 115.821808,90.007072 
z"/>
<path fill="#0772CC" opacity="1.000000" stroke="none" 
	d="
M115.970566,90.223396 
	C116.789444,89.217873 117.757072,88.428665 118.916016,87.394371 
	C122.219292,88.626991 125.331261,90.104706 128.690002,91.812119 
	C128.936783,92.041832 128.957214,92.517181 128.963684,92.754868 
	C128.974518,98.928619 129.169708,104.874550 128.864227,110.794632 
	C128.775345,112.517052 127.255798,114.165634 126.392059,115.848068 
	C125.588020,114.100685 124.162361,112.375999 124.097572,110.601624 
	C123.910141,105.468422 124.302826,100.315903 124.405815,95.169724 
	C124.506020,90.162254 120.788765,91.130630 117.360535,91.047989 
	C116.665970,90.864876 116.392647,90.652298 115.970566,90.223396 
z"/>
<path fill="#1F6CAE" opacity="1.000000" stroke="none" 
	d="
M170.924469,109.627937 
	C170.931839,110.563759 170.898911,111.206612 170.865982,111.849457 
	C170.648376,111.848701 170.430786,111.847939 170.213181,111.847183 
	C170.213181,110.965057 170.203918,110.082672 170.228241,109.201218 
	C170.230545,109.117775 170.485825,108.948929 170.550186,108.978691 
	C170.687149,109.042023 170.775757,109.209923 170.924469,109.627937 
z"/>
<path fill="#0472CF" opacity="1.000000" stroke="none" 
	d="
M194.488876,115.343597 
	C193.144333,114.401733 191.225906,113.211212 191.161957,111.928230 
	C190.839737,105.465576 190.881332,98.974716 191.102173,92.504234 
	C191.142456,91.324417 192.606750,90.193207 193.413681,89.039551 
	C194.274979,90.135986 195.900177,91.250366 195.874908,92.325981 
	C195.696838,99.905891 195.179306,107.477821 194.488876,115.343597 
z"/>
<path fill="#E89674" opacity="1.000000" stroke="none" 
	d="
M9.398111,95.114090 
	C9.670536,95.694016 9.774722,96.515465 9.736905,97.734024 
	C9.473226,97.205956 9.351548,96.280792 9.398111,95.114090 
z"/>
<path fill="#E89674" opacity="1.000000" stroke="none" 
	d="
M9.126245,85.334991 
	C9.186530,85.062714 9.656467,85.079514 9.887055,85.125488 
	C10.058130,85.620148 9.998616,86.068825 9.782868,86.819626 
	C9.439742,86.616928 9.252851,86.112091 9.126245,85.334991 
z"/>
<path fill="#E89674" opacity="1.000000" stroke="none" 
	d="
M9.454062,88.982300 
	C9.663496,89.066338 9.727899,89.284294 9.691705,89.828217 
	C9.464831,89.935730 9.313141,89.726997 9.224123,89.494286 
	C9.185682,89.393791 9.276780,89.243752 9.454062,88.982300 
z"/>
</svg>