<svg version="1.1" id="Layer_1" xmlns="http://www.w3.org/2000/svg" xmlns:xlink="http://www.w3.org/1999/xlink" x="0px" y="0px"
	 width="100%" viewBox="0 0 1366 768" enable-background="new 0 0 1366 768" xml:space="preserve">
<path fill="#FFFFFF" opacity="1.000000" stroke="none" 
	d="
M1277.000000,769.000000 
	C851.383057,769.000000 426.266113,769.000000 1.074581,769.000000 
	C1.074581,513.079651 1.074581,257.159332 1.074581,1.119488 
	C456.333313,1.119488 911.666626,1.119488 1366.994385,1.119488 
	C1366.994385,257.067474 1366.994385,513.033752 1366.991455,769.000000 
	C1337.159058,769.000000 1307.329590,769.000000 1277.000000,769.000000 
M233.289139,303.810760 
	C225.595871,310.374115 216.985657,316.128204 210.360870,323.634521 
	C172.533859,366.494965 183.896774,435.140900 233.241623,464.346954 
	C273.616058,488.243713 323.306122,479.612335 353.769714,443.410767 
	C387.225830,403.653046 380.573303,341.294067 338.931702,310.412994 
	C305.695221,285.765137 270.384247,283.732147 233.289139,303.810760 
M503.861298,350.535187 
	C503.861298,376.951569 503.861298,403.367920 503.861298,429.878479 
	C507.608673,429.878479 510.720245,429.878479 514.662659,429.878479 
	C514.662659,406.569550 514.662659,383.491486 514.662659,360.413422 
	C515.075684,360.336975 515.488647,360.260529 515.901672,360.184082 
	C525.801636,376.169525 535.701599,392.154938 545.934814,408.678436 
	C556.398560,391.910339 566.337463,375.983215 576.276428,360.056091 
	C576.784485,360.253662 577.292603,360.451263 577.800659,360.648834 
	C577.800659,383.685516 577.800659,406.722198 577.800659,429.933380 
	C581.524048,429.933380 584.648499,429.933380 587.869873,429.933380 
	C587.869873,399.591797 587.869873,369.409760 587.869873,339.525452 
	C580.833069,337.383240 576.902710,339.954224 573.639404,346.050781 
	C568.461121,355.724762 562.282288,364.864532 556.495422,374.210846 
	C553.229675,379.485352 549.901123,384.720978 546.286255,390.474915 
	C536.762695,375.089935 527.650452,360.382690 518.552612,345.666595 
	C513.867126,338.087646 513.150696,337.772827 503.861542,339.675781 
	C503.861542,342.916351 503.861542,346.233856 503.861298,350.535187 
M1024.925293,341.196625 
	C1024.925293,370.659943 1024.925293,400.123230 1024.925293,429.791534 
	C1028.438232,429.791534 1031.654907,429.791534 1035.552246,429.791534 
	C1035.552246,405.852509 1035.552246,382.236206 1035.552246,357.178925 
	C1037.395264,359.535156 1038.354004,360.603790 1039.138794,361.787659 
	C1052.845581,382.461609 1066.549072,403.137756 1080.211182,423.841309 
	C1084.914185,430.968231 1086.074707,431.467682 1094.695068,429.429871 
	C1094.695068,399.366699 1094.695068,369.324188 1094.695068,339.306824 
	C1091.244507,339.306824 1088.177124,339.306824 1084.400879,339.306824 
	C1084.400879,363.233002 1084.400879,386.844635 1084.400879,410.456299 
	C1082.426636,409.386444 1081.438965,408.133606 1080.559692,406.808746 
	C1066.383057,385.448090 1052.234009,364.069122 1038.042969,342.718048 
	C1035.164185,338.386658 1030.064209,337.510284 1024.925293,341.196625 
M1166.812134,418.313354 
	C1181.890503,402.830841 1184.572388,376.449402 1172.915161,358.258057 
	C1168.376465,351.175476 1162.220459,346.051941 1154.447754,342.804138 
	C1139.407837,336.519867 1123.749634,339.791504 1108.343262,338.963959 
	C1108.343262,369.763031 1108.343262,399.807220 1108.343262,429.930084 
	C1119.141724,429.930084 1129.646973,430.410980 1140.086792,429.790588 
	C1149.912109,429.206696 1158.919800,425.702545 1166.812134,418.313354 
M792.327637,358.801605 
	C790.888000,348.156311 784.242920,340.223633 773.943298,339.489929 
	C761.558228,338.607635 749.062317,339.281281 736.437622,339.281281 
	C736.437622,369.483765 736.437622,399.532379 736.437622,429.822052 
	C739.799072,429.822052 742.880798,429.822052 746.420593,429.822052 
	C746.420593,424.487122 746.338135,419.352051 746.469910,414.222504 
	C746.510498,412.644104 746.612976,410.538055 747.583008,409.602448 
	C752.318054,405.035583 757.356201,400.782959 762.549194,396.187225 
	C768.868225,405.727051 774.804504,414.752655 780.808472,423.733002 
	C785.535889,430.803925 787.998535,431.644684 796.824036,429.353455 
	C788.045105,416.014465 779.296204,402.721069 770.395813,389.197479 
	C775.187866,384.946899 779.617554,380.945740 784.127014,377.036652 
	C789.440735,372.430267 792.600647,366.849640 792.327637,358.801605 
M811.684204,412.648193 
	C803.172607,400.057709 808.612610,385.937012 823.383423,382.587280 
	C826.107178,381.969543 828.998474,381.940033 831.815247,381.910767 
	C839.930786,381.826385 848.047668,381.880981 856.398315,381.880981 
	C856.398315,378.300323 856.398315,375.260437 856.398315,371.837982 
	C851.930725,371.837982 847.786560,371.908661 843.647217,371.799316 
	C842.213196,371.761475 840.160461,371.783661 839.463135,370.916168 
	C833.914551,364.013397 828.624207,356.903015 822.474915,348.833038 
	C836.322449,348.833038 848.698608,348.833038 861.037476,348.833038 
	C861.037476,345.259979 861.037476,342.229065 861.037476,339.377136 
	C841.603821,339.377136 822.601685,339.377136 802.828674,339.377136 
	C807.212036,345.146362 811.133301,350.286041 815.031067,355.443390 
	C818.976501,360.663635 822.898804,365.901367 827.139465,371.541351 
	C824.767761,372.015228 823.324646,372.291138 821.886963,372.592712 
	C806.667908,375.784698 797.177979,386.659637 797.150574,400.933228 
	C797.123108,415.250336 806.348328,427.164246 821.811707,428.999329 
	C835.385742,430.610229 849.302246,429.335815 863.090332,429.335815 
	C863.090332,426.561401 863.090332,423.492859 863.090332,420.131561 
	C851.743591,420.131561 840.757812,420.150909 829.772095,420.124420 
	C823.022522,420.108124 816.936340,418.329834 811.684204,412.648193 
M680.546143,428.961243 
	C694.739319,429.521301 708.932556,430.081360 723.058472,430.638733 
	C723.058472,426.466339 723.058472,423.507111 723.058472,420.146851 
	C712.683289,420.146851 702.555847,420.245667 692.432373,420.092285 
	C688.968933,420.039825 685.389771,419.801575 682.081482,418.872131 
	C673.574585,416.481903 668.184753,409.120758 668.298584,400.776489 
	C668.410156,392.597290 673.732971,385.444336 682.029480,383.147095 
	C685.495789,382.187347 689.245300,382.011200 692.875854,381.932373 
	C700.794006,381.760406 708.718445,381.879181 716.667236,381.879181 
	C716.667236,378.143616 716.667236,375.189362 716.667236,371.839020 
	C712.147034,371.839020 707.833008,371.930115 703.526855,371.786591 
	C702.134033,371.740173 700.181213,371.531799 699.472473,370.625214 
	C694.106873,363.761780 688.987122,356.706207 683.141296,348.836426 
	C696.549622,348.836426 708.765991,348.836426 720.991882,348.836426 
	C720.991882,345.306244 720.991882,342.268066 720.991882,339.352997 
	C701.893433,339.352997 683.208618,339.352997 663.754395,339.352997 
	C671.923462,350.349335 679.646179,360.744843 687.639221,371.504272 
	C674.831848,374.123413 669.113708,376.967590 664.375122,382.978027 
	C651.384460,399.455353 659.281738,423.613770 680.546143,428.961243 
M949.762390,396.000610 
	C945.332825,407.202209 940.903320,418.403778 936.266724,430.128937 
	C938.468567,430.128937 939.824280,429.929474 941.099915,430.164459 
	C945.893555,431.047668 948.225464,428.893494 949.623108,424.411133 
	C951.303345,419.022858 953.424805,413.738281 955.825439,408.629730 
	C956.523560,407.144226 958.809082,405.522736 960.404785,405.483063 
	C971.386536,405.209656 982.380493,405.460327 993.365479,405.261536 
	C996.442261,405.205872 997.803040,406.325012 998.756409,409.093109 
	C1000.706299,414.754333 1003.204468,420.232544 1005.023621,425.930817 
	C1006.152771,429.468109 1008.106628,430.623108 1011.583679,430.167969 
	C1013.310791,429.941925 1015.091858,430.128662 1017.312744,430.128662 
	C1016.660889,428.193024 1016.297791,426.947205 1015.827637,425.743134 
	C1005.054871,398.158081 994.174683,370.614197 983.602600,342.952484 
	C982.194397,339.268005 980.127808,338.977081 976.898804,338.883240 
	C973.442444,338.782806 971.650452,339.729492 970.340759,343.190613 
	C963.746399,360.617889 956.829102,377.922943 949.762390,396.000610 
M418.904968,430.128784 
	C423.897675,431.193970 426.394501,428.970184 427.820404,424.213959 
	C429.392487,418.970093 431.814789,413.987152 433.629303,408.807373 
	C434.537964,406.213440 435.903351,405.232971 438.720673,405.273773 
	C449.706696,405.432953 460.697968,405.441132 471.683624,405.269409 
	C474.544434,405.224701 475.843506,406.293488 476.721466,408.852173 
	C478.394867,413.729218 480.293091,418.530914 482.166351,423.337189 
	C485.193298,431.103485 486.529205,431.703308 495.228882,429.269440 
	C483.797943,399.970673 472.343201,370.700745 460.985168,341.393341 
	C459.436432,337.397125 456.236511,339.532410 453.754944,338.997742 
	C450.886780,338.379791 449.739838,339.984528 448.765564,342.479462 
	C437.751099,370.685547 426.627869,398.849182 415.551422,427.031097 
	C415.214722,427.887787 415.068909,428.819458 414.770721,429.958130 
	C416.175110,430.029327 417.155579,430.079041 418.904968,430.128784 
M601.944214,371.499268 
	C601.944214,390.921356 601.944214,410.343475 601.944214,429.757690 
	C605.664124,429.757690 608.871277,429.757690 612.175903,429.757690 
	C612.175903,424.725403 612.370361,420.055603 612.111877,415.411041 
	C611.919006,411.945374 613.039734,409.558350 615.679688,407.247681 
	C627.451660,396.943939 639.088379,386.483429 650.668213,375.963196 
	C657.204346,370.025055 659.192444,362.519775 656.737732,354.139221 
	C654.314026,345.864197 648.351624,340.254700 640.003662,339.642090 
	C627.488342,338.723663 614.855713,339.403229 601.944519,339.403229 
	C601.944519,349.887024 601.944519,360.193115 601.944214,371.499268 
M886.072327,340.404480 
	C877.672607,343.729370 872.747070,349.750977 872.447266,358.901398 
	C872.148438,368.024445 876.707581,374.251740 884.690186,378.421417 
	C894.578857,383.586731 904.340576,388.997314 914.109619,394.388000 
	C915.984741,395.422729 917.841370,396.651581 919.356567,398.145721 
	C922.890198,401.630341 924.594177,405.819092 923.184875,410.854706 
	C921.766663,415.921997 918.054443,418.579498 913.224060,419.606659 
	C910.492798,420.187469 907.597168,420.107971 904.774414,420.124695 
	C895.333801,420.180634 885.892761,420.145935 876.429688,420.145935 
	C876.429688,423.830353 876.429688,426.865784 876.429688,429.816956 
	C877.113647,429.961304 877.436523,430.088409 877.759705,430.089081 
	C888.256470,430.110565 898.753540,430.177246 909.249939,430.116180 
	C921.771667,430.043396 930.388977,423.775391 933.121765,412.901001 
	C935.896301,401.860687 931.081787,392.176025 919.898193,386.184113 
	C909.329285,380.521545 898.747009,374.881927 888.244751,369.097717 
	C883.320129,366.385468 881.432556,362.245544 882.514954,357.516113 
	C883.609436,352.734009 887.679016,349.351349 892.962708,348.997406 
	C895.285645,348.841827 897.625977,348.935883 899.958435,348.934479 
	C908.045959,348.929626 916.133484,348.932617 924.346313,348.932617 
	C924.346313,345.300232 924.346313,342.360107 924.346313,338.433746 
	C911.658691,339.006073 899.241150,339.566193 886.072327,340.404480 
z"/>
<path fill="#B99B65" opacity="1.000000" stroke="none" 
	d="
M233.601440,303.622070 
	C270.384247,283.732147 305.695221,285.765137 338.931702,310.412994 
	C380.573303,341.294067 387.225830,403.653046 353.769714,443.410767 
	C323.306122,479.612335 273.616058,488.243713 233.241623,464.346954 
	C183.896774,435.140900 172.533859,366.494965 210.360870,323.634521 
	C216.985657,316.128204 225.595871,310.374115 233.601440,303.622070 
M263.762665,302.070526 
	C229.604630,310.696564 207.281891,332.032745 199.715393,366.269196 
	C192.427567,399.244720 202.651367,427.750153 228.946716,449.293854 
	C251.047546,467.401031 276.587799,471.943146 304.188080,464.823212 
	C305.610107,464.456329 307.894135,463.220276 307.924713,462.325592 
	C308.211914,453.923218 308.095245,445.506989 308.095245,437.082275 
	C306.512390,436.925751 305.694397,436.775146 304.876221,436.774261 
	C287.882446,436.755615 270.886627,436.919128 253.895416,436.707489 
	C232.286087,436.438354 215.141830,420.285706 214.171280,399.627319 
	C213.170227,378.320038 228.345566,361.047577 250.311508,358.799652 
	C254.968643,358.323059 259.716217,358.730286 264.422119,358.730286 
	C264.539398,358.233887 264.656647,357.737518 264.773895,357.241119 
	C254.163147,346.512451 243.552383,335.783752 232.339447,324.446167 
	C254.972458,324.446167 276.208984,324.446167 297.417328,324.446167 
	C297.417328,328.043915 297.417328,331.245636 297.417328,334.882263 
	C284.246063,334.882263 271.508820,334.882263 257.482605,334.882263 
	C264.718658,342.206726 270.933472,348.840088 277.578217,355.010468 
	C279.522369,356.815826 282.679932,358.224701 285.297760,358.252167 
	C308.786591,358.498779 332.279053,358.396240 355.770477,358.396332 
	C357.365936,358.396332 358.961365,358.396362 360.741058,358.396362 
	C351.400269,323.674194 311.111877,292.159454 263.762665,302.070526 
M256.632202,369.006805 
	C252.682922,369.462097 248.592117,369.409851 244.809952,370.464417 
	C231.530518,374.167297 223.151855,387.713074 225.007019,401.854095 
	C226.727539,414.968750 238.585602,425.778839 252.247635,425.998413 
	C269.724487,426.279327 287.209137,426.087280 304.690338,426.056976 
	C305.779144,426.055115 306.867310,425.687439 307.836487,425.511597 
	C307.836487,406.602997 307.836487,388.049744 307.836487,369.006775 
	C290.827698,369.006775 274.214539,369.006775 256.632202,369.006805 
M358.938751,416.256042 
	C364.578705,402.930176 366.104584,389.023560 364.962952,374.700195 
	C364.636169,370.600189 363.378448,368.575134 358.607178,368.843750 
	C350.313599,369.310699 341.974701,368.973541 333.654816,368.973511 
	C328.893829,368.973511 324.132874,368.973511 319.383423,368.973511 
	C319.383423,399.140991 319.383423,428.566315 319.383423,458.891785 
	C337.866180,449.076874 350.592987,435.224060 358.938751,416.256042 
z"/>
<path fill="#17333B" opacity="1.000000" stroke="none" 
	d="
M503.861420,350.043274 
	C503.861542,346.233856 503.861542,342.916351 503.861542,339.675781 
	C513.150696,337.772827 513.867126,338.087646 518.552612,345.666595 
	C527.650452,360.382690 536.762695,375.089935 546.286255,390.474915 
	C549.901123,384.720978 553.229675,379.485352 556.495422,374.210846 
	C562.282288,364.864532 568.461121,355.724762 573.639404,346.050781 
	C576.902710,339.954224 580.833069,337.383240 587.869873,339.525452 
	C587.869873,369.409760 587.869873,399.591797 587.869873,429.933380 
	C584.648499,429.933380 581.524048,429.933380 577.800659,429.933380 
	C577.800659,406.722198 577.800659,383.685516 577.800659,360.648834 
	C577.292603,360.451263 576.784485,360.253662 576.276428,360.056091 
	C566.337463,375.983215 556.398560,391.910339 545.934814,408.678436 
	C535.701599,392.154938 525.801636,376.169525 515.901672,360.184082 
	C515.488647,360.260529 515.075684,360.336975 514.662659,360.413422 
	C514.662659,383.491486 514.662659,406.569550 514.662659,429.878479 
	C510.720245,429.878479 507.608673,429.878479 503.861298,429.878479 
	C503.861298,403.367920 503.861298,376.951569 503.861420,350.043274 
z"/>
<path fill="#18343C" opacity="1.000000" stroke="none" 
	d="
M1024.962891,340.758484 
	C1030.064209,337.510284 1035.164185,338.386658 1038.042969,342.718048 
	C1052.234009,364.069122 1066.383057,385.448090 1080.559692,406.808746 
	C1081.438965,408.133606 1082.426636,409.386444 1084.400879,410.456299 
	C1084.400879,386.844635 1084.400879,363.233002 1084.400879,339.306824 
	C1088.177124,339.306824 1091.244507,339.306824 1094.695068,339.306824 
	C1094.695068,369.324188 1094.695068,399.366699 1094.695068,429.429871 
	C1086.074707,431.467682 1084.914185,430.968231 1080.211182,423.841309 
	C1066.549072,403.137756 1052.845581,382.461609 1039.138794,361.787659 
	C1038.354004,360.603790 1037.395264,359.535156 1035.552246,357.178925 
	C1035.552246,382.236206 1035.552246,405.852509 1035.552246,429.791534 
	C1031.654907,429.791534 1028.438232,429.791534 1024.925293,429.791534 
	C1024.925293,400.123230 1024.925293,370.659943 1024.962891,340.758484 
z"/>
<path fill="#1B363E" opacity="1.000000" stroke="none" 
	d="
M1166.549561,418.548157 
	C1158.919800,425.702545 1149.912109,429.206696 1140.086792,429.790588 
	C1129.646973,430.410980 1119.141724,429.930084 1108.343262,429.930084 
	C1108.343262,399.807220 1108.343262,369.763031 1108.343262,338.963959 
	C1123.749634,339.791504 1139.407837,336.519867 1154.447754,342.804138 
	C1162.220459,346.051941 1168.376465,351.175476 1172.915161,358.258057 
	C1184.572388,376.449402 1181.890503,402.830841 1166.549561,418.548157 
M1131.450195,420.233307 
	C1145.609741,420.629395 1157.609619,416.459961 1164.381958,403.098755 
	C1170.823853,390.389313 1170.918945,377.133148 1163.564941,364.914734 
	C1160.488647,359.803650 1155.226440,355.341400 1149.953003,352.364624 
	C1140.289917,346.910065 1129.359497,349.002350 1118.878174,348.926727 
	C1118.878174,372.935059 1118.878174,396.340088 1118.878174,420.233521 
	C1122.898315,420.233521 1126.683472,420.233521 1131.450195,420.233307 
z"/>
<path fill="#1A363E" opacity="1.000000" stroke="none" 
	d="
M792.345337,359.219574 
	C792.600647,366.849640 789.440735,372.430267 784.127014,377.036652 
	C779.617554,380.945740 775.187866,384.946899 770.395813,389.197479 
	C779.296204,402.721069 788.045105,416.014465 796.824036,429.353455 
	C787.998535,431.644684 785.535889,430.803925 780.808472,423.733002 
	C774.804504,414.752655 768.868225,405.727051 762.549194,396.187225 
	C757.356201,400.782959 752.318054,405.035583 747.583008,409.602448 
	C746.612976,410.538055 746.510498,412.644104 746.469910,414.222504 
	C746.338135,419.352051 746.420593,424.487122 746.420593,429.822052 
	C742.880798,429.822052 739.799072,429.822052 736.437622,429.822052 
	C736.437622,399.532379 736.437622,369.483765 736.437622,339.281281 
	C749.062317,339.281281 761.558228,338.607635 773.943298,339.489929 
	C784.242920,340.223633 790.888000,348.156311 792.345337,359.219574 
M755.599915,389.105469 
	C762.990234,382.621307 770.431152,376.193481 777.749939,369.629578 
	C781.501831,366.264679 783.240295,361.990997 781.623413,357.017578 
	C780.174255,352.560120 776.872070,349.315704 772.243958,349.057037 
	C763.816528,348.585938 755.343811,348.923279 746.652344,348.923279 
	C746.652344,364.689636 746.652344,380.239227 746.652344,396.917938 
	C749.928223,394.063599 752.501160,391.821777 755.599915,389.105469 
z"/>
<path fill="#1A363D" opacity="1.000000" stroke="none" 
	d="
M811.924683,412.938507 
	C816.936340,418.329834 823.022522,420.108124 829.772095,420.124420 
	C840.757812,420.150909 851.743591,420.131561 863.090332,420.131561 
	C863.090332,423.492859 863.090332,426.561401 863.090332,429.335815 
	C849.302246,429.335815 835.385742,430.610229 821.811707,428.999329 
	C806.348328,427.164246 797.123108,415.250336 797.150574,400.933228 
	C797.177979,386.659637 806.667908,375.784698 821.886963,372.592712 
	C823.324646,372.291138 824.767761,372.015228 827.139465,371.541351 
	C822.898804,365.901367 818.976501,360.663635 815.031067,355.443390 
	C811.133301,350.286041 807.212036,345.146362 802.828674,339.377136 
	C822.601685,339.377136 841.603821,339.377136 861.037476,339.377136 
	C861.037476,342.229065 861.037476,345.259979 861.037476,348.833038 
	C848.698608,348.833038 836.322449,348.833038 822.474915,348.833038 
	C828.624207,356.903015 833.914551,364.013397 839.463135,370.916168 
	C840.160461,371.783661 842.213196,371.761475 843.647217,371.799316 
	C847.786560,371.908661 851.930725,371.837982 856.398315,371.837982 
	C856.398315,375.260437 856.398315,378.300323 856.398315,381.880981 
	C848.047668,381.880981 839.930786,381.826385 831.815247,381.910767 
	C828.998474,381.940033 826.107178,381.969543 823.383423,382.587280 
	C808.612610,385.937012 803.172607,400.057709 811.924683,412.938507 
z"/>
<path fill="#19353D" opacity="1.000000" stroke="none" 
	d="
M680.149902,428.868591 
	C659.281738,423.613770 651.384460,399.455353 664.375122,382.978027 
	C669.113708,376.967590 674.831848,374.123413 687.639221,371.504272 
	C679.646179,360.744843 671.923462,350.349335 663.754395,339.352997 
	C683.208618,339.352997 701.893433,339.352997 720.991882,339.352997 
	C720.991882,342.268066 720.991882,345.306244 720.991882,348.836426 
	C708.765991,348.836426 696.549622,348.836426 683.141296,348.836426 
	C688.987122,356.706207 694.106873,363.761780 699.472473,370.625214 
	C700.181213,371.531799 702.134033,371.740173 703.526855,371.786591 
	C707.833008,371.930115 712.147034,371.839020 716.667236,371.839020 
	C716.667236,375.189362 716.667236,378.143616 716.667236,381.879181 
	C708.718445,381.879181 700.794006,381.760406 692.875854,381.932373 
	C689.245300,382.011200 685.495789,382.187347 682.029480,383.147095 
	C673.732971,385.444336 668.410156,392.597290 668.298584,400.776489 
	C668.184753,409.120758 673.574585,416.481903 682.081482,418.872131 
	C685.389771,419.801575 688.968933,420.039825 692.432373,420.092285 
	C702.555847,420.245667 712.683289,420.146851 723.058472,420.146851 
	C723.058472,423.507111 723.058472,426.466339 723.058472,430.638733 
	C708.932556,430.081360 694.739319,429.521301 680.149902,428.868591 
z"/>
<path fill="#18343C" opacity="1.000000" stroke="none" 
	d="
M949.893799,395.635742 
	C956.829102,377.922943 963.746399,360.617889 970.340759,343.190613 
	C971.650452,339.729492 973.442444,338.782806 976.898804,338.883240 
	C980.127808,338.977081 982.194397,339.268005 983.602600,342.952484 
	C994.174683,370.614197 1005.054871,398.158081 1015.827637,425.743134 
	C1016.297791,426.947205 1016.660889,428.193024 1017.312744,430.128662 
	C1015.091858,430.128662 1013.310791,429.941925 1011.583679,430.167969 
	C1008.106628,430.623108 1006.152771,429.468109 1005.023621,425.930817 
	C1003.204468,420.232544 1000.706299,414.754333 998.756409,409.093109 
	C997.803040,406.325012 996.442261,405.205872 993.365479,405.261536 
	C982.380493,405.460327 971.386536,405.209656 960.404785,405.483063 
	C958.809082,405.522736 956.523560,407.144226 955.825439,408.629730 
	C953.424805,413.738281 951.303345,419.022858 949.623108,424.411133 
	C948.225464,428.893494 945.893555,431.047668 941.099915,430.164459 
	C939.824280,429.929474 938.468567,430.128937 936.266724,430.128937 
	C940.903320,418.403778 945.332825,407.202209 949.893799,395.635742 
M980.957092,363.518402 
	C979.803589,360.661804 978.650085,357.805206 976.944763,353.582031 
	C971.267578,368.235504 966.106262,381.557587 960.782654,395.298584 
	C971.894104,395.298584 982.248596,395.298584 993.261414,395.298584 
	C989.112183,384.605835 985.161499,374.424774 980.957092,363.518402 
z"/>
<path fill="#18343C" opacity="1.000000" stroke="none" 
	d="
M418.520508,430.128754 
	C417.155579,430.079041 416.175110,430.029327 414.770721,429.958130 
	C415.068909,428.819458 415.214722,427.887787 415.551422,427.031097 
	C426.627869,398.849182 437.751099,370.685547 448.765564,342.479462 
	C449.739838,339.984528 450.886780,338.379791 453.754944,338.997742 
	C456.236511,339.532410 459.436432,337.397125 460.985168,341.393341 
	C472.343201,370.700745 483.797943,399.970673 495.228882,429.269440 
	C486.529205,431.703308 485.193298,431.103485 482.166351,423.337189 
	C480.293091,418.530914 478.394867,413.729218 476.721466,408.852173 
	C475.843506,406.293488 474.544434,405.224701 471.683624,405.269409 
	C460.697968,405.441132 449.706696,405.432953 438.720673,405.273773 
	C435.903351,405.232971 434.537964,406.213440 433.629303,408.807373 
	C431.814789,413.987152 429.392487,418.970093 427.820404,424.213959 
	C426.394501,428.970184 423.897675,431.193970 418.520508,430.128754 
M452.515808,395.638184 
	C458.580627,395.638184 464.645416,395.638184 471.479828,395.638184 
	C465.968201,381.440460 460.808075,368.148254 455.647949,354.856049 
	C455.258759,354.887268 454.869537,354.918488 454.480347,354.949677 
	C449.324463,368.283081 444.168610,381.616486 438.746613,395.638092 
	C443.608521,395.638092 447.566681,395.638092 452.515808,395.638184 
z"/>
<path fill="#19353D" opacity="1.000000" stroke="none" 
	d="
M601.944336,370.999268 
	C601.944519,360.193115 601.944519,349.887024 601.944519,339.403229 
	C614.855713,339.403229 627.488342,338.723663 640.003662,339.642090 
	C648.351624,340.254700 654.314026,345.864197 656.737732,354.139221 
	C659.192444,362.519775 657.204346,370.025055 650.668213,375.963196 
	C639.088379,386.483429 627.451660,396.943939 615.679688,407.247681 
	C613.039734,409.558350 611.919006,411.945374 612.111877,415.411041 
	C612.370361,420.055603 612.175903,424.725403 612.175903,429.757690 
	C608.871277,429.757690 605.664124,429.757690 601.944214,429.757690 
	C601.944214,410.343475 601.944214,390.921356 601.944336,370.999268 
M612.149048,387.410522 
	C612.149048,390.279938 612.149048,393.149353 612.149048,397.333557 
	C623.668030,387.025177 634.171875,377.850067 644.383362,368.360382 
	C647.780212,365.203705 648.591125,360.798889 646.813660,356.354919 
	C645.070374,351.996399 641.679016,349.122589 637.016724,348.926697 
	C628.920044,348.586456 620.798828,348.832153 612.149048,348.832153 
	C612.149048,361.574799 612.149048,374.003510 612.149048,387.410522 
z"/>
<path fill="#1A363E" opacity="1.000000" stroke="none" 
	d="
M886.447998,340.265381 
	C899.241150,339.566193 911.658691,339.006073 924.346313,338.433746 
	C924.346313,342.360107 924.346313,345.300232 924.346313,348.932617 
	C916.133484,348.932617 908.045959,348.929626 899.958435,348.934479 
	C897.625977,348.935883 895.285645,348.841827 892.962708,348.997406 
	C887.679016,349.351349 883.609436,352.734009 882.514954,357.516113 
	C881.432556,362.245544 883.320129,366.385468 888.244751,369.097717 
	C898.747009,374.881927 909.329285,380.521545 919.898193,386.184113 
	C931.081787,392.176025 935.896301,401.860687 933.121765,412.901001 
	C930.388977,423.775391 921.771667,430.043396 909.249939,430.116180 
	C898.753540,430.177246 888.256470,430.110565 877.759705,430.089081 
	C877.436523,430.088409 877.113647,429.961304 876.429688,429.816956 
	C876.429688,426.865784 876.429688,423.830353 876.429688,420.145935 
	C885.892761,420.145935 895.333801,420.180634 904.774414,420.124695 
	C907.597168,420.107971 910.492798,420.187469 913.224060,419.606659 
	C918.054443,418.579498 921.766663,415.921997 923.184875,410.854706 
	C924.594177,405.819092 922.890198,401.630341 919.356567,398.145721 
	C917.841370,396.651581 915.984741,395.422729 914.109619,394.388000 
	C904.340576,388.997314 894.578857,383.586731 884.690186,378.421417 
	C876.707581,374.251740 872.148438,368.024445 872.447266,358.901398 
	C872.747070,349.750977 877.672607,343.729370 886.447998,340.265381 
z"/>
<path fill="#FEFDFC" opacity="1.000000" stroke="none" 
	d="
M264.182678,302.011841 
	C311.111877,292.159454 351.400269,323.674194 360.741058,358.396362 
	C358.961365,358.396362 357.365936,358.396332 355.770477,358.396332 
	C332.279053,358.396240 308.786591,358.498779 285.297760,358.252167 
	C282.679932,358.224701 279.522369,356.815826 277.578217,355.010468 
	C270.933472,348.840088 264.718658,342.206726 257.482605,334.882263 
	C271.508820,334.882263 284.246063,334.882263 297.417328,334.882263 
	C297.417328,331.245636 297.417328,328.043915 297.417328,324.446167 
	C276.208984,324.446167 254.972458,324.446167 232.339447,324.446167 
	C243.552383,335.783752 254.163147,346.512451 264.773895,357.241119 
	C264.656647,357.737518 264.539398,358.233887 264.422119,358.730286 
	C259.716217,358.730286 254.968643,358.323059 250.311508,358.799652 
	C228.345566,361.047577 213.170227,378.320038 214.171280,399.627319 
	C215.141830,420.285706 232.286087,436.438354 253.895416,436.707489 
	C270.886627,436.919128 287.882446,436.755615 304.876221,436.774261 
	C305.694397,436.775146 306.512390,436.925751 308.095245,437.082275 
	C308.095245,445.506989 308.211914,453.923218 307.924713,462.325592 
	C307.894135,463.220276 305.610107,464.456329 304.188080,464.823212 
	C276.587799,471.943146 251.047546,467.401031 228.946716,449.293854 
	C202.651367,427.750153 192.427567,399.244720 199.715393,366.269196 
	C207.281891,332.032745 229.604630,310.696564 264.182678,302.011841 
z"/>
<path fill="#FEFEFE" opacity="1.000000" stroke="none" 
	d="
M257.116791,369.006775 
	C274.214539,369.006775 290.827698,369.006775 307.836487,369.006775 
	C307.836487,388.049744 307.836487,406.602997 307.836487,425.511597 
	C306.867310,425.687439 305.779144,426.055115 304.690338,426.056976 
	C287.209137,426.087280 269.724487,426.279327 252.247635,425.998413 
	C238.585602,425.778839 226.727539,414.968750 225.007019,401.854095 
	C223.151855,387.713074 231.530518,374.167297 244.809952,370.464417 
	C248.592117,369.409851 252.682922,369.462097 257.116791,369.006775 
z"/>
<path fill="#FEFEFD" opacity="1.000000" stroke="none" 
	d="
M358.795959,416.609680 
	C350.592987,435.224060 337.866180,449.076874 319.383423,458.891785 
	C319.383423,428.566315 319.383423,399.140991 319.383423,368.973511 
	C324.132874,368.973511 328.893829,368.973511 333.654816,368.973511 
	C341.974701,368.973541 350.313599,369.310699 358.607178,368.843750 
	C363.378448,368.575134 364.636169,370.600189 364.962952,374.700195 
	C366.104584,389.023560 364.578705,402.930176 358.795959,416.609680 
z"/>
<path fill="#FDFDFE" opacity="1.000000" stroke="none" 
	d="
M1130.959473,420.233398 
	C1126.683472,420.233521 1122.898315,420.233521 1118.878174,420.233521 
	C1118.878174,396.340088 1118.878174,372.935059 1118.878174,348.926727 
	C1129.359497,349.002350 1140.289917,346.910065 1149.953003,352.364624 
	C1155.226440,355.341400 1160.488647,359.803650 1163.564941,364.914734 
	C1170.918945,377.133148 1170.823853,390.389313 1164.381958,403.098755 
	C1157.609619,416.459961 1145.609741,420.629395 1130.959473,420.233398 
z"/>
<path fill="#F8F9F9" opacity="1.000000" stroke="none" 
	d="
M755.337036,389.342712 
	C752.501160,391.821777 749.928223,394.063599 746.652344,396.917938 
	C746.652344,380.239227 746.652344,364.689636 746.652344,348.923279 
	C755.343811,348.923279 763.816528,348.585938 772.243958,349.057037 
	C776.872070,349.315704 780.174255,352.560120 781.623413,357.017578 
	C783.240295,361.990997 781.501831,366.264679 777.749939,369.629578 
	C770.431152,376.193481 762.990234,382.621307 755.337036,389.342712 
z"/>
<path fill="#F4F6F6" opacity="1.000000" stroke="none" 
	d="
M981.083984,363.881042 
	C985.161499,374.424774 989.112183,384.605835 993.261414,395.298584 
	C982.248596,395.298584 971.894104,395.298584 960.782654,395.298584 
	C966.106262,381.557587 971.267578,368.235504 976.944763,353.582031 
	C978.650085,357.805206 979.803589,360.661804 981.083984,363.881042 
z"/>
<path fill="#F4F6F6" opacity="1.000000" stroke="none" 
	d="
M452.020325,395.638123 
	C447.566681,395.638092 443.608521,395.638092 438.746613,395.638092 
	C444.168610,381.616486 449.324463,368.283081 454.480347,354.949677 
	C454.869537,354.918488 455.258759,354.887268 455.647949,354.856049 
	C460.808075,368.148254 465.968201,381.440460 471.479828,395.638184 
	C464.645416,395.638184 458.580627,395.638184 452.020325,395.638123 
z"/>
<path fill="#FAFAFA" opacity="1.000000" stroke="none" 
	d="
M612.149048,386.921387 
	C612.149048,374.003510 612.149048,361.574799 612.149048,348.832153 
	C620.798828,348.832153 628.920044,348.586456 637.016724,348.926697 
	C641.679016,349.122589 645.070374,351.996399 646.813660,356.354919 
	C648.591125,360.798889 647.780212,365.203705 644.383362,368.360382 
	C634.171875,377.850067 623.668030,387.025177 612.149048,397.333557 
	C612.149048,393.149353 612.149048,390.279938 612.149048,386.921387 
z"/>
</svg>