<svg version="1.1" id="Layer_1" xmlns="http://www.w3.org/2000/svg" xmlns:xlink="http://www.w3.org/1999/xlink" x="0px" y="0px"
	 width="100%" viewBox="0 0 255 200" enable-background="new 0 0 255 200" xml:space="preserve">
<path fill="#FFFFFE" opacity="1.000000" stroke="none" 
	d="
M159.000000,201.000000 
	C106.000000,201.000000 53.500008,201.000000 1.000007,201.000000 
	C1.000005,134.333344 1.000005,67.666679 1.000002,1.000016 
	C85.999992,1.000011 170.999985,1.000011 255.999969,1.000005 
	C255.999985,67.666649 255.999985,134.333298 256.000000,200.999969 
	C223.833328,201.000000 191.666672,201.000000 159.000000,201.000000 
M58.319401,99.372459 
	C57.604034,101.338913 56.888664,103.305367 56.200321,105.197540 
	C56.714958,106.324158 57.336720,107.685287 57.096378,109.103119 
	C56.281036,109.002510 55.467705,108.837868 54.650009,108.812210 
	C50.811752,108.691750 48.708279,110.506004 48.875534,114.416382 
	C49.022385,117.849648 51.308540,119.573669 54.424114,119.355789 
	C58.264961,119.087219 59.727402,116.424911 59.138214,112.734100 
	C58.936600,111.471123 58.355938,110.268661 58.694614,108.770836 
	C62.177353,108.765717 65.390747,107.893356 64.373932,103.610680 
	C63.741379,100.946434 61.620602,98.635529 60.168877,96.168129 
	C59.455975,96.810318 58.743073,97.452507 57.400394,97.695290 
	C56.743851,94.504044 54.774162,92.892601 51.865406,94.583885 
	C50.755577,95.229187 49.851749,98.325668 50.456608,99.416336 
	C52.050610,102.290604 54.591824,102.075058 56.874771,99.716080 
	C57.204517,99.375359 57.642551,99.139435 58.319401,99.372459 
M37.820423,93.988129 
	C38.648441,93.945244 39.810841,94.236008 40.245396,93.800514 
	C41.939659,92.102585 43.403309,90.174553 44.952728,88.332100 
	C43.030704,86.887833 41.221836,84.465294 39.160332,84.226837 
	C36.008221,83.862221 34.788322,86.595543 34.936966,89.650009 
	C34.993347,90.808617 35.088238,91.965355 34.728199,93.758827 
	C34.497253,95.365654 33.552940,97.432518 34.216961,98.462196 
	C35.036373,99.732826 37.193565,100.140739 38.772667,100.921448 
	C39.425636,99.576271 40.846054,98.000229 40.529160,96.946808 
	C40.167229,95.743668 38.258987,95.005692 37.820423,93.988129 
M101.314339,116.921730 
	C98.818901,116.549126 96.323471,116.176521 93.294243,115.724213 
	C93.294243,120.401154 93.119324,124.200859 93.360367,127.973984 
	C93.503151,130.209137 94.302620,132.402359 94.806801,134.614426 
	C95.711800,132.627808 96.616798,130.641174 97.427063,128.862534 
	C99.249962,130.690018 101.515762,132.961502 103.781563,135.233002 
	C104.214142,134.811172 104.646713,134.389328 105.079292,133.967484 
	C103.663498,131.822845 102.247711,129.678192 100.801826,127.487976 
	C103.489937,124.174858 105.875710,121.025681 101.314339,116.921730 
M167.108353,115.951027 
	C164.659821,115.951027 162.211288,115.951027 159.484039,115.951027 
	C159.484039,122.367012 159.484039,128.248062 159.484039,134.874680 
	C163.172424,134.611038 166.525070,134.371399 169.877716,134.131760 
	C169.826935,133.680420 169.776138,133.229095 169.725357,132.777756 
	C162.276123,129.864975 162.276123,129.864975 163.133698,126.409882 
	C165.360535,125.959892 167.538361,125.519806 169.763184,125.070221 
	C168.477997,120.905029 161.659775,125.880470 162.682846,119.183556 
	C164.565277,119.078911 166.479919,119.335945 168.132248,118.793709 
	C170.492310,118.019241 170.530930,116.789848 167.108353,115.951027 
M113.840675,126.251266 
	C114.395088,119.252281 116.988533,117.681564 125.339195,119.517464 
	C125.226669,115.095604 121.933586,115.592506 119.378654,115.743172 
	C114.488228,116.031570 110.542305,120.722672 110.662285,125.642845 
	C110.778069,130.391251 114.693977,134.640503 119.521141,134.829208 
	C122.125175,134.931015 125.346886,135.246170 125.417595,130.866180 
	C118.522842,133.036850 116.641167,132.381042 113.840675,126.251266 
M85.358704,129.861618 
	C83.214958,125.053894 81.071213,120.246178 78.603363,114.711601 
	C75.349007,121.719421 72.470734,127.917397 69.592461,134.115372 
	C70.072693,134.407410 70.552925,134.699463 71.033157,134.991501 
	C75.417351,132.099899 75.388985,126.152069 78.412727,122.308098 
	C81.975510,125.763000 81.101540,132.418167 86.053902,134.832443 
	C86.443832,134.570755 86.833755,134.309082 87.223686,134.047394 
	C86.730095,132.853088 86.236504,131.658783 85.358704,129.861618 
M179.289246,127.002731 
	C179.986252,124.723412 180.020660,121.292130 181.529510,120.424240 
	C184.036728,118.982094 187.490692,119.185936 190.825470,118.651733 
	C190.308502,114.895638 186.999878,115.485527 184.206772,115.831451 
	C179.358170,116.431961 175.675293,121.314644 176.067062,126.181725 
	C176.448715,130.923416 180.550735,134.771271 185.380035,134.917709 
	C188.847641,135.022842 190.022369,134.136765 190.447189,130.888947 
	C185.964676,132.669312 181.933762,132.872696 179.289246,127.002731 
M228.236710,133.069153 
	C225.709183,127.439888 223.181656,121.810631 220.271255,115.328621 
	C217.013687,122.343460 214.204681,128.392380 211.395676,134.441299 
	C217.686462,132.967270 216.509827,126.083069 220.559082,122.825493 
	C222.104248,126.326241 223.501022,129.696121 225.074493,132.981369 
	C226.072830,135.065781 226.190735,135.009308 228.236710,133.069153 
M73.671486,99.122925 
	C75.981796,98.982910 79.246864,99.706039 80.355522,98.479698 
	C81.677216,97.017685 82.094650,93.426460 81.200851,91.583611 
	C79.890572,88.882042 76.656685,88.046425 73.895767,90.076057 
	C70.654518,92.458801 70.285065,95.484779 73.671486,99.122925 
M202.370483,115.963470 
	C200.239212,116.134438 198.107956,116.305397 195.976685,116.476364 
	C195.935608,116.922401 195.894516,117.368431 195.853424,117.814468 
	C197.197433,118.434921 198.541458,119.055367 200.168243,119.806351 
	C200.168243,123.674232 200.057373,127.659081 200.245789,131.629715 
	C200.293198,132.629028 201.299240,133.582855 201.864746,134.557587 
	C202.337128,133.643265 203.183792,132.742477 203.217392,131.812302 
	C203.366318,127.688202 203.281876,123.555672 203.281876,119.500519 
	C204.917465,118.945168 206.315872,118.470352 207.714279,117.995529 
	C207.690765,117.501968 207.667267,117.008408 207.643768,116.514847 
	C206.178314,116.330978 204.712875,116.147110 202.370483,115.963470 
M148.959473,126.488747 
	C148.959473,124.190857 148.959473,121.892975 148.959473,119.738670 
	C150.604904,118.932831 151.953796,118.272224 153.302689,117.611618 
	C153.168457,117.238388 153.034225,116.865158 152.899994,116.491928 
	C149.226410,116.491928 145.552841,116.491928 141.879257,116.491928 
	C141.762848,116.925423 141.646423,117.358925 141.530014,117.792419 
	C142.939011,118.392700 144.348022,118.992981 146.390961,119.863350 
	C146.390961,124.559830 146.390961,129.522156 146.390961,134.484467 
	C147.077499,134.534058 147.764053,134.583649 148.450592,134.633240 
	C148.620209,132.230591 148.789825,129.827957 148.959473,126.488747 
M39.828751,82.623459 
	C42.150887,81.887474 44.473026,81.151489 46.795162,80.415512 
	C46.908455,79.743027 47.021748,79.070549 47.135040,78.398071 
	C44.556019,76.781357 42.094101,74.869881 39.311916,73.764526 
	C38.653526,73.502953 35.763508,76.143570 35.925827,77.108337 
	C36.242905,78.992928 37.989159,80.637062 39.828751,82.623459 
M132.473511,124.544571 
	C132.472717,127.182152 132.365891,129.826675 132.537811,132.452957 
	C132.587357,133.209595 133.439743,133.913666 133.924026,134.641846 
	C134.531631,134.025803 135.648605,133.423798 135.666031,132.791473 
	C135.802307,127.850342 135.791092,122.901443 135.641464,117.960526 
	C135.621552,117.302666 134.568649,116.676094 133.994110,116.035034 
	C133.491699,116.742050 132.647400,117.407471 132.555344,118.164398 
	C132.337936,119.951752 132.478546,121.782646 132.473511,124.544571 
M71.975670,77.706718 
	C68.876701,79.170586 66.836037,81.339981 69.367409,84.574799 
	C70.317749,85.789230 73.002678,86.719460 74.365822,86.247063 
	C75.838425,85.736755 77.949471,82.771706 77.566353,82.044197 
	C76.587555,80.185486 74.376564,78.975655 71.975670,77.706718 
M63.709980,117.578079 
	C65.369972,116.390083 67.029961,115.202095 68.689949,114.014107 
	C67.703018,112.675865 66.967064,110.741371 65.650169,110.187080 
	C64.586800,109.739494 61.573425,110.988655 61.584801,111.429367 
	C61.635441,113.391808 62.462406,115.334221 63.709980,117.578079 
M47.905083,67.272896 
	C47.446686,68.972397 46.690495,70.678215 46.726372,72.367218 
	C46.736092,72.824699 49.363564,73.855095 50.385948,73.490578 
	C51.467117,73.105110 52.973869,70.683510 52.717133,70.343895 
	C51.698109,68.995918 50.062351,68.114189 47.905083,67.272896 
M58.800659,89.284378 
	C57.581474,88.283272 56.463997,87.049774 55.073090,86.441055 
	C54.716026,86.284782 53.073910,87.994461 52.814629,89.042892 
	C52.626423,89.803932 53.898991,91.743607 54.252647,91.679588 
	C55.773243,91.404335 57.194946,90.582741 58.800659,89.284378 
M33.473965,91.493134 
	C33.473965,91.493134 33.513115,91.491554 33.473965,91.493134 
z"/>
<path fill="#838486" opacity="1.000000" stroke="none" 
	d="
M101.661438,117.129646 
	C105.875710,121.025681 103.489937,124.174858 100.801826,127.487976 
	C102.247711,129.678192 103.663498,131.822845 105.079292,133.967484 
	C104.646713,134.389328 104.214142,134.811172 103.781563,135.233002 
	C101.515762,132.961502 99.249962,130.690018 97.427063,128.862534 
	C96.616798,130.641174 95.711800,132.627808 94.806808,134.614426 
	C94.302620,132.402359 93.503151,130.209137 93.360367,127.973984 
	C93.119324,124.200859 93.294243,120.401154 93.294243,115.724213 
	C96.323471,116.176521 98.818901,116.549126 101.661438,117.129646 
z"/>
<path fill="#848587" opacity="1.000000" stroke="none" 
	d="
M167.545441,115.962334 
	C170.530930,116.789848 170.492310,118.019241 168.132248,118.793709 
	C166.479919,119.335945 164.565277,119.078911 162.682846,119.183556 
	C161.659775,125.880470 168.477997,120.905029 169.763184,125.070221 
	C167.538361,125.519806 165.360535,125.959892 163.133698,126.409882 
	C162.276123,129.864975 162.276123,129.864975 169.725357,132.777756 
	C169.776138,133.229095 169.826935,133.680420 169.877716,134.131760 
	C166.525070,134.371399 163.172424,134.611038 159.484039,134.874680 
	C159.484039,128.248062 159.484039,122.367012 159.484039,115.951027 
	C162.211288,115.951027 164.659821,115.951027 167.545441,115.962334 
z"/>
<path fill="#797A7D" opacity="1.000000" stroke="none" 
	d="
M113.899979,126.657730 
	C116.641167,132.381042 118.522842,133.036850 125.417595,130.866180 
	C125.346886,135.246170 122.125175,134.931015 119.521141,134.829208 
	C114.693977,134.640503 110.778069,130.391251 110.662285,125.642845 
	C110.542305,120.722672 114.488228,116.031570 119.378654,115.743172 
	C121.933586,115.592506 125.226669,115.095604 125.339195,119.517464 
	C116.988533,117.681564 114.395088,119.252281 113.899979,126.657730 
z"/>
<path fill="#7D7E80" opacity="1.000000" stroke="none" 
	d="
M85.550804,130.163055 
	C86.236504,131.658783 86.730095,132.853088 87.223686,134.047394 
	C86.833755,134.309082 86.443832,134.570755 86.053902,134.832443 
	C81.101540,132.418167 81.975510,125.763000 78.412727,122.308098 
	C75.388985,126.152069 75.417351,132.099899 71.033157,134.991501 
	C70.552925,134.699463 70.072693,134.407410 69.592461,134.115372 
	C72.470734,127.917397 75.349007,121.719421 78.603363,114.711601 
	C81.071213,120.246178 83.214958,125.053894 85.550804,130.163055 
z"/>
<path fill="#7D7E80" opacity="1.000000" stroke="none" 
	d="
M179.432678,127.364838 
	C181.933762,132.872696 185.964676,132.669312 190.447189,130.888947 
	C190.022369,134.136765 188.847641,135.022842 185.380035,134.917709 
	C180.550735,134.771271 176.448715,130.923416 176.067062,126.181725 
	C175.675293,121.314644 179.358170,116.431961 184.206772,115.831451 
	C186.999878,115.485527 190.308502,114.895638 190.825470,118.651733 
	C187.490692,119.185936 184.036728,118.982094 181.529510,120.424240 
	C180.020660,121.292130 179.986252,124.723412 179.432678,127.364838 
z"/>
<path fill="#797A7D" opacity="1.000000" stroke="none" 
	d="
M228.389557,133.399719 
	C226.190735,135.009308 226.072830,135.065781 225.074493,132.981369 
	C223.501022,129.696121 222.104248,126.326241 220.559082,122.825493 
	C216.509827,126.083069 217.686462,132.967270 211.395676,134.441299 
	C214.204681,128.392380 217.013687,122.343460 220.271255,115.328621 
	C223.181656,121.810631 225.709183,127.439888 228.389557,133.399719 
z"/>
<path fill="#FBB34B" opacity="1.000000" stroke="none" 
	d="
M73.375443,98.876175 
	C70.285065,95.484779 70.654518,92.458801 73.895767,90.076057 
	C76.656685,88.046425 79.890572,88.882042 81.200851,91.583611 
	C82.094650,93.426460 81.677216,97.017685 80.355522,98.479698 
	C79.246864,99.706039 75.981796,98.982910 73.375443,98.876175 
z"/>
<path fill="#808183" opacity="1.000000" stroke="none" 
	d="
M202.808960,115.963356 
	C204.712875,116.147110 206.178314,116.330978 207.643768,116.514847 
	C207.667267,117.008408 207.690765,117.501968 207.714279,117.995529 
	C206.315872,118.470352 204.917465,118.945168 203.281876,119.500519 
	C203.281876,123.555672 203.366318,127.688202 203.217392,131.812302 
	C203.183792,132.742477 202.337128,133.643265 201.864746,134.557587 
	C201.299240,133.582855 200.293198,132.629028 200.245789,131.629715 
	C200.057373,127.659081 200.168243,123.674232 200.168243,119.806351 
	C198.541458,119.055367 197.197433,118.434921 195.853424,117.814468 
	C195.894516,117.368431 195.935608,116.922401 195.976685,116.476364 
	C198.107956,116.305397 200.239212,116.134438 202.808960,115.963356 
z"/>
<path fill="#FBB044" opacity="1.000000" stroke="none" 
	d="
M57.948456,109.038551 
	C58.355938,110.268661 58.936600,111.471123 59.138214,112.734100 
	C59.727402,116.424911 58.264961,119.087219 54.424114,119.355789 
	C51.308540,119.573669 49.022385,117.849648 48.875534,114.416382 
	C48.708279,110.506004 50.811752,108.691750 54.650009,108.812210 
	C55.467705,108.837868 56.281036,109.002510 57.545364,109.050438 
	C57.994350,108.997757 57.948456,109.038551 57.948456,109.038551 
z"/>
<path fill="#FDE17B" opacity="1.000000" stroke="none" 
	d="
M35.165581,93.122940 
	C35.088238,91.965355 34.993347,90.808617 34.936966,89.650009 
	C34.788322,86.595543 36.008221,83.862221 39.160332,84.226837 
	C41.221836,84.465294 43.030704,86.887833 44.952728,88.332100 
	C43.403309,90.174553 41.939659,92.102585 40.245396,93.800514 
	C39.810841,94.236008 38.648441,93.945244 37.169621,93.950958 
	C36.067738,93.650169 35.616657,93.386551 35.165581,93.122940 
z"/>
<path fill="#797A7D" opacity="1.000000" stroke="none" 
	d="
M148.959457,126.957031 
	C148.789825,129.827957 148.620209,132.230591 148.450592,134.633240 
	C147.764053,134.583649 147.077499,134.534058 146.390961,134.484467 
	C146.390961,129.522156 146.390961,124.559830 146.390961,119.863350 
	C144.348022,118.992981 142.939011,118.392700 141.530014,117.792419 
	C141.646423,117.358925 141.762848,116.925423 141.879257,116.491928 
	C145.552841,116.491928 149.226410,116.491928 152.899994,116.491928 
	C153.034225,116.865158 153.168457,117.238388 153.302689,117.611618 
	C151.953796,118.272224 150.604904,118.932831 148.959473,119.738670 
	C148.959473,121.892975 148.959473,124.190857 148.959457,126.957031 
z"/>
<path fill="#FDE17B" opacity="1.000000" stroke="none" 
	d="
M39.486229,82.502106 
	C37.989159,80.637062 36.242905,78.992928 35.925827,77.108337 
	C35.763508,76.143570 38.653526,73.502953 39.311916,73.764526 
	C42.094101,74.869881 44.556019,76.781357 47.135040,78.398071 
	C47.021748,79.070549 46.908455,79.743027 46.795162,80.415512 
	C44.473026,81.151489 42.150887,81.887474 39.486229,82.502106 
z"/>
<path fill="#88898C" opacity="1.000000" stroke="none" 
	d="
M132.473938,124.070251 
	C132.478546,121.782646 132.337936,119.951752 132.555344,118.164398 
	C132.647400,117.407471 133.491699,116.742050 133.994110,116.035034 
	C134.568649,116.676094 135.621552,117.302666 135.641464,117.960526 
	C135.791092,122.901443 135.802307,127.850342 135.666031,132.791473 
	C135.648605,133.423798 134.531631,134.025803 133.924026,134.641846 
	C133.439743,133.913666 132.587357,133.209595 132.537811,132.452957 
	C132.365891,129.826675 132.472717,127.182152 132.473938,124.070251 
z"/>
<path fill="#FDE280" opacity="1.000000" stroke="none" 
	d="
M72.317070,77.606491 
	C74.376564,78.975655 76.587555,80.185486 77.566353,82.044197 
	C77.949471,82.771706 75.838425,85.736755 74.365822,86.247063 
	C73.002678,86.719460 70.317749,85.789230 69.367409,84.574799 
	C66.836037,81.339981 68.876701,79.170586 72.317070,77.606491 
z"/>
<path fill="#FDE280" opacity="1.000000" stroke="none" 
	d="
M58.030167,98.094688 
	C58.743073,97.452507 59.455975,96.810318 60.168312,96.167084 
	C61.620602,98.635529 63.741379,100.946434 64.373932,103.610680 
	C65.390747,107.893356 62.177353,108.765717 58.321533,108.904694 
	C57.948456,109.038551 57.994350,108.997757 57.976418,109.022087 
	C57.336720,107.685287 56.714958,106.324158 56.200321,105.197540 
	C56.888664,103.305367 57.604034,101.338913 58.158531,98.923820 
	C57.997665,98.475182 58.030167,98.094688 58.030167,98.094688 
z"/>
<path fill="#F26530" opacity="1.000000" stroke="none" 
	d="
M63.359383,117.430969 
	C62.462406,115.334221 61.635441,113.391808 61.584801,111.429367 
	C61.573425,110.988655 64.586800,109.739494 65.650169,110.187080 
	C66.967064,110.741371 67.703018,112.675865 68.689949,114.014107 
	C67.029961,115.202095 65.369972,116.390083 63.359383,117.430969 
z"/>
<path fill="#F15F29" opacity="1.000000" stroke="none" 
	d="
M57.715279,97.894989 
	C58.030167,98.094688 57.997665,98.475182 58.014069,98.665100 
	C57.642551,99.139435 57.204517,99.375359 56.874771,99.716080 
	C54.591824,102.075058 52.050610,102.290604 50.456608,99.416336 
	C49.851749,98.325668 50.755577,95.229187 51.865406,94.583885 
	C54.774162,92.892601 56.743851,94.504044 57.715279,97.894989 
z"/>
<path fill="#F26530" opacity="1.000000" stroke="none" 
	d="
M34.946892,93.440880 
	C35.616657,93.386551 36.067738,93.650169 36.770752,93.989685 
	C38.258987,95.005692 40.167229,95.743668 40.529160,96.946808 
	C40.846054,98.000229 39.425636,99.576271 38.772667,100.921448 
	C37.193565,100.140739 35.036373,99.732826 34.216961,98.462196 
	C33.552940,97.432518 34.497253,95.365654 34.946892,93.440880 
z"/>
<path fill="#FBB34B" opacity="1.000000" stroke="none" 
	d="
M48.280098,67.166290 
	C50.062351,68.114189 51.698109,68.995918 52.717133,70.343895 
	C52.973869,70.683510 51.467117,73.105110 50.385948,73.490578 
	C49.363564,73.855095 46.736092,72.824699 46.726372,72.367218 
	C46.690495,70.678215 47.446686,68.972397 48.280098,67.166290 
z"/>
<path fill="#FBB34B" opacity="1.000000" stroke="none" 
	d="
M58.726662,89.622269 
	C57.194946,90.582741 55.773243,91.404335 54.252647,91.679588 
	C53.898991,91.743607 52.626423,89.803932 52.814629,89.042892 
	C53.073910,87.994461 54.716026,86.284782 55.073090,86.441055 
	C56.463997,87.049774 57.581474,88.283272 58.726662,89.622269 
z"/>
<path fill="#F26530" opacity="1.000000" stroke="none" 
	d="
M33.493538,91.492340 
	C33.513115,91.491554 33.473965,91.493134 33.493538,91.492340 
z"/>
</svg>