<svg width="399" height="82" viewBox="0 0 399 82" fill="none" xmlns="http://www.w3.org/2000/svg">
<path d="M247.92 12.84V28.67C244.48 24.09 236.82 22.88 231.6 25.55C225.81 28.38 223.45 34.89 223.49 41.1C223.53 47.31 225.8 53.84 231.6 56.62C236.95 59.33 245.06 57.91 248.6 52.75L249.46 57.28H253.24V12.84H247.92ZM247.92 41.1C247.92 45.35 246.61 50.1 242.63 52.23C240.42 53.54 236.16 53.71 233.9 52.23C227.09 48.11 227.08 34.04 233.9 29.93C236.15 28.46 240.42 28.64 242.63 29.93C246.61 32.1 247.92 36.85 247.92 41.1Z" fill="#231F20"/>
<path d="M286.56 35.6C284.65 26 275 21.42 266.31 25.6C257.06 30.47 256.19 45.01 261.75 52.89C265.93 59.05 277.36 59.53 282.44 54.89C284.44 53.08 285.97 50.55 286.96 46.66H281.53C281.025 48.4243 280.074 50.0291 278.77 51.32C276.77 53.45 271.48 53.9 268.77 52.23C267.634 51.5497 266.645 50.649 265.861 49.5808C265.078 48.5126 264.517 47.2985 264.21 46.01C263.94 44.9753 263.769 43.9172 263.7 42.85H287.12C287.276 40.419 287.087 37.9782 286.56 35.6ZM263.82 38.13C265.51 25.9 280.42 25.66 281.77 38.13H263.82Z" fill="#231F20"/>
<path d="M316.77 44.2199C315.651 42.1372 313.809 40.5363 311.59 39.72C309.754 39.1268 307.888 38.6294 306 38.23C303.2 37.38 297.85 37.1499 297.66 33.3399C297.66 28.8699 303.66 28.34 306.86 29.24C308.026 29.486 309.079 30.1088 309.856 31.0124C310.633 31.916 311.091 33.0501 311.16 34.2399H316.55C316.08 24.1499 303.89 21.8199 296.42 26.1899C295.028 27.008 293.9 28.2092 293.171 29.6503C292.443 31.0914 292.144 32.7117 292.31 34.3179C292.477 35.9242 293.102 37.4487 294.11 38.7097C295.119 39.9706 296.469 40.9149 298 41.4299C301.48 42.6599 305.25 43.2399 308.56 44.2399C312.76 45.3499 313.68 49.9299 309.81 52.1299C306.59 53.8999 301.72 53.7299 298.97 51.5699C298.246 50.9773 297.659 50.2354 297.248 49.3949C296.837 48.5544 296.613 47.6351 296.59 46.6999H291.21C291.59 50.6999 293.05 53.5899 295.32 55.3199C303.29 61.4799 322 57.0799 316.77 44.2199Z" fill="#231F20"/>
<path d="M397.78 31.62C395.91 22.3 381.15 21.93 376.78 28.89L376 24.81H371.94V57.28H377.29V38.61C377.37 34.9 378.93 31.17 382.4 29.61C386.29 27.88 391.97 29.05 392.65 33.84C393.31 35.84 392.87 54.84 392.99 57.27H398.34C398.15 53.41 398.84 35 397.78 31.62Z" fill="#231F20"/>
<path d="M126.37 29.38C124.37 25.21 119.66 24.09 115.37 24.12C110.51 24.12 105.56 25.64 103.37 30.2C102.786 31.4643 102.411 32.8153 102.26 34.2H107.64C108 30.2 111.32 28.89 114.87 28.85C122.61 28.91 122.11 32.47 122.04 38.09H116.04C109.51 38.09 106.68 39.37 106.57 39.42C104.964 40.0443 103.551 41.0787 102.47 42.42C100.69 44.55 100.34 49.87 101.75 52.61C104.07 57.85 111.07 58.61 116 57.51C118.731 56.8062 121.117 55.141 122.72 52.82L123.63 57.25H127.4V34.75C127.491 32.9034 127.137 31.062 126.37 29.38ZM122.12 42.82C122.12 44.57 122.12 46.71 121.34 48.18C119.21 52.77 112.24 54.97 108.08 51.84C105.37 49.73 105.76 44.93 109.17 43.66C110.123 43.2637 111.139 43.037 112.17 42.99C114.41 42.78 119.35 42.83 122.12 42.82Z" fill="#231F20"/>
<path d="M142.32 26.12C140.838 27.1323 139.596 28.4566 138.68 30L137.81 24.78H134V57.28H139.35V39.7C139.313 38.326 139.553 36.9586 140.055 35.6789C140.556 34.3992 141.31 33.2332 142.27 32.25C144.79 30.01 146.71 29.34 150.71 29.55V24.17C147.771 23.8168 144.802 24.5069 142.32 26.12Z" fill="#231F20"/>
<path d="M218.07 34.5801C214.9 23.4101 199.85 20.4201 192.48 29.2001C184.34 39.2001 189.08 58.3801 203.81 57.9901C216.19 58.2301 221.49 45.0001 218.07 34.5801ZM213.71 41.0801C213.91 48.9601 207.54 56.0801 199.54 52.2601C192 47.9001 192 34.2601 199.54 29.8901C207.54 26.0001 213.91 33.2001 213.71 41.0801Z" fill="#231F20"/>
<path d="M172.9 55.59L162.82 54.75C160.82 54.6 159.32 53.27 159.34 51.65C159.378 51.0843 159.581 50.5422 159.924 50.0907C160.267 49.6393 160.735 49.2983 161.27 49.11C163.706 50.2903 166.395 50.8535 169.1 50.75C177.63 50.75 183.27 45.54 183.27 37.48C183.27 31.79 180.27 29.17 180.27 29.17L184.73 28.46V24.65H173.6C163.32 22.3 154.38 27.2 154.42 37.37C154.321 40.6369 155.448 43.8227 157.58 46.3C153.19 49.21 152.76 55.39 157.31 58.1C156.089 59.124 155.101 60.3967 154.411 61.8332C153.721 63.2697 153.346 64.8368 153.31 66.43C153.31 71.74 156.07 78.27 170 78.27C176.83 78.27 181.66 76.94 184.33 74.21C186.26 72.21 187.11 69.68 187.01 66.15C186.84 60.12 182 56.46 172.9 55.59ZM159.9 37.48C159.9 30.19 164.85 28.84 169.06 28.9C176.33 28.9 177.86 33.61 177.86 37.56C177.86 43.14 174.86 45.96 169.06 45.96C161.78 46.22 159.74 41.46 159.86 37.48H159.9ZM180.63 70.71C178.93 72.59 175.36 73.55 169.86 73.55C162.09 73.55 158.59 70.92 158.59 66.02C158.635 64.7036 159.005 63.4189 159.666 62.2797C160.327 61.1406 161.26 60.1823 162.38 59.49C169.46 60.25 181.84 59.39 181.85 66.38C181.971 67.1499 181.92 67.937 181.702 68.6854C181.485 69.4337 181.105 70.1249 180.59 70.71H180.63Z" fill="#231F20"/>
<path d="M354.56 55.59L344.49 54.75C342.49 54.6 340.99 53.27 341 51.65C341.042 51.0854 341.246 50.545 341.589 50.0943C341.932 49.6435 342.397 49.3016 342.93 49.11C345.366 50.2891 348.055 50.8522 350.76 50.75C359.29 50.75 364.93 45.54 364.93 37.48C364.93 31.79 361.93 29.17 361.93 29.17L366.4 28.46V24.65H355.26C344.98 22.3 336.05 27.2 336.08 37.37C335.985 40.6361 337.112 43.8202 339.24 46.3C334.85 49.21 334.43 55.39 338.98 58.1C337.76 59.1244 336.771 60.3972 336.082 61.8336C335.392 63.27 335.016 64.837 334.98 66.43C334.98 71.74 337.75 78.27 351.67 78.27C358.5 78.27 363.33 76.94 366 74.21C367.93 72.21 368.78 69.68 368.68 66.15C368.5 60.12 363.62 56.46 354.56 55.59ZM341.56 37.48C341.56 30.19 346.56 28.84 350.72 28.9C357.99 28.9 359.51 33.61 359.51 37.56C359.51 43.14 356.51 45.96 350.72 45.96C343.45 46.22 341.41 41.46 341.53 37.48H341.56ZM362.28 70.71C360.58 72.59 357.01 73.55 351.52 73.55C343.74 73.55 340.24 70.92 340.24 66.02C340.282 64.7064 340.647 63.4235 341.303 62.2845C341.959 61.1456 342.885 60.1858 344 59.49C351.08 60.25 363.47 59.39 363.47 66.38C363.596 67.147 363.552 67.9323 363.341 68.6805C363.13 69.4287 362.758 70.1215 362.25 70.71H362.28Z" fill="#231F20"/>
<path d="M328.92 24.8101H323.57V57.2801H328.92V24.8101Z" fill="#231F20"/>
<path d="M326.24 14C325.413 14.046 324.635 14.4069 324.066 15.0085C323.497 15.6101 323.18 16.4068 323.18 17.235C323.18 18.0632 323.497 18.8599 324.066 19.4615C324.635 20.0631 325.413 20.424 326.24 20.47C327.067 20.424 327.845 20.0631 328.414 19.4615C328.983 18.8599 329.3 18.0632 329.3 17.235C329.3 16.4068 328.983 15.6101 328.414 15.0085C327.845 14.4069 327.067 14.046 326.24 14Z" fill="#231F20"/>
<path d="M42.5599 48.73C46.4199 48.73 49.4399 50.73 48.1699 56.33C47.6644 57.9763 47.0566 59.5894 46.3499 61.16C45.1354 63.9382 44.3886 66.8981 44.1399 69.92C43.8099 76.79 48.6199 82.3299 55.3499 81.5699C59.3499 81.3399 63.4699 78.3599 63.3499 73.4599C63.3355 72.2293 63.0607 71.0156 62.5436 69.8988C62.0266 68.7819 61.279 67.7872 60.3499 66.9799C60.2151 66.8617 60.0485 66.7854 59.8709 66.7605C59.6932 66.7356 59.5121 66.7632 59.3499 66.84C59.3499 66.84 58.8499 67.14 59.2199 67.84C62.0299 72 60.0099 77.2099 55.4999 77.5399C50.7599 77.8599 48.0099 71.9699 50.5599 67.0999C51.4225 65.6688 52.4276 64.3287 53.5599 63.0999C56.2499 59.5099 57.6499 56.24 57.7499 52.18C57.718 51.0436 57.5841 49.9124 57.3499 48.8C57.9019 48.778 58.4525 48.8687 58.9682 49.0664C59.484 49.2641 59.9541 49.5647 60.3499 49.9499C61.0899 50.5199 61.6199 53.36 61.6199 53.36C62.3267 56.3598 63.6932 59.1645 65.6199 61.57C69.1999 66.22 76.5199 66.97 80.2099 62.69C84.6099 57.9 81.4799 49.29 74.6099 49.54C74.6099 49.54 73.9999 49.54 73.8699 50.05C73.8699 50.05 73.6999 50.56 74.3699 50.83C78.7299 51.93 80.2799 56.9099 77.6299 59.7799C76.1499 61.4099 73.0999 62.2499 70.2499 59.2399C68.0699 56.8599 67.7299 54 67.8299 51C67.9499 44.76 66.0699 39.9999 60.2799 39.2099C61.1499 37.7499 62.8299 37.2099 65.6499 37.9899C66.794 38.4493 67.8759 39.0507 68.8699 39.7799C70.7076 40.9526 72.7393 41.7889 74.8699 42.25C79.4599 43.17 84.7499 39.63 84.6599 35.05C85.0499 29.45 78.4299 26.05 74.2999 29.88C74.2999 29.88 73.9299 30.22 74.0899 30.59C74.0899 30.59 74.2599 31 74.8299 30.79C75.7456 30.375 76.7455 30.1798 77.7499 30.22C78.8228 30.297 79.8222 30.7936 80.5315 31.6021C81.2409 32.4107 81.6032 33.4662 81.5399 34.54C81.3399 37.94 76.7799 39.43 73.5399 37.04C72.5539 36.2899 71.696 35.3848 70.9999 34.36C68.5399 30.95 64.9999 29.12 60.9999 29.7C60.9898 29.1575 61.1451 28.6248 61.4452 28.1728C61.7453 27.7208 62.176 27.371 62.6799 27.1699C63.9619 26.5627 65.3021 26.087 66.6799 25.75C68.7701 25.1086 70.7498 24.1508 72.5499 22.91C73.3943 22.2714 74.0904 21.4576 74.5902 20.5245C75.0901 19.5913 75.3819 18.5609 75.4455 17.5042C75.5092 16.4475 75.3432 15.3896 74.959 14.4032C74.5748 13.4167 73.9815 12.5252 73.2199 11.79C69.7199 8.41995 63.3699 10.46 63.2199 15.61C63.2115 15.7283 63.2395 15.8465 63.3003 15.9484C63.3611 16.0503 63.4518 16.1311 63.5599 16.18C63.5599 16.18 63.9299 16.32 64.1599 15.81C64.471 14.9473 64.9657 14.1625 65.6099 13.5099C66.3449 12.8466 67.2999 12.4794 68.2899 12.4794C69.28 12.4794 70.2349 12.8466 70.9699 13.5099C73.2599 15.7099 71.0599 19.7299 67.5499 20.3699C66.4431 20.6064 65.325 20.7867 64.1999 20.91C64.1999 20.91 58.2599 21.38 55.9799 23.4799C55.302 24.0662 54.7035 24.7385 54.1999 25.4799C54.1999 25.4799 50.4699 32.0699 47.8599 29.4799C50.6799 26.61 54.2299 21.71 54.2299 15.72C54.2299 7.27995 49.0299 0.449951 42.6199 0.449951C36.2099 0.449951 30.9199 7.32995 30.9199 15.7799C30.9199 21.7799 34.4799 26.6599 37.2999 29.5299C34.6799 32.0999 30.9899 25.5299 30.9899 25.5299C30.4779 24.7952 29.8804 24.1238 29.2099 23.5299C26.9999 21.3899 20.9999 20.91 20.9999 20.91C19.8723 20.8063 18.753 20.6259 17.6499 20.3699C14.1399 19.6999 11.9499 15.7499 14.2199 13.5099C14.9555 12.8438 15.9125 12.4749 16.9049 12.4749C17.8974 12.4749 18.8543 12.8438 19.5899 13.5099C20.227 14.1762 20.7086 14.9754 20.9999 15.8499C21.2399 16.3499 21.6099 16.22 21.6099 16.22C21.9799 16.12 21.9399 15.6399 21.9399 15.6399C21.7999 10.4899 15.4899 8.44995 11.9399 11.82C11.1783 12.5552 10.585 13.4467 10.2009 14.4332C9.81666 15.4196 9.65069 16.4775 9.71436 17.5342C9.77802 18.5909 10.0698 19.6213 10.5697 20.5545C11.0695 21.4876 11.7656 22.3014 12.6099 22.9399C14.4078 24.1848 16.388 25.1429 18.4799 25.7799C19.8624 26.1014 21.2042 26.5778 22.4799 27.2C22.9828 27.4044 23.4117 27.7567 23.7099 28.2103C24.0081 28.6638 24.1616 29.1973 24.1499 29.74C20.1499 29.15 16.5999 31 14.1499 34.4C13.4182 35.4186 12.5346 36.3191 11.5299 37.07C8.33994 39.49 3.70994 37.92 3.52994 34.57C3.34994 31.22 6.87994 29.22 10.2399 30.82C11.2399 31.09 11.1199 30.16 10.7799 29.9C9.84758 29.1129 8.70555 28.6155 7.49427 28.4688C6.28298 28.3222 5.05524 28.5328 3.96202 29.0746C2.86879 29.6164 1.95774 30.4659 1.34088 31.5186C0.724028 32.5713 0.428257 33.7814 0.48994 35C0.37994 39.52 5.72994 43.1799 10.2899 42.1999C12.42 41.7371 14.4514 40.9009 16.2899 39.73C17.3054 39.0281 18.3995 38.4475 19.5499 38C22.3699 37.16 24.0399 37.73 24.9199 39.22C19.1499 40.01 17.2199 44.78 17.3699 51.01C17.4699 54.06 17.1199 56.88 15.0199 59.22C12.1699 62.22 9.10994 61.35 7.63994 59.76C4.99994 56.85 6.51994 51.9199 10.8899 50.8099C11.5599 50.5399 11.3899 50.0299 11.3899 50.0299C11.3374 49.879 11.2385 49.7484 11.1075 49.6568C10.9764 49.5653 10.8198 49.5174 10.6599 49.5199C3.77994 49.3199 0.659938 57.8499 5.04994 62.6699C8.69994 66.9599 16.1099 66.18 19.6499 61.55C21.5807 59.147 22.9477 56.3414 23.6499 53.3399C23.6499 53.3399 24.1499 50.5 24.9299 49.93C25.3189 49.5351 25.7878 49.2282 26.3053 49.0298C26.8228 48.8315 27.3768 48.7463 27.9299 48.7799C27.6858 49.8907 27.5518 51.0229 27.5299 52.16C27.5438 54.43 28.0451 56.6705 28.9999 58.73C29.7288 60.2623 30.617 61.7137 31.6499 63.0599C32.7731 64.2963 33.7776 65.6355 34.6499 67.06C37.1999 71.91 34.4599 77.87 29.7199 77.5C25.2099 77.16 23.1699 71.96 25.9899 67.8C26.3599 67.09 25.8599 66.8 25.8599 66.8C25.6975 66.7245 25.5167 66.6976 25.3393 66.7224C25.1619 66.7472 24.9954 66.8228 24.8599 66.94C23.9233 67.7438 23.1673 68.7368 22.6416 69.8536C22.1159 70.9704 21.8325 72.1858 21.8099 73.42C21.7099 78.32 25.8099 81.3 29.8099 81.53C36.5699 82.26 41.2799 76.8099 41.0099 69.8799C40.7513 66.8597 40.0049 63.9014 38.7999 61.12C38.093 59.5655 37.4916 57.9652 36.9999 56.33C35.6499 50.75 38.6699 48.76 42.5599 48.73Z" fill="#FE4023"/>
</svg>
