<svg version="1.1" id="Layer_1" xmlns="http://www.w3.org/2000/svg" xmlns:xlink="http://www.w3.org/1999/xlink" x="0px" y="0px"
	 width="100%" viewBox="0 0 1024 512" enable-background="new 0 0 1024 512" xml:space="preserve">
<path fill="#FEFEFE" opacity="1.000000" stroke="none" 
	d="
M954.000000,513.000000 
	C636.051636,513.000000 318.603241,513.000000 1.077439,513.000000 
	C1.077439,342.412750 1.077439,171.825439 1.077439,1.119065 
	C342.333313,1.119065 683.666626,1.119065 1024.993896,1.119065 
	C1024.993896,171.730194 1024.993896,342.365082 1024.990967,513.000000 
	C1001.491943,513.000000 977.995972,513.000000 954.000000,513.000000 
M164.015015,257.100891 
	C164.015015,257.100891 163.889038,257.034119 163.900238,256.525848 
	C163.606552,256.386566 163.312866,256.247284 162.701416,255.670624 
	C162.536926,255.597000 162.372437,255.523361 161.849228,254.937393 
	C153.026184,248.858856 143.624939,244.075150 132.362671,241.624405 
	C129.536911,241.221588 126.711143,240.818771 123.217117,240.145615 
	C122.506340,240.185822 121.795570,240.226044 120.277618,240.052307 
	C119.171120,240.091599 118.064613,240.130905 116.074196,239.974731 
	C103.075058,240.470856 90.929794,243.766556 79.279564,251.063049 
	C75.161087,253.829071 70.870804,256.375061 66.970573,259.420593 
	C62.744350,262.720703 62.153160,268.187164 65.082687,272.288544 
	C68.186440,276.633881 73.650429,277.715820 78.277786,274.689880 
	C81.313835,272.704559 84.156776,270.423920 87.799072,268.114960 
	C94.538834,265.735535 101.278595,263.356110 108.559967,261.578522 
	C108.082809,263.072021 107.605652,264.565521 106.709229,266.621796 
	C104.716568,271.062714 102.723907,275.503662 100.208801,280.350555 
	C93.417076,291.544739 86.625359,302.738892 79.228928,314.171295 
	C76.115234,316.657806 73.001534,319.144287 69.209595,321.683197 
	C67.399185,319.881500 64.829376,318.396118 63.922283,316.218201 
	C61.313686,309.954956 59.387589,303.408173 57.173260,296.979736 
	C55.376465,291.763458 51.060226,289.116302 45.996910,290.090057 
	C41.405178,290.973114 37.592419,295.112427 38.451500,299.781677 
	C40.878090,312.970612 44.458412,325.870148 54.669613,335.493744 
	C60.072304,340.585571 66.641220,342.449799 74.777672,340.067108 
	C81.950951,338.093170 87.486618,333.781403 92.615601,327.748138 
	C99.350517,317.477600 106.085442,307.207062 113.270531,296.423492 
	C117.840965,286.645569 122.411407,276.867676 127.479935,266.614532 
	C128.311691,264.729218 129.143448,262.843903 130.724869,261.034912 
	C135.425491,262.865601 140.126129,264.696289 145.231918,267.012207 
	C157.473007,274.033417 167.157532,284.020660 176.963150,294.795654 
	C186.557434,308.775543 196.192703,322.727570 205.723007,336.750946 
	C208.906937,341.435974 212.924728,343.273041 217.554520,341.736725 
	C221.850510,340.311188 224.000549,336.559296 223.831818,330.178986 
	C223.241486,326.164001 222.636536,322.151093 222.063705,318.133636 
	C220.536057,307.419434 219.022217,296.703278 217.515915,285.110840 
	C217.334076,284.558075 217.152237,284.005341 217.102066,283.626923 
	C217.102066,283.626923 216.938187,283.347198 216.966080,282.574829 
	C216.292679,279.614227 215.664246,276.642578 214.938614,273.694855 
	C210.003250,253.645920 203.682541,234.093613 193.558350,215.981674 
	C188.347275,206.659210 182.319473,197.895569 173.523941,191.505936 
	C168.626053,187.947800 163.394516,185.104233 156.170959,186.775421 
	C149.735184,188.110260 145.062897,192.084915 140.436203,197.333588 
	C131.896667,207.676636 126.607925,219.747559 121.385559,232.151611 
	C128.080399,233.244263 134.242325,234.249939 140.305222,235.239456 
	C144.538467,227.398651 148.698288,219.693863 153.132004,211.843750 
	C153.132004,211.843750 153.155914,211.534607 153.695236,211.214493 
	C153.871231,210.843979 154.047226,210.473450 154.093231,210.100693 
	C154.093231,210.100693 154.132629,210.224564 154.712830,210.014008 
	C155.196457,209.370941 155.680084,208.727875 156.068512,208.063004 
	C156.068512,208.063004 156.075470,208.160431 156.657211,208.004257 
	C156.928131,207.717499 157.199051,207.430740 158.231506,207.075577 
	C163.782089,205.507156 165.462921,210.919495 169.000610,213.000000 
	C169.000610,213.000000 168.969254,213.025299 169.118988,213.606842 
	C169.893784,214.496445 170.668564,215.386063 171.704651,216.941376 
	C176.191986,225.273407 180.679306,233.605453 185.164902,242.627899 
	C185.704224,243.635864 186.243546,244.643814 186.736450,246.312729 
	C187.229660,247.538544 187.722870,248.764359 188.224625,250.736526 
	C191.524246,262.693085 194.857666,274.640717 198.015701,286.634583 
	C198.161514,287.188416 196.734467,288.156372 196.002441,288.990417 
	C196.002441,288.990417 196.069534,288.970886 195.909531,288.457916 
	C195.619446,288.259552 195.329376,288.061218 194.944427,287.185638 
	C186.357758,275.693817 176.616837,265.404266 164.307892,257.537933 
	C164.249268,257.361755 164.128128,257.257385 164.015015,257.100891 
M564.109497,236.646896 
	C542.387024,236.696121 520.664551,236.745331 498.152527,237.224319 
	C498.152527,261.604309 498.152527,285.984283 498.152527,310.491882 
	C503.852814,310.491882 509.101746,310.491882 514.905334,310.491882 
	C514.905334,300.875458 514.905334,291.493500 514.905334,281.768768 
	C526.577271,281.768768 537.695679,281.820374 548.813293,281.748016 
	C554.794189,281.709076 560.825745,281.895294 566.740967,281.192749 
	C574.388306,280.284485 577.810486,276.117371 578.009155,268.438843 
	C578.168396,262.285828 578.164673,256.122681 578.018311,249.969131 
	C577.814941,241.419632 573.765503,237.451279 564.109497,236.646896 
M395.172058,236.833115 
	C386.416779,238.015137 383.264343,240.813782 382.498352,249.402557 
	C381.982941,255.181763 381.985626,261.081390 382.500854,266.860809 
	C383.256500,275.337067 386.228821,278.587189 394.726471,279.205963 
	C404.672913,279.930237 414.692780,279.681763 424.681519,279.777557 
	C431.955200,279.847321 439.230133,279.791199 446.559265,279.791199 
	C446.559265,285.742401 446.559265,291.113281 446.559265,296.548767 
	C429.099731,296.548767 412.000793,296.548767 394.649200,296.548767 
	C394.427887,293.645905 394.222931,290.957611 394.000031,288.033966 
	C388.817566,289.142151 384.136200,290.143158 379.557800,291.122192 
	C377.979553,304.587250 382.250488,309.903503 395.218414,310.636444 
	C400.035950,310.908722 404.879639,310.764587 409.710999,310.737854 
	C422.537109,310.666840 435.384277,310.976105 448.182159,310.327057 
	C458.219940,309.817932 461.594482,305.720612 461.970428,295.617981 
	C462.162384,290.460480 462.160126,285.282928 461.953033,280.126160 
	C461.556458,270.251251 458.213104,266.247742 448.411133,265.784119 
	C435.277039,265.162994 422.101105,265.421112 408.942993,265.317657 
	C405.148804,265.287842 401.354248,265.313080 397.653015,265.313080 
	C397.653015,259.661499 397.653015,254.616592 397.653015,249.505951 
	C413.863953,249.505951 429.637268,249.505951 445.631958,249.505951 
	C445.821533,252.305389 445.996765,254.892822 446.189087,257.732910 
	C451.334045,256.504639 456.141357,255.356979 460.802399,254.244247 
	C461.411865,242.083191 457.571594,237.410995 446.106323,236.663910 
	C429.399933,236.758972 412.693512,236.854019 395.172058,236.833115 
M659.844604,246.535019 
	C659.844604,267.791290 659.844604,289.047546 659.844604,310.524078 
	C665.192444,310.524078 669.958008,310.524078 675.028564,310.524078 
	C675.028564,293.696503 675.028564,277.018127 675.028564,259.938721 
	C693.438782,275.462250 711.691101,290.417572 729.372009,306.020294 
	C734.840515,310.846100 740.283447,311.283173 746.761963,310.381348 
	C746.761963,285.727783 746.761963,261.325500 746.761963,236.829010 
	C741.652283,236.829010 736.787048,236.829010 731.732544,236.829010 
	C731.732544,253.734528 731.732544,270.247253 731.732544,286.935181 
	C713.407288,271.529449 695.120300,256.598267 677.413513,241.008194 
	C671.902344,236.155823 666.470032,235.820953 659.844727,236.907654 
	C659.844727,239.914978 659.844727,242.733154 659.844604,246.535019 
M354.187317,310.766388 
	C355.937225,310.766388 357.687134,310.766388 360.035248,310.766388 
	C358.882416,308.621399 358.145233,307.172272 357.339508,305.762329 
	C346.112671,286.116699 334.367279,266.742767 323.887054,246.706924 
	C319.543030,238.402206 314.515045,234.999039 305.400513,236.262619 
	C302.254730,236.698730 300.421692,237.367798 298.829529,240.221008 
	C286.425903,262.449219 273.836517,284.573700 261.319275,306.738617 
	C260.694031,307.845795 260.205261,309.030060 259.603577,310.281036 
	C275.357574,312.298676 275.357513,312.298645 282.476166,298.990021 
	C282.554688,298.843231 282.665497,298.708405 282.717010,298.553284 
	C283.815674,295.246307 285.988953,294.219879 289.530151,294.289337 
	C301.681396,294.527679 313.847687,294.626862 325.992157,294.254211 
	C330.519684,294.115295 333.382446,295.334961 334.683868,299.613739 
	C337.529907,308.970917 343.592896,312.855194 354.187317,310.766388 
M829.658325,249.738754 
	C838.741821,249.738754 847.825317,249.738754 857.455078,249.738754 
	C857.455078,270.460785 857.455078,290.495972 857.455078,310.424957 
	C863.424561,310.424957 868.822815,310.424957 874.797119,310.424957 
	C874.797119,290.054291 874.797119,270.028259 874.797119,249.497925 
	C886.443726,249.497925 897.511841,249.497925 908.486023,249.497925 
	C908.486023,244.904358 908.486023,240.836609 908.486023,236.733856 
	C879.930237,236.733856 851.717651,236.733856 823.507263,236.733856 
	C823.507263,241.153305 823.507263,245.227524 823.507263,249.738068 
	C825.442139,249.738068 827.075684,249.738068 829.658325,249.738754 
M973.081360,271.640839 
	C983.911255,260.151215 994.741211,248.661606 1006.226685,236.476532 
	C1002.242554,236.476532 999.538269,236.807999 996.944031,236.414520 
	C989.082458,235.222168 983.582886,238.169632 978.771545,244.474670 
	C973.293762,251.653214 966.791260,258.049866 960.571106,264.967590 
	C952.623413,256.058777 945.138000,247.582504 937.522400,239.224762 
	C936.390442,237.982452 934.679077,236.553726 933.177856,236.485611 
	C926.594727,236.186966 919.990417,236.356903 912.403870,236.356903 
	C913.982666,238.216202 914.844360,239.322205 915.798889,240.341232 
	C926.150269,251.392090 936.415710,262.526733 946.946106,273.404633 
	C949.729553,276.279999 950.824646,279.168915 950.715881,283.111023 
	C950.464783,292.213898 950.636169,301.328461 950.636169,310.485168 
	C956.618225,310.485168 962.040039,310.485168 967.955200,310.485168 
	C967.955200,301.452393 968.212524,292.669464 967.853638,283.911774 
	C967.654968,279.065430 968.604858,275.119659 973.081360,271.640839 
M604.781189,252.506119 
	C604.781189,271.779449 604.781189,291.052765 604.781189,310.493591 
	C610.654297,310.493591 616.062439,310.493591 621.616699,310.493591 
	C621.616699,285.751190 621.616699,261.265381 621.616699,236.766327 
	C615.862793,236.766327 610.473755,236.766327 604.781494,236.766327 
	C604.781494,241.901962 604.781494,246.705872 604.781189,252.506119 
M785.225403,237.011276 
	C785.128540,256.454834 785.026794,275.898376 784.938171,295.342010 
	C784.915588,300.293945 784.934753,305.246094 784.934753,310.471710 
	C790.761719,310.471710 796.156128,310.471710 801.732910,310.471710 
	C801.732910,285.764832 801.732910,261.286346 801.732910,236.546204 
	C796.279724,236.546204 791.149597,236.546204 785.225403,237.011276 
z"/>
<path fill="#35475B" opacity="1.000000" stroke="none" 
	d="
M447.015564,236.924774 
	C457.571594,237.410995 461.411865,242.083191 460.802399,254.244247 
	C456.141357,255.356979 451.334045,256.504639 446.189087,257.732910 
	C445.996765,254.892822 445.821533,252.305389 445.631958,249.505951 
	C429.637268,249.505951 413.863953,249.505951 397.653015,249.505951 
	C397.653015,254.616592 397.653015,259.661499 397.653015,265.313080 
	C401.354248,265.313080 405.148804,265.287842 408.942993,265.317657 
	C422.101105,265.421112 435.277039,265.162994 448.411133,265.784119 
	C458.213104,266.247742 461.556458,270.251251 461.953033,280.126160 
	C462.160126,285.282928 462.162384,290.460480 461.970428,295.617981 
	C461.594482,305.720612 458.219940,309.817932 448.182159,310.327057 
	C435.384277,310.976105 422.537109,310.666840 409.710999,310.737854 
	C404.879639,310.764587 400.035950,310.908722 395.218414,310.636444 
	C382.250488,309.903503 377.979553,304.587250 379.557800,291.122192 
	C384.136200,290.143158 388.817566,289.142151 394.000031,288.033966 
	C394.222931,290.957611 394.427887,293.645905 394.649200,296.548767 
	C412.000793,296.548767 429.099731,296.548767 446.559265,296.548767 
	C446.559265,291.113281 446.559265,285.742401 446.559265,279.791199 
	C439.230133,279.791199 431.955200,279.847321 424.681519,279.777557 
	C414.692780,279.681763 404.672913,279.930237 394.726471,279.205963 
	C386.228821,278.587189 383.256500,275.337067 382.500854,266.860809 
	C381.985626,261.081390 381.982941,255.181763 382.498352,249.402557 
	C383.264343,240.813782 386.416779,238.015137 395.866791,237.198181 
	C412.832153,237.685471 429.102753,237.817596 445.373596,237.887131 
	C445.919525,237.889481 446.468170,237.259827 447.015564,236.924774 
z"/>
<path fill="#34455B" opacity="1.000000" stroke="none" 
	d="
M659.844666,246.043167 
	C659.844727,242.733154 659.844727,239.914978 659.844727,236.907654 
	C666.470032,235.820953 671.902344,236.155823 677.413513,241.008194 
	C695.120300,256.598267 713.407288,271.529449 731.732544,286.935181 
	C731.732544,270.247253 731.732544,253.734528 731.732544,236.829010 
	C736.787048,236.829010 741.652283,236.829010 746.761963,236.829010 
	C746.761963,261.325500 746.761963,285.727783 746.761963,310.381348 
	C740.283447,311.283173 734.840515,310.846100 729.372009,306.020294 
	C711.691101,290.417572 693.438782,275.462250 675.028564,259.938721 
	C675.028564,277.018127 675.028564,293.696503 675.028564,310.524078 
	C669.958008,310.524078 665.192444,310.524078 659.844604,310.524078 
	C659.844604,289.047546 659.844604,267.791290 659.844666,246.043167 
z"/>
<path fill="#35465B" opacity="1.000000" stroke="none" 
	d="
M353.730103,310.766846 
	C343.592896,312.855194 337.529907,308.970917 334.683868,299.613739 
	C333.382446,295.334961 330.519684,294.115295 325.992157,294.254211 
	C313.847687,294.626862 301.681396,294.527679 289.530151,294.289337 
	C285.988953,294.219879 283.815674,295.246307 282.717010,298.553284 
	C282.665497,298.708405 282.554688,298.843231 282.476166,298.990021 
	C275.357513,312.298645 275.357574,312.298676 259.603577,310.281036 
	C260.205261,309.030060 260.694031,307.845795 261.319275,306.738617 
	C273.836517,284.573700 286.425903,262.449219 298.829529,240.221008 
	C300.421692,237.367798 302.254730,236.698730 305.400513,236.262619 
	C314.515045,234.999039 319.543030,238.402206 323.887054,246.706924 
	C334.367279,266.742767 346.112671,286.116699 357.339508,305.762329 
	C358.145233,307.172272 358.882416,308.621399 360.035248,310.766388 
	C357.687134,310.766388 355.937225,310.766388 353.730103,310.766846 
M323.781738,279.269196 
	C318.848175,269.965637 313.914581,260.662109 308.687714,250.805420 
	C303.029877,261.194153 297.775421,270.842194 292.203033,281.074036 
	C302.847443,281.074036 312.461914,281.093140 322.075867,281.031219 
	C322.719391,281.027100 323.358978,280.409454 323.781738,279.269196 
z"/>
<path fill="#35465B" opacity="1.000000" stroke="none" 
	d="
M565.017273,236.915100 
	C573.765503,237.451279 577.814941,241.419632 578.018311,249.969131 
	C578.164673,256.122681 578.168396,262.285828 578.009155,268.438843 
	C577.810486,276.117371 574.388306,280.284485 566.740967,281.192749 
	C560.825745,281.895294 554.794189,281.709076 548.813293,281.748016 
	C537.695679,281.820374 526.577271,281.768768 514.905334,281.768768 
	C514.905334,291.493500 514.905334,300.875458 514.905334,310.491882 
	C509.101746,310.491882 503.852814,310.491882 498.152527,310.491882 
	C498.152527,285.984283 498.152527,261.604309 498.816650,237.344147 
	C500.272369,237.641052 501.063751,237.971558 501.855652,237.972763 
	C521.706543,238.002914 541.557556,238.017334 561.408264,237.953613 
	C562.612305,237.949753 563.814331,237.276749 565.017273,236.915100 
M560.514038,251.436218 
	C559.058289,250.717438 557.609741,249.391632 556.145752,249.374420 
	C542.549011,249.214508 528.949646,249.279861 515.221130,249.279861 
	C515.221130,256.011810 515.221130,262.370514 515.221130,268.998993 
	C526.050781,268.998993 536.515198,269.050110 546.978943,268.986481 
	C561.129700,268.900421 562.702026,271.459595 560.514038,251.436218 
z"/>
<path fill="#3C4C61" opacity="1.000000" stroke="none" 
	d="
M829.183716,249.738403 
	C827.075684,249.738068 825.442139,249.738068 823.507263,249.738068 
	C823.507263,245.227524 823.507263,241.153305 823.507263,236.733856 
	C851.717651,236.733856 879.930237,236.733856 908.486023,236.733856 
	C908.486023,240.836609 908.486023,244.904358 908.486023,249.497925 
	C897.511841,249.497925 886.443726,249.497925 874.797119,249.497925 
	C874.797119,270.028259 874.797119,290.054291 874.797119,310.424957 
	C868.822815,310.424957 863.424561,310.424957 857.455078,310.424957 
	C857.455078,290.495972 857.455078,270.460785 857.455078,249.738754 
	C847.825317,249.738754 838.741821,249.738754 829.183716,249.738403 
z"/>
<path fill="#35465B" opacity="1.000000" stroke="none" 
	d="
M972.830444,271.901794 
	C968.604858,275.119659 967.654968,279.065430 967.853638,283.911774 
	C968.212524,292.669464 967.955200,301.452393 967.955200,310.485168 
	C962.040039,310.485168 956.618225,310.485168 950.636169,310.485168 
	C950.636169,301.328461 950.464783,292.213898 950.715881,283.111023 
	C950.824646,279.168915 949.729553,276.279999 946.946106,273.404633 
	C936.415710,262.526733 926.150269,251.392090 915.798889,240.341232 
	C914.844360,239.322205 913.982666,238.216202 912.403870,236.356903 
	C919.990417,236.356903 926.594727,236.186966 933.177856,236.485611 
	C934.679077,236.553726 936.390442,237.982452 937.522400,239.224762 
	C945.138000,247.582504 952.623413,256.058777 960.571106,264.967590 
	C966.791260,258.049866 973.293762,251.653214 978.771545,244.474670 
	C983.582886,238.169632 989.082458,235.222168 996.944031,236.414520 
	C999.538269,236.807999 1002.242554,236.476532 1006.226685,236.476532 
	C994.741211,248.661606 983.911255,260.151215 972.830444,271.901794 
z"/>
<path fill="#2BB741" opacity="1.000000" stroke="none" 
	d="
M188.216064,249.990189 
	C187.722870,248.764359 187.229660,247.538544 186.827179,245.610901 
	C187.047562,243.771332 187.177216,242.633606 187.306885,241.495880 
	C186.593460,241.643082 185.880051,241.790298 185.166626,241.937500 
	C180.679306,233.605453 176.191986,225.273407 171.910583,216.415451 
	C173.869385,211.855942 170.540970,213.405777 168.969254,213.025299 
	C168.969254,213.025299 169.000610,213.000000 169.029297,212.666595 
	C168.960709,211.157837 169.245712,209.754150 168.702682,208.845093 
	C165.702011,203.821884 162.352280,199.003937 159.436081,193.935028 
	C158.209106,191.802322 157.751862,189.226791 156.944702,186.852554 
	C163.394516,185.104233 168.626053,187.947800 173.523941,191.505936 
	C182.319473,197.895569 188.347275,206.659210 193.558350,215.981674 
	C203.682541,234.093613 210.003250,253.645920 214.938614,273.694855 
	C215.664246,276.642578 216.292679,279.614227 216.966431,282.977905 
	C216.966797,283.380981 216.970398,283.452576 216.970398,283.452576 
	C217.152237,284.005341 217.334076,284.558075 217.157288,285.572540 
	C215.858994,287.494690 214.919357,288.955139 214.367630,289.812683 
	C206.532043,275.949738 198.538849,261.808044 190.654282,247.858459 
	C190.059738,248.378250 189.137909,249.184219 188.216064,249.990189 
z"/>
<path fill="#43BC3A" opacity="1.000000" stroke="none" 
	d="
M164.316559,257.780518 
	C176.616837,265.404266 186.357758,275.693817 195.088806,287.770386 
	C195.511978,288.560364 195.790756,288.765625 196.069534,288.970886 
	C196.069534,288.970886 196.002441,288.990417 196.045563,289.318176 
	C200.322189,295.968628 204.717728,302.190796 208.727524,308.652283 
	C211.075150,312.435364 212.826889,316.590607 214.810928,320.596161 
	C216.490707,323.987396 221.320068,325.613953 220.349182,330.485748 
	C221.456650,330.677887 222.564117,330.870026 223.671585,331.062195 
	C224.000549,336.559296 221.850510,340.311188 217.554520,341.736725 
	C212.924728,343.273041 208.906937,341.435974 205.723007,336.750946 
	C196.192703,322.727570 186.557434,308.775543 177.159027,294.240509 
	C177.511734,292.417542 178.224045,290.859192 177.737091,289.928009 
	C173.977936,282.739532 169.983856,275.673981 166.068359,268.567139 
	C163.816528,264.480011 159.932816,260.870239 162.207962,255.449738 
	C162.372437,255.523361 162.536926,255.597000 162.954651,256.086060 
	C163.382797,256.745697 163.609848,256.923248 163.889038,257.034119 
	C163.889038,257.034119 164.015015,257.100891 164.033234,257.265411 
	C164.051453,257.429932 164.316559,257.780518 164.316559,257.780518 
z"/>
<path fill="#35465B" opacity="1.000000" stroke="none" 
	d="
M604.781372,252.007950 
	C604.781494,246.705872 604.781494,241.901962 604.781494,236.766327 
	C610.473755,236.766327 615.862793,236.766327 621.616699,236.766327 
	C621.616699,261.265381 621.616699,285.751190 621.616699,310.493591 
	C616.062439,310.493591 610.654297,310.493591 604.781189,310.493591 
	C604.781189,291.052765 604.781189,271.779449 604.781372,252.007950 
z"/>
<path fill="#35465B" opacity="1.000000" stroke="none" 
	d="
M785.622437,236.778748 
	C791.149597,236.546204 796.279724,236.546204 801.732910,236.546204 
	C801.732910,261.286346 801.732910,285.764832 801.732910,310.471710 
	C796.156128,310.471710 790.761719,310.471710 784.934753,310.471710 
	C784.934753,305.246094 784.915588,300.293945 784.938171,295.342010 
	C785.026794,275.898376 785.128540,256.454834 785.622437,236.778748 
z"/>
<path fill="#A1CF21" opacity="1.000000" stroke="none" 
	d="
M74.009811,340.034821 
	C66.641220,342.449799 60.072304,340.585571 54.669613,335.493744 
	C44.458412,325.870148 40.878090,312.970612 38.451500,299.781677 
	C37.592419,295.112427 41.405178,290.973114 45.996910,290.090057 
	C51.060226,289.116302 55.376465,291.763458 57.173260,296.979736 
	C59.387589,303.408173 61.313686,309.954956 63.922283,316.218201 
	C64.829376,318.396118 67.399185,319.881500 69.600662,322.035492 
	C70.687019,323.467926 71.346390,324.573334 72.083862,325.623840 
	C75.225670,330.099396 78.816498,334.501587 74.009811,340.034821 
z"/>
<path fill="#36B93F" opacity="1.000000" stroke="none" 
	d="
M223.751709,330.620605 
	C222.564117,330.870026 221.456650,330.677887 220.349182,330.485748 
	C221.320068,325.613953 216.490707,323.987396 214.810928,320.596161 
	C212.826889,316.590607 211.075150,312.435364 208.727524,308.652283 
	C204.717728,302.190796 200.322189,295.968628 196.064331,289.288696 
	C196.734467,288.156372 198.161514,287.188416 198.015701,286.634583 
	C194.857666,274.640717 191.524246,262.693085 188.220337,250.363358 
	C189.137909,249.184219 190.059738,248.378250 190.654282,247.858459 
	C198.538849,261.808044 206.532043,275.949738 214.367630,289.812683 
	C214.919357,288.955139 215.858994,287.494690 217.150772,286.011047 
	C219.022217,296.703278 220.536057,307.419434 222.063705,318.133636 
	C222.636536,322.151093 223.241486,326.164001 223.751709,330.620605 
z"/>
<path fill="#82C82C" opacity="1.000000" stroke="none" 
	d="
M79.833633,313.933075 
	C86.625359,302.738892 93.417076,291.544739 100.807274,280.061829 
	C102.436050,279.909912 104.211395,279.766998 104.383713,280.225952 
	C106.593475,286.111664 113.802116,289.485870 112.820358,296.936523 
	C106.085442,307.207062 99.350517,317.477600 92.167656,327.552551 
	C88.982597,321.797729 86.153275,316.320160 79.833633,313.933075 
z"/>
<path fill="#6DC330" opacity="1.000000" stroke="none" 
	d="
M79.980476,250.983368 
	C90.929794,243.766556 103.075058,240.470856 116.380280,240.364471 
	C116.871475,241.774872 116.873779,242.873901 117.272079,243.803192 
	C119.457268,248.901657 121.739479,253.958542 123.528839,259.025146 
	C118.381142,259.366547 113.692993,259.712524 108.718582,260.123352 
	C108.282722,260.477753 108.133125,260.767273 107.974915,261.029114 
	C107.966293,261.001465 108.018356,260.976685 108.018356,260.976685 
	C101.278595,263.356110 94.538834,265.735535 87.418297,267.757874 
	C87.712997,260.626831 81.937782,256.625671 79.980476,250.983368 
z"/>
<path fill="#4EBE38" opacity="1.000000" stroke="none" 
	d="
M162.028595,255.193573 
	C159.932816,260.870239 163.816528,264.480011 166.068359,268.567139 
	C169.983856,275.673981 173.977936,282.739532 177.737091,289.928009 
	C178.224045,290.859192 177.511734,292.417542 177.036469,293.918579 
	C167.157532,284.020660 157.473007,274.033417 145.074738,266.340881 
	C144.780289,264.533752 145.028259,263.121765 144.443832,262.306549 
	C140.373306,256.628998 140.349304,248.551041 133.775558,244.340912 
	C133.243500,244.000168 133.240433,242.833466 132.991547,242.050568 
	C143.624939,244.075150 153.026184,248.858856 162.028595,255.193573 
z"/>
<path fill="#4ABC3C" opacity="1.000000" stroke="none" 
	d="
M152.858109,211.989059 
	C148.698288,219.693863 144.538467,227.398651 140.305222,235.239456 
	C134.242325,234.249939 128.080399,233.244263 121.385559,232.151611 
	C126.607925,219.747559 131.896667,207.676636 140.717621,197.535980 
	C141.427658,199.412933 141.619904,201.197510 142.336624,202.738037 
	C143.623322,205.503555 145.225113,208.122467 146.695206,210.802658 
	C146.338989,211.198120 145.982773,211.593597 145.626556,211.989059 
	C148.037079,211.989059 150.447586,211.989059 152.858109,211.989059 
z"/>
<path fill="#6DC330" opacity="1.000000" stroke="none" 
	d="
M113.045448,296.679993 
	C113.802116,289.485870 106.593475,286.111664 104.383713,280.225952 
	C104.211395,279.766998 102.436050,279.909912 101.068497,279.858826 
	C102.723907,275.503662 104.716568,271.062714 107.376160,266.327515 
	C114.356018,266.385437 120.668930,266.737579 126.981850,267.089722 
	C122.411407,276.867676 117.840965,286.645569 113.045448,296.679993 
z"/>
<path fill="#82C82C" opacity="1.000000" stroke="none" 
	d="
M79.630020,251.023209 
	C81.937782,256.625671 87.712997,260.626831 87.061859,267.838196 
	C84.156776,270.423920 81.313835,272.704559 78.277786,274.689880 
	C73.650429,277.715820 68.186440,276.633881 65.082687,272.288544 
	C62.153160,268.187164 62.744350,262.720703 66.970573,259.420593 
	C70.870804,256.375061 75.161087,253.829071 79.630020,251.023209 
z"/>
<path fill="#36B93F" opacity="1.000000" stroke="none" 
	d="
M152.995056,211.916412 
	C150.447586,211.989059 148.037079,211.989059 145.626556,211.989059 
	C145.982773,211.593597 146.338989,211.198120 146.695206,210.802658 
	C145.225113,208.122467 143.623322,205.503555 142.336624,202.738037 
	C141.619904,201.197510 141.427658,199.412933 140.985291,197.333771 
	C145.062897,192.084915 149.735184,188.110260 156.557831,186.813995 
	C157.751862,189.226791 158.209106,191.802322 159.436081,193.935028 
	C162.352280,199.003937 165.702011,203.821884 168.702682,208.845093 
	C169.245712,209.754150 168.960709,211.157837 169.015900,212.681854 
	C165.462921,210.919495 163.782089,205.507156 157.540955,207.155975 
	C156.592087,207.544388 156.333771,207.852402 156.075470,208.160431 
	C156.075470,208.160431 156.068512,208.063004 155.809357,208.158585 
	C155.077667,208.910965 154.605148,209.567764 154.132629,210.224564 
	C154.132629,210.224564 154.093231,210.100693 153.860535,210.232513 
	C153.470520,210.754425 153.313232,211.144516 153.155914,211.534607 
	C153.155914,211.534607 153.132004,211.843750 152.995056,211.916412 
z"/>
<path fill="#59C034" opacity="1.000000" stroke="none" 
	d="
M132.677109,241.837494 
	C133.240433,242.833466 133.243500,244.000168 133.775558,244.340912 
	C140.349304,248.551041 140.373306,256.628998 144.443832,262.306549 
	C145.028259,263.121765 144.780289,264.533752 144.872162,266.098267 
	C140.126129,264.696289 135.425491,262.865601 130.097748,260.734253 
	C127.643219,259.965637 125.815804,259.497650 123.988380,259.029694 
	C121.739479,253.958542 119.457268,248.901657 117.272079,243.803192 
	C116.873779,242.873901 116.871475,241.774872 116.822235,240.462189 
	C118.064613,240.130905 119.171120,240.091599 120.859314,240.356293 
	C122.255798,240.578827 123.070587,240.497391 123.885384,240.415955 
	C126.711143,240.818771 129.536911,241.221588 132.677109,241.837494 
z"/>
<path fill="#95CC25" opacity="1.000000" stroke="none" 
	d="
M79.531281,314.052185 
	C86.153275,316.320160 88.982597,321.797729 91.858185,327.681213 
	C87.486618,333.781403 81.950951,338.093170 74.393738,340.050964 
	C78.816498,334.501587 75.225670,330.099396 72.083862,325.623840 
	C71.346390,324.573334 70.687019,323.467926 69.939774,322.009277 
	C73.001534,319.144287 76.115234,316.657806 79.531281,314.052185 
z"/>
<path fill="#50943D" opacity="1.000000" stroke="none" 
	d="
M123.528839,259.025146 
	C125.815804,259.497650 127.643219,259.965637 129.722931,260.696106 
	C129.143448,262.843903 128.311691,264.729218 127.230896,266.852112 
	C120.668930,266.737579 114.356018,266.385437 107.585800,266.046143 
	C107.605652,264.565521 108.082809,263.072021 108.289162,261.277588 
	C108.018356,260.976685 107.966293,261.001465 108.282150,261.133423 
	C108.733627,260.863068 108.869232,260.460785 109.004837,260.058502 
	C113.692993,259.712524 118.381142,259.366547 123.528839,259.025146 
z"/>
<path fill="#34455B" opacity="1.000000" stroke="none" 
	d="
M564.563354,236.781006 
	C563.814331,237.276749 562.612305,237.949753 561.408264,237.953613 
	C541.557556,238.017334 521.706543,238.002914 501.855652,237.972763 
	C501.063751,237.971558 500.272369,237.641052 499.211395,237.129272 
	C520.664551,236.745331 542.387024,236.696121 564.563354,236.781006 
z"/>
<path fill="#34455B" opacity="1.000000" stroke="none" 
	d="
M446.560944,236.794342 
	C446.468170,237.259827 445.919525,237.889481 445.373596,237.887131 
	C429.102753,237.817596 412.832153,237.685471 396.274323,237.256165 
	C412.693512,236.854019 429.399933,236.758972 446.560944,236.794342 
z"/>
<path fill="#36B93F" opacity="1.000000" stroke="none" 
	d="
M169.044128,213.316071 
	C170.540970,213.405777 173.869385,211.855942 171.779938,216.082596 
	C170.668564,215.386063 169.893784,214.496445 169.044128,213.316071 
z"/>
<path fill="#36B93F" opacity="1.000000" stroke="none" 
	d="
M185.165771,242.282700 
	C185.880051,241.790298 186.593460,241.643082 187.306885,241.495880 
	C187.177216,242.633606 187.047562,243.771332 186.850372,245.280426 
	C186.243546,244.643814 185.704224,243.635864 185.165771,242.282700 
z"/>
<path fill="#6DC330" opacity="1.000000" stroke="none" 
	d="
M123.551254,240.280792 
	C123.070587,240.497391 122.255798,240.578827 121.262894,240.463272 
	C121.795570,240.226044 122.506340,240.185822 123.551254,240.280792 
z"/>
<path fill="#4ABC3C" opacity="1.000000" stroke="none" 
	d="
M154.422729,210.119293 
	C154.605148,209.567764 155.077667,208.910965 155.856949,208.169495 
	C155.680084,208.727875 155.196457,209.370941 154.422729,210.119293 
z"/>
<path fill="#4ABC3C" opacity="1.000000" stroke="none" 
	d="
M156.366333,208.082336 
	C156.333771,207.852402 156.592087,207.544388 157.160172,207.190155 
	C157.199051,207.430740 156.928131,207.717499 156.366333,208.082336 
z"/>
<path fill="#4EBE38" opacity="1.000000" stroke="none" 
	d="
M163.894638,256.779968 
	C163.609848,256.923248 163.382797,256.745697 163.113525,256.304749 
	C163.312866,256.247284 163.606552,256.386566 163.894638,256.779968 
z"/>
<path fill="#4EBE38" opacity="1.000000" stroke="none" 
	d="
M164.312225,257.659241 
	C164.316559,257.780518 164.051453,257.429932 163.997955,257.327393 
	C164.128128,257.257385 164.249268,257.361755 164.312225,257.659241 
z"/>
<path fill="#36B93F" opacity="1.000000" stroke="none" 
	d="
M217.036224,283.539734 
	C216.970398,283.452576 216.966797,283.380981 216.952484,283.364075 
	C216.938187,283.347198 217.102066,283.626923 217.036224,283.539734 
z"/>
<path fill="#4ABC3C" opacity="1.000000" stroke="none" 
	d="
M153.425583,211.374542 
	C153.313232,211.144516 153.470520,210.754425 153.925507,210.233643 
	C154.047226,210.473450 153.871231,210.843979 153.425583,211.374542 
z"/>
<path fill="#36B93F" opacity="1.000000" stroke="none" 
	d="
M195.989532,288.714417 
	C195.790756,288.765625 195.511978,288.560364 195.136261,288.109009 
	C195.329376,288.061218 195.619446,288.259552 195.989532,288.714417 
z"/>
<path fill="#FAFAFB" opacity="1.000000" stroke="none" 
	d="
M323.891052,279.673187 
	C323.358978,280.409454 322.719391,281.027100 322.075867,281.031219 
	C312.461914,281.093140 302.847443,281.074036 292.203033,281.074036 
	C297.775421,270.842194 303.029877,261.194153 308.687714,250.805420 
	C313.914581,260.662109 318.848175,269.965637 323.891052,279.673187 
z"/>
<path fill="#FAFAFB" opacity="1.000000" stroke="none" 
	d="
M560.723267,251.824341 
	C562.702026,271.459595 561.129700,268.900421 546.978943,268.986481 
	C536.515198,269.050110 526.050781,268.998993 515.221130,268.998993 
	C515.221130,262.370514 515.221130,256.011810 515.221130,249.279861 
	C528.949646,249.279861 542.549011,249.214508 556.145752,249.374420 
	C557.609741,249.391632 559.058289,250.717438 560.723267,251.824341 
z"/>
<path fill="#FEFEFE" opacity="1.000000" stroke="none" 
	d="
M108.718582,260.123352 
	C108.869232,260.460785 108.733627,260.863068 108.290771,261.161072 
	C108.133125,260.767273 108.282722,260.477753 108.718582,260.123352 
z"/>
</svg>