<?xml version="1.0" encoding="UTF-8" standalone="no"?>
<!DOCTYPE svg PUBLIC "-//W3C//DTD SVG 1.0//EN" "http://www.w3.org/TR/2001/REC-SVG-20010904/DTD/svg10.dtd">
<!-- Created with Inkscape (http://www.inkscape.org/) by Marsupilami -->
<svg
   xmlns:svg="http://www.w3.org/2000/svg"
   xmlns="http://www.w3.org/2000/svg"
   version="1.0"
   width="1024"
   height="172"
   viewBox="-1.01043756 -1.01043756 213.06038512 35.70212712"
   id="svg2798">
  <defs
     id="defs2800" />
  <path
     d="M 24.9755,25.42375 C 22.01425,25.42375 20.0255,23.99125 20.0255,20.53375 L 20.0255,2.8421709e-14 L 24.423,2.8421709e-14 L 24.423,19.8025 C 24.423,20.8475 24.663,21.54625 26.16425,21.54625 C 26.54675,21.54625 26.648,21.5125 26.8955,21.5125 L 26.8955,25.18 C 26.02675,25.35 25.848,25.42375 24.9755,25.42375"
     id="path2631"
     style="fill:#233444;fill-opacity:1;fill-rule:nonzero;stroke:none" />
  <path
     d="M 39.7515,11.5755 C 39.1665,10.953 38.18775,10.4255 37.0015,10.4255 C 35.819,10.4255 34.8365,10.953 34.24775,11.5755 C 33.199,12.73175 32.9565,14.438 32.9565,16.1405 C 32.9565,17.8505 33.199,19.55925 34.24775,20.7055 C 34.8365,21.33925 35.819,21.8555 37.0015,21.8555 C 38.18775,21.8555 39.1665,21.33925 39.7515,20.7055 C 40.799,19.55925 41.0465,17.8505 41.0465,16.1405 C 41.0465,14.438 40.799,12.73175 39.7515,11.5755 M 43.34525,22.83675 C 42.0915,24.37175 39.7515,25.6605 37.0015,25.6605 C 34.24775,25.6605 31.91275,24.37175 30.65775,22.83675 C 29.2965,21.128 28.53275,19.2105 28.53275,16.1405 C 28.53275,13.078 29.2965,11.15675 30.65775,9.4505 C 31.91275,7.91925 34.24775,6.628 37.0015,6.628 C 39.7515,6.628 42.0915,7.91925 43.34525,9.4505 C 44.70525,11.15675 45.47275,13.078 45.47275,16.1405 C 45.47275,19.2105 44.70525,21.128 43.34525,22.83675"
     id="path2635"
     style="fill:#233444;fill-opacity:1;fill-rule:nonzero;stroke:none" />
  <path
     d="M 58.92875,11.5755 C 58.33625,10.953 57.36125,10.4255 56.17875,10.4255 C 54.99,10.4255 54.01125,10.953 53.42125,11.5755 C 52.37375,12.73175 52.13125,14.438 52.13125,16.1405 C 52.13125,17.8505 52.37375,19.55925 53.42125,20.7055 C 54.01125,21.33925 54.99,21.8555 56.17875,21.8555 C 57.36125,21.8555 58.33625,21.33925 58.92875,20.7055 C 59.97625,19.55925 60.21625,17.8505 60.21625,16.1405 C 60.21625,14.438 59.97625,12.73175 58.92875,11.5755 M 62.52,22.83675 C 61.26375,24.37175 58.92875,25.6605 56.17875,25.6605 C 53.42125,25.6605 51.08625,24.37175 49.8275,22.83675 C 48.47125,21.128 47.70625,19.2105 47.70625,16.1405 C 47.70625,13.078 48.47125,11.15675 49.8275,9.4505 C 51.08625,7.91925 53.42125,6.628 56.17875,6.628 C 58.92875,6.628 61.26375,7.91925 62.52,9.4505 C 63.88,11.15675 64.64375,13.078 64.64375,16.1405 C 64.64375,19.2105 63.88,21.128 62.52,22.83675"
     id="path2639"
     style="fill:#233444;fill-opacity:1;fill-rule:nonzero;stroke:none" />
  <path
     d="M 88.92875,25.20887 L 88.92875,13.95012 C 88.92875,11.71762 88.33625,10.42512 86.1425,10.42512 C 83.66875,10.42512 82.58375,13.03762 82.58375,15.30387 L 82.58375,25.20887 L 78.2625,25.20887 L 78.2625,13.95012 C 78.2625,11.71762 77.67,10.42512 75.4725,10.42512 C 72.995,10.42512 71.8825,13.03762 71.8825,15.30387 L 71.8825,25.20887 L 67.5575,25.20887 L 67.5575,7.07887 L 71.18875,7.07887 L 71.53625,9.47637 C 72.545,7.81012 74.2875,6.62762 76.695,6.62762 C 79.23875,6.62762 80.98,7.74137 81.88625,9.58887 C 82.97,7.70887 84.92,6.62762 87.365,6.62762 C 91.23125,6.62762 93.25375,9.20262 93.25375,12.97512 L 93.25375,25.20887 L 88.92875,25.20887 z"
     id="path2643"
     style="fill:#233444;fill-opacity:1;fill-rule:nonzero;stroke:none" />
  <path
     d="M 108.52475,11.15675 C 107.931,10.53175 107.02225,10.1155 105.771,10.1155 C 104.44725,10.1155 103.36725,10.66925 102.73725,11.5105 C 102.111,12.31425 101.83475,13.14675 101.79475,14.328 L 109.64225,14.328 C 109.60475,12.9755 109.2235,11.928 108.52475,11.15675 M 113.95975,17.50425 L 101.83475,17.50425 C 101.79475,18.898 102.28225,20.2255 103.156,21.0655 C 103.781,21.648 104.651,22.17175 105.841,22.17175 C 107.09225,22.17175 107.866,21.928 108.4885,21.3055 C 108.86975,20.9205 109.186,20.43175 109.361,19.7705 L 113.5485,19.7705 C 113.436,20.84675 112.7085,22.28425 112.00975,23.11425 C 110.47475,24.92925 108.21225,25.6605 105.9085,25.6605 C 103.43225,25.6605 101.621,24.79175 100.19475,23.4305 C 98.37975,21.69175 97.40475,19.138 97.40475,16.1805 C 97.40475,13.28175 98.2735,10.7055 100.01975,8.92675 C 101.376,7.53425 103.32975,6.62675 105.80725,6.62675 C 108.4885,6.62675 110.92975,7.70925 112.4285,9.9705 C 113.756,11.9605 114.06475,14.0155 113.9985,16.27925 C 113.9985,16.27925 113.95975,17.11925 113.95975,17.50425"
     id="path2647"
     style="fill:#76b96a;fill-opacity:1;fill-rule:nonzero;stroke:none" />
  <path
     d="M 128.46613,25.20887 L 128.46613,14.08512 C 128.46613,11.96012 127.77113,10.67012 125.46488,10.67012 C 123.92988,10.67012 122.92238,11.64762 122.33238,12.97512 C 121.70363,14.40137 121.73613,16.27887 121.73613,17.82137 L 121.73613,25.20887 L 117.38238,25.20887 L 117.38238,7.07887 L 121.03863,7.07887 L 121.35488,9.41387 C 122.43488,7.49762 124.59238,6.62762 126.68738,6.62762 C 130.55863,6.62762 132.82488,9.34637 132.82488,13.11387 L 132.82488,25.20887 L 128.46613,25.20887 z"
     id="path2651"
     style="fill:#76b96a;fill-opacity:1;fill-rule:nonzero;stroke:none" />
  <path
     d="M 147.15263,11.15675 C 146.56013,10.53175 145.65388,10.1155 144.39888,10.1155 C 143.07513,10.1155 141.99513,10.66925 141.36888,11.5105 C 140.73638,12.31425 140.46013,13.14675 140.42263,14.328 L 148.26638,14.328 C 148.23638,12.9755 147.85138,11.928 147.15263,11.15675 M 152.59138,17.50425 L 140.46013,17.50425 C 140.42263,18.898 140.91013,20.2255 141.78388,21.0655 C 142.41263,21.648 143.28263,22.17175 144.46888,22.17175 C 145.72263,22.17175 146.49138,21.928 147.12013,21.3055 C 147.50138,20.9205 147.81513,20.43175 147.99263,19.7705 L 152.17263,19.7705 C 152.06763,20.84675 151.33638,22.28425 150.64138,23.11425 C 149.10638,24.92925 146.84013,25.6605 144.53763,25.6605 C 142.06388,25.6605 140.24888,24.79175 138.81888,23.4305 C 137.00763,21.69175 136.03638,19.138 136.03638,16.1805 C 136.03638,13.28175 136.90138,10.7055 138.64763,8.92675 C 140.00513,7.53425 141.96138,6.62675 144.43138,6.62675 C 147.12013,6.62675 149.56138,7.70925 151.05638,9.9705 C 152.38013,11.9605 152.69763,14.0155 152.63013,16.27925 C 152.63013,16.27925 152.59138,17.11925 152.59138,17.50425"
     id="path2655"
     style="fill:#76b96a;fill-opacity:1;fill-rule:nonzero;stroke:none" />
  <path
     d="M 165.072,10.95287 C 162.002,10.95287 160.402,13.14662 160.402,16.07912 L 160.402,25.20912 L 156.007,25.20912 L 156.007,7.07912 L 159.707,7.07912 L 160.08825,9.80037 C 160.9245,7.70912 163.08575,6.83537 165.21325,6.83537 C 165.6645,6.83537 166.11575,6.87537 166.57075,6.94162 L 166.57075,11.12412 C 166.08325,11.01787 165.562,10.95287 165.072,10.95287"
     id="path2659"
     style="fill:#76b96a;fill-opacity:1;fill-rule:nonzero;stroke:none" />
  <path
     d="M 175.46075,9.9025 C 173.4745,9.9025 172.25325,11.3325 172.25325,13.28125 C 172.25325,15.235 173.4745,16.635 175.46075,16.635 C 177.45075,16.635 178.6695,15.235 178.6695,13.28125 C 178.6695,11.3325 177.45075,9.9025 175.46075,9.9025 M 176.2645,25.48625 L 172.84575,25.48625 C 171.907,25.76875 171.2095,26.5725 171.2095,27.71875 C 171.2095,30.0175 174.06825,30.22875 175.777,30.22875 C 177.517,30.22875 180.587,30.12375 180.587,27.71875 C 180.587,25.48625 177.902,25.48625 176.2645,25.48625 M 175.9495,33.68125 C 173.75075,33.68125 171.41575,33.50625 169.53075,32.18625 C 168.14325,31.20375 167.3345,29.91625 167.3345,28.20625 C 167.3345,26.63875 168.10575,25.20875 169.49575,24.51125 C 168.34575,23.88125 167.68325,22.59375 167.68325,21.4075 C 167.68325,19.8725 168.382,18.65125 169.84825,17.74875 C 168.73075,16.635 168.037,15.1325 168.037,13.28125 C 168.037,8.96375 171.38325,6.6275 175.46075,6.6275 C 176.9595,6.6275 178.3895,7.05 179.5745,7.74125 C 180.342,6.17 181.73575,5.4775 183.27075,5.4775 C 183.5545,5.4775 184.177,5.4775 184.457,5.5475 L 184.457,8.92625 C 184.347,8.92625 184.212,8.89 184.1045,8.89 C 183.092,8.89 182.187,9.17125 181.91075,10.0475 C 182.507,11.01875 182.84825,12.09875 182.84825,13.3175 C 182.84825,17.4675 179.367,19.90875 175.46075,19.90875 C 174.4495,19.90875 173.43825,19.73125 172.53325,19.42125 C 172.1145,19.665 171.627,20.11625 171.627,20.70625 C 171.627,21.79375 172.707,22.0375 173.61325,22.0375 L 176.607,22.0375 C 178.42575,22.0375 180.797,22.06875 182.507,23.26 C 184.07575,24.335 184.70075,25.8675 184.70075,27.61375 C 184.70075,32.38875 179.99325,33.68125 175.9495,33.68125"
     id="path2663"
     style="fill:#76b96a;fill-opacity:1;fill-rule:nonzero;stroke:none" />
  <path
     d="M 196.66075,28.31187 C 195.7595,30.68312 194.257,32.84812 191.08575,32.84812 C 189.65825,32.84812 188.677,32.63687 187.73825,32.38937 L 187.73825,28.76312 C 188.887,28.97312 189.2045,29.07562 190.1745,29.07562 C 190.9795,29.07562 191.8195,28.79937 192.267,27.71812 L 193.31825,25.18062 L 186.16325,7.07937 L 190.947,7.07937 L 195.68575,20.18812 L 200.21575,7.07937 L 204.64575,7.07937 L 196.66075,28.31187 z"
     id="path2667"
     style="fill:#76b96a;fill-opacity:1;fill-rule:nonzero;stroke:none" />
  <path
     d="M 8.33375,21.5785 C 6.195,21.5785 4.58375,20.3235 4.3975,17.9485 L 4.40125,17.9485 L 4.40125,14.231 L 6.715,14.231 L 6.71875,14.231 L 7.9075,14.231 C 10.19125,14.231 12.2,15.39475 12.2,17.92225 C 12.2,20.2435 10.50875,21.5785 8.33375,21.5785 M 8.33375,3.936 L 8.33375,3.93225 C 10.265,3.936 11.6725,5.376 11.6725,7.12975 C 11.6725,9.421 10.30125,10.39975 7.9075,10.39975 L 6.89625,10.39975 L 6.89625,10.38975 L 4.40125,10.38975 L 4.40125,3.936 L 8.33375,3.936 z M 12.6225,12.266 C 14.83375,11.49225 16.13625,9.2435 16.13625,7.0285 C 16.13625,2.8085 12.76,0.0685 8.33375,0.0685 L 0,0.066 L 0,17.9335 L 0,17.94475 L 0,17.9485 C 0.1525,22.506 3.80375,25.441 8.2975,25.441 C 12.9025,25.441 16.6275,22.88475 16.6275,17.996 C 16.6275,15.46725 15.15,12.9685 12.6225,12.266"
     id="path2671"
     style="fill:#233444;fill-opacity:1;fill-rule:nonzero;stroke:none" />
  <path
     d="M 208.7195,8.65 C 208.617,8.61 208.4745,8.59125 208.2895,8.59125 L 208.11075,8.59125 L 208.11075,9.41125 L 208.39825,9.41125 C 208.57075,9.41125 208.70575,9.37625 208.80325,9.3075 C 208.90075,9.2375 208.94825,9.12625 208.94825,8.9725 C 208.94825,8.8175 208.872,8.71 208.7195,8.65 M 207.3695,10.92 L 207.3695,8.09125 C 207.54575,8.09125 207.80825,8.09375 208.157,8.09375 C 208.507,8.09625 208.70075,8.0975 208.74075,8.09875 C 208.9645,8.115 209.1495,8.16375 209.297,8.24375 C 209.5495,8.3825 209.67575,8.6075 209.67575,8.91875 C 209.67575,9.1575 209.60825,9.32875 209.47575,9.435 C 209.34325,9.54 209.18075,9.60375 208.987,9.62375 C 209.16325,9.66125 209.297,9.71625 209.38825,9.7875 C 209.55325,9.9225 209.63575,10.13375 209.63575,10.4225 L 209.63575,10.675 C 209.63575,10.7025 209.6395,10.73125 209.64075,10.7575 C 209.64575,10.785 209.652,10.8125 209.66325,10.84125 L 209.68825,10.92 L 208.98325,10.92 C 208.96075,10.83125 208.9445,10.7 208.93575,10.52875 C 208.92825,10.35875 208.912,10.2425 208.8895,10.18375 C 208.852,10.08375 208.782,10.015 208.682,9.97625 C 208.62575,9.9525 208.54075,9.9375 208.4295,9.93 L 208.26575,9.92 L 208.11075,9.92 L 208.11075,10.92 L 207.3695,10.92 z M 206.98825,8.0225 C 206.582,8.43875 206.38075,8.93125 206.38075,9.50125 C 206.38075,10.0925 206.58575,10.595 206.9995,11.0075 C 207.4095,11.42 207.90575,11.62625 208.48825,11.62625 C 209.067,11.62625 209.562,11.41875 209.97325,11.00375 C 210.38325,10.58625 210.5895,10.085 210.5895,9.50125 C 210.5895,8.935 210.38575,8.44125 209.977,8.0225 C 209.56325,7.59875 209.067,7.385 208.48825,7.385 C 207.90075,7.385 207.402,7.59875 206.98825,8.0225 M 210.27325,11.3325 C 209.77825,11.8125 209.182,12.05375 208.48825,12.05375 C 207.7695,12.05375 207.1645,11.80625 206.67325,11.31375 C 206.182,10.8225 205.93575,10.22 205.93575,9.50125 C 205.93575,8.755 206.20075,8.13625 206.732,7.6425 C 207.2295,7.18 207.817,6.95 208.48825,6.95 C 209.19075,6.95 209.792,7.19875 210.292,7.69875 C 210.7895,8.19625 211.0395,8.7975 211.0395,9.50125 C 211.0395,10.22625 210.7845,10.83625 210.27325,11.3325"
     id="path2675"
     style="fill:#76b96a;fill-opacity:1;fill-rule:nonzero;stroke:none" />
</svg>
<!-- version: 20090314, original size: 211.03951 33.681252, border: 3% -->
