<svg version="1.1" id="Layer_1" xmlns="http://www.w3.org/2000/svg" xmlns:xlink="http://www.w3.org/1999/xlink" x="0px" y="0px"
	 width="100%" viewBox="0 0 1366 768" enable-background="new 0 0 1366 768" xml:space="preserve">
<path fill="#FEFEFE" opacity="1.000000" stroke="none" 
	d="
M787.000000,769.000000 
	C524.697266,769.000000 262.894562,769.000000 1.045930,769.000000 
	C1.045930,513.060547 1.045930,257.121124 1.045930,1.090837 
	C456.219513,1.090837 911.439026,1.090837 1366.829346,1.090837 
	C1366.829346,256.999908 1366.829346,512.999939 1366.829346,769.000000 
	C1173.787476,769.000000 980.643738,769.000000 787.000000,769.000000 
M478.724762,573.058472 
	C481.531891,573.223267 481.940186,571.537903 481.899445,569.223816 
	C481.808533,564.062134 482.068390,558.887756 481.807281,553.737793 
	C481.621582,550.074768 482.784210,548.910095 486.565002,548.789856 
	C492.434967,548.603333 498.589661,548.457031 504.029633,546.575867 
	C508.140869,545.154236 512.444153,541.718445 514.673706,537.990112 
	C518.626709,531.379578 520.612549,524.313721 518.254150,515.801514 
	C515.300781,505.142029 508.072388,496.714600 497.216217,496.230347 
	C487.408844,495.792847 477.565857,496.072845 467.739990,496.173676 
	C464.203857,496.209961 462.090179,498.321655 462.077545,501.818634 
	C461.995789,524.470276 461.990601,547.122559 462.163757,569.773132 
	C462.171722,570.816223 464.128510,571.844421 466.077637,572.921387 
	C470.013245,572.922180 473.948853,572.922913 478.724762,573.058472 
M363.205322,572.825073 
	C367.950867,572.825073 372.696442,572.825073 377.835541,572.825073 
	C377.835541,564.427979 377.791534,556.634644 377.863220,548.842346 
	C377.883850,546.596497 377.503784,543.804565 381.057404,543.797241 
	C384.711517,543.789734 388.427185,543.578796 392.007233,544.144653 
	C398.946472,545.241455 401.298248,547.965088 402.061249,554.999878 
	C402.401245,558.134644 402.274628,561.325623 402.701080,564.444397 
	C403.871582,573.004944 403.943085,572.997620 412.442627,572.991272 
	C414.272736,572.989868 416.102814,572.963623 418.674072,573.102539 
	C419.608032,572.902222 420.541992,572.701965 420.463257,572.718872 
	C419.957977,566.466003 419.875702,560.542542 418.887024,554.774536 
	C418.104431,550.208618 416.629700,545.636475 414.664124,541.441101 
	C413.304016,538.538025 412.835632,536.830078 415.119171,534.022705 
	C420.830353,527.001404 421.257019,518.675415 418.374023,510.494324 
	C415.195984,501.475952 407.997101,496.779510 398.669891,496.335236 
	C388.201019,495.836578 377.689423,496.150604 367.197784,496.251221 
	C362.166473,496.299500 360.227295,498.234589 360.212372,503.272552 
	C360.147308,525.256897 360.151154,547.241760 360.274323,569.225647 
	C360.280884,570.399597 361.603790,571.566223 363.205322,572.825073 
M590.167603,205.524353 
	C544.340637,205.523193 498.513336,205.618042 452.686798,205.474274 
	C434.006805,205.415665 415.427521,205.613907 397.226562,210.710052 
	C387.224609,213.510544 377.764404,217.322891 369.502563,223.668274 
	C351.277832,237.665497 343.474854,257.373260 342.589142,279.226440 
	C341.321442,310.505035 341.758820,341.865753 342.026947,373.186615 
	C342.121765,384.263977 342.966156,395.496399 345.031433,406.360901 
	C349.022430,427.355469 360.269989,443.567566 379.710999,453.507080 
	C397.191742,462.444427 416.256378,465.236267 435.321320,465.374542 
	C488.450317,465.759918 541.588440,465.069855 594.721313,464.615936 
	C609.472046,464.489960 623.791809,461.516937 637.423279,455.804138 
	C653.210266,449.187958 665.044250,438.378754 672.077698,422.517426 
	C677.985962,409.193695 680.383972,395.189819 680.440491,380.759430 
	C680.557434,350.930634 680.469666,321.101105 680.479614,291.271851 
	C680.484680,276.148010 678.138855,261.509521 671.790771,247.641800 
	C664.183167,231.022827 651.380493,220.040802 634.527283,213.719986 
	C620.570312,208.485367 605.949036,206.305618 590.167603,205.524353 
M1022.911926,453.485840 
	C1022.911926,455.818115 1022.910217,458.150391 1022.912292,460.482666 
	C1022.918457,467.402740 1022.919006,467.410187 1029.666870,467.410614 
	C1070.148560,467.413086 1110.630493,467.484711 1151.112061,467.391449 
	C1192.084961,467.297058 1233.064087,467.401184 1274.027344,466.676788 
	C1290.912231,466.378174 1307.409790,462.463806 1321.839111,453.116730 
	C1339.567017,441.633118 1349.496216,425.236969 1349.578491,403.768036 
	C1349.738281,362.120789 1349.745361,320.471771 1349.503052,278.825317 
	C1349.464111,272.144928 1348.612549,265.237640 1346.740601,258.843933 
	C1341.586060,241.238464 1329.822510,229.102325 1313.242432,221.625473 
	C1295.286865,213.528320 1275.997192,211.514877 1256.744019,211.411026 
	C1181.446899,211.004898 1106.146118,211.244812 1030.846802,211.244995 
	C1022.924744,211.245026 1022.914124,211.246231 1022.913818,219.096390 
	C1022.911011,296.894623 1022.911987,374.692841 1022.911926,453.485840 
M847.500000,462.848419 
	C854.999023,462.848419 862.498047,462.854431 869.997070,462.846558 
	C876.203613,462.840057 876.480957,462.593445 876.486450,456.387695 
	C876.504395,436.057587 877.125671,415.700714 876.267517,395.406891 
	C875.710083,382.225098 877.366150,370.725403 888.499207,362.263641 
	C888.628296,362.165527 888.713379,362.010162 888.821472,361.883606 
	C917.183228,328.661255 945.543884,295.438019 973.907837,262.217560 
	C986.852661,247.056305 999.819336,231.913574 1012.724670,216.718796 
	C1013.784058,215.471527 1014.447937,213.888336 1015.736206,211.719437 
	C1013.232056,211.495468 1011.799316,211.256683 1010.366455,211.255524 
	C982.537537,211.233124 954.707581,211.139252 926.881226,211.406296 
	C924.364136,211.430466 921.171936,213.219070 919.475769,215.200546 
	C906.619812,230.218277 894.040466,245.473251 881.411560,260.684692 
	C869.314636,275.255463 857.145325,289.768646 845.231567,304.488281 
	C837.685181,313.811981 837.558655,313.845886 829.932617,304.601166 
	C805.297241,274.736511 780.537537,244.974411 755.855835,215.147949 
	C753.730225,212.579285 751.438782,211.143463 747.823486,211.162872 
	C720.161987,211.311417 692.499329,211.234619 664.837036,211.260208 
	C663.130066,211.261780 661.423340,211.537430 658.997375,211.747971 
	C660.422058,213.924530 661.183044,215.402390 662.231323,216.636185 
	C667.932251,223.346146 673.719604,229.982574 679.448975,236.668472 
	C717.399902,280.955139 755.325562,325.263367 793.320312,369.512329 
	C796.721436,373.473358 798.404175,377.573364 798.340271,383.010559 
	C798.052185,407.503296 798.303223,432.001984 798.138062,456.496979 
	C798.106018,461.254944 799.690002,463.003296 804.507874,462.926971 
	C818.502197,462.705231 832.502197,462.848267 847.500000,462.848419 
M59.500164,207.513458 
	C48.167397,207.513916 36.834579,207.493439 25.501886,207.522736 
	C18.752710,207.540176 18.554617,207.768860 18.554447,214.597351 
	C18.552452,294.758606 18.552599,374.919830 18.553885,455.081085 
	C18.554022,463.558075 18.810066,463.822266 27.191851,463.822571 
	C104.686607,463.825378 182.181366,463.811615 259.676117,463.836700 
	C272.847015,463.840973 285.893250,462.806488 298.509918,458.834351 
	C307.112152,456.126068 314.768555,451.766998 321.099518,445.076813 
	C333.003601,432.497345 335.167877,416.493713 336.514008,400.486084 
	C337.558868,388.060852 335.837036,375.669525 332.102234,363.629211 
	C327.400421,348.471558 316.922668,339.669159 302.016296,335.478424 
	C300.457184,335.040070 299.013489,334.191132 296.740936,333.191803 
	C298.374329,332.137817 298.982178,331.573334 299.700592,331.307343 
	C315.541260,325.441803 323.700073,313.157227 325.877594,297.297943 
	C328.063019,281.381134 328.831329,265.350922 324.089752,249.405380 
	C319.919464,235.380981 311.819397,225.083832 299.084259,218.339569 
	C283.904236,210.300552 267.436493,207.570251 250.487289,207.547714 
	C187.158356,207.463470 123.829239,207.514099 59.500164,207.513458 
M1183.316650,529.500244 
	C1183.316772,521.335876 1183.032349,513.157898 1183.422241,505.012207 
	C1183.660278,500.036560 1181.799194,498.263397 1177.104614,498.772064 
	C1176.116577,498.879089 1175.100220,498.860901 1174.108276,498.772400 
	C1169.644165,498.374023 1167.818237,500.201996 1167.930054,504.842316 
	C1168.174805,515.000183 1168.049438,525.168396 1167.964600,535.331421 
	C1167.949707,537.107300 1167.395996,538.878723 1167.010620,541.120789 
	C1165.807861,540.319092 1165.257202,540.149841 1165.050781,539.785583 
	C1159.412354,529.837524 1153.507080,520.023987 1148.303955,509.851776 
	C1144.713379,502.831909 1141.331665,497.080292 1131.729492,498.549896 
	C1127.436279,499.206940 1126.125488,500.152069 1126.161255,504.426147 
	C1126.339355,525.751892 1126.236572,547.079956 1126.256470,568.407166 
	C1126.257812,569.846863 1126.455322,571.286438 1126.550537,572.575989 
	C1131.425903,572.575989 1135.823853,572.575989 1140.997559,572.575989 
	C1140.997559,558.492859 1140.997559,544.813782 1140.997559,531.134705 
	C1141.436035,530.962219 1141.874512,530.789673 1142.313110,530.617188 
	C1143.366699,531.631653 1144.734375,532.468323 1145.425049,533.688232 
	C1151.947754,545.209229 1158.286987,556.834534 1164.865845,568.322754 
	C1165.906494,570.139893 1167.724243,572.493042 1169.451416,572.743347 
	C1173.819580,573.376282 1178.340698,572.953308 1183.316040,572.953308 
	C1183.316040,558.424744 1183.316040,544.462524 1183.316650,529.500244 
M1022.637573,512.022888 
	C1014.940674,526.457031 1014.558716,541.475525 1020.939453,556.148193 
	C1025.605957,566.878723 1033.570068,574.388367 1046.781494,573.032166 
	C1049.415283,572.761719 1052.133667,572.723877 1054.755737,573.045837 
	C1061.502930,573.874268 1066.480347,570.714294 1071.169678,566.467041 
	C1085.038086,553.906311 1086.119263,526.890198 1075.935547,510.613190 
	C1064.043091,491.605011 1034.491455,491.664703 1022.637573,512.022888 
M671.704346,572.987000 
	C675.131042,572.987000 678.557678,572.987000 682.383484,572.987000 
	C682.383484,565.891907 682.407654,559.591858 682.378296,553.292053 
	C682.325500,541.974915 682.468201,543.783813 692.236938,543.771240 
	C702.593750,543.757935 706.453064,547.654175 707.093994,558.179688 
	C707.326050,561.990112 707.495422,565.830261 708.159607,569.574097 
	C708.381592,570.825256 709.972900,572.673523 711.077271,572.777893 
	C715.147400,573.162476 719.275696,572.930664 723.728638,572.930664 
	C723.243896,568.220520 723.125977,564.080078 722.337830,560.071350 
	C720.929443,552.908325 722.287415,544.894714 716.090881,539.055176 
	C715.556274,538.551392 716.180237,536.380432 716.751831,535.224121 
	C718.333862,532.023926 720.791870,529.137878 721.801697,525.794800 
	C725.819885,512.492432 717.845886,499.368469 705.390076,498.920471 
	C694.084473,498.513885 682.753113,498.843811 671.433411,498.792297 
	C667.920288,498.776276 666.457214,500.157867 666.480469,503.891510 
	C666.615417,525.532104 666.618530,547.174500 666.471741,568.814941 
	C666.448730,572.209839 667.699402,573.293152 671.704346,572.987000 
M557.696594,544.905884 
	C558.522461,547.777771 559.289551,550.668091 560.184387,553.518311 
	C563.991516,565.644104 573.899719,572.992371 586.377441,572.993164 
	C589.876343,572.993408 593.391785,572.777588 596.870178,573.044617 
	C601.890442,573.429932 605.708862,571.255493 609.543640,568.364685 
	C625.584717,556.272095 626.820679,525.954346 616.160400,510.330231 
	C603.380676,491.599701 576.703125,491.609039 564.036316,510.403351 
	C557.123596,520.660095 556.617615,532.215698 557.696594,544.905884 
M257.387878,514.719971 
	C256.808960,515.721436 256.047729,516.660217 255.679108,517.733887 
	C251.549835,529.760437 251.510956,541.820740 255.584839,553.871643 
	C259.517639,565.505188 269.926453,572.993103 282.099579,572.993164 
	C284.594360,572.993225 287.111877,572.774475 289.580017,573.030945 
	C300.564941,574.172241 307.548187,568.091797 312.491028,559.557739 
	C320.191559,546.262451 320.180908,532.120422 315.344208,517.802795 
	C311.401215,506.130829 300.363159,497.289429 288.947601,496.668213 
	C274.221710,495.866852 263.586700,501.767120 257.387878,514.719971 
M165.237564,533.605347 
	C166.154221,529.586243 166.743103,525.455872 168.062042,521.573425 
	C170.199371,515.281921 175.144684,512.001587 181.542557,511.322052 
	C187.114685,510.730225 192.558823,514.942261 195.418259,520.942810 
	C196.025650,522.217468 197.576843,523.893250 198.715546,523.910522 
	C202.770996,523.972107 206.836060,523.397827 210.897491,523.064331 
	C210.020981,519.273010 209.152344,515.479797 208.253021,511.693909 
	C208.181030,511.390839 207.881973,511.147034 207.714081,510.860626 
	C197.008347,492.596283 170.166565,491.088470 157.659302,508.528717 
	C147.614868,522.534729 146.526108,538.346497 152.685165,554.104126 
	C157.657013,566.824341 166.641953,574.986084 181.723923,573.025940 
	C183.361938,572.813049 185.051544,572.997498 186.717224,572.997070 
	C199.809128,572.993652 211.973862,560.450439 211.586960,547.241516 
	C211.551910,546.045349 210.878738,543.877991 210.380234,543.841919 
	C206.428879,543.555725 202.345383,543.170227 198.530807,543.942688 
	C197.160492,544.220215 196.058670,547.483704 195.446976,549.564575 
	C192.523849,559.508545 181.236877,563.229919 173.118210,556.671753 
	C166.042007,550.955688 165.101273,542.916809 165.237564,533.605347 
M778.211975,521.451721 
	C772.575989,538.350525 766.939941,555.249268 761.048096,572.915161 
	C766.263672,572.915161 770.565247,573.122498 774.821716,572.775635 
	C775.945984,572.683960 777.491943,571.066467 777.893677,569.838562 
	C782.151917,556.823547 782.098999,556.806274 795.560303,556.806519 
	C805.372681,556.806702 805.358521,556.811279 808.398132,566.056641 
	C808.968201,567.790588 809.588623,569.528503 810.412537,571.149353 
	C810.790710,571.893433 811.701599,572.848694 812.398132,572.871277 
	C817.087891,573.023132 821.784973,572.950317 827.035156,572.950317 
	C823.627930,562.718750 820.599304,553.616760 817.565735,544.516479 
	C813.474548,532.243652 809.125977,520.049011 805.372009,507.673920 
	C802.711487,498.903595 803.055725,498.784363 793.991394,498.783630 
	C793.491394,498.783600 792.991455,498.783356 792.491455,498.783661 
	C786.130737,498.787384 785.145264,499.780762 783.370605,506.119781 
	C781.990234,511.050323 780.095459,515.836914 778.211975,521.451721 
M881.235046,565.393188 
	C881.235046,567.822449 881.235046,570.251709 881.235046,572.998962 
	C885.140259,572.998962 888.307495,572.780701 891.432373,573.051880 
	C895.777893,573.428894 897.134094,571.835876 897.063049,567.399170 
	C896.802063,551.093018 897.052917,534.779236 896.894958,518.470459 
	C896.855469,514.392944 898.193237,512.589783 902.366394,512.969421 
	C904.677246,513.179626 907.023071,513.013062 909.353088,513.004028 
	C916.195740,512.977356 916.480713,512.701111 916.516052,506.105652 
	C916.521423,505.107086 916.441650,504.101685 916.531006,503.111145 
	C916.801331,500.114990 915.352173,498.795746 912.471252,498.794128 
	C896.826843,498.785309 881.182068,498.733582 865.538574,498.851013 
	C864.301392,498.860291 862.064026,499.970795 862.010986,500.695404 
	C861.748047,504.288147 861.439575,508.124512 862.509460,511.434753 
	C862.886658,512.601929 867.115845,512.664429 869.618286,512.959473 
	C871.588135,513.191650 873.632141,513.208496 875.599243,512.965332 
	C879.920166,512.431030 881.407104,513.994812 881.332275,518.488281 
	C881.077515,533.795715 881.235046,549.110107 881.235046,565.393188 
M957.443115,546.499878 
	C957.443115,555.236572 957.443115,563.973267 957.443115,572.625732 
	C963.025574,572.625732 967.790405,572.625732 973.104858,572.625732 
	C973.104858,570.469055 973.104919,568.679993 973.104919,566.890930 
	C973.104980,547.594971 973.129395,528.299011 973.094604,509.003143 
	C973.077148,499.302216 975.015442,498.760895 962.775635,498.674072 
	C958.593872,498.644440 957.306213,499.960144 957.366577,504.081268 
	C957.568665,517.884888 957.443359,531.693298 957.443115,546.499878 
z"/>
<path fill="#102542" opacity="1.000000" stroke="none" 
	d="
M590.636475,205.528625 
	C605.949036,206.305618 620.570312,208.485367 634.527283,213.719986 
	C651.380493,220.040802 664.183167,231.022827 671.790771,247.641800 
	C678.138855,261.509521 680.484680,276.148010 680.479614,291.271851 
	C680.469666,321.101105 680.557434,350.930634 680.440491,380.759430 
	C680.383972,395.189819 677.985962,409.193695 672.077698,422.517426 
	C665.044250,438.378754 653.210266,449.187958 637.423279,455.804138 
	C623.791809,461.516937 609.472046,464.489960 594.721313,464.615936 
	C541.588440,465.069855 488.450317,465.759918 435.321320,465.374542 
	C416.256378,465.236267 397.191742,462.444427 379.710999,453.507080 
	C360.269989,443.567566 349.022430,427.355469 345.031433,406.360901 
	C342.966156,395.496399 342.121765,384.263977 342.026947,373.186615 
	C341.758820,341.865753 341.321442,310.505035 342.589142,279.226440 
	C343.474854,257.373260 351.277832,237.665497 369.502563,223.668274 
	C377.764404,217.322891 387.224609,213.510544 397.226562,210.710052 
	C415.427521,205.613907 434.006805,205.415665 452.686798,205.474274 
	C498.513336,205.618042 544.340637,205.523193 590.636475,205.528625 
M419.947998,340.499939 
	C419.950714,346.163910 419.374695,351.902283 420.090851,357.474579 
	C421.183807,365.978729 421.847046,374.918335 425.076111,382.681702 
	C430.375305,395.421875 442.212372,399.062775 455.056213,399.111084 
	C492.371094,399.251434 529.688965,399.360596 567.000122,398.966339 
	C573.262268,398.900208 579.931580,397.217133 585.652527,394.611786 
	C596.895020,389.491882 600.473877,378.913055 601.187866,367.549561 
	C601.990601,354.772583 602.150085,341.940857 602.151367,329.132904 
	C602.152222,320.330048 601.986389,311.451263 600.847046,302.743561 
	C599.441345,292.000153 595.080322,282.060028 584.756592,277.299133 
	C577.688599,274.039642 569.562439,271.582855 561.861389,271.445160 
	C527.734375,270.835083 493.563507,270.380829 459.461456,271.492737 
	C437.543304,272.207397 422.902924,281.211395 420.958588,307.094513 
	C420.149780,317.860870 420.257172,328.696106 419.947998,340.499939 
z"/>
<path fill="#112642" opacity="1.000000" stroke="none" 
	d="
M1022.911865,452.988464 
	C1022.911987,374.692841 1022.911011,296.894623 1022.913818,219.096390 
	C1022.914124,211.246231 1022.924744,211.245026 1030.846802,211.244995 
	C1106.146118,211.244812 1181.446899,211.004898 1256.744019,211.411026 
	C1275.997192,211.514877 1295.286865,213.528320 1313.242432,221.625473 
	C1329.822510,229.102325 1341.586060,241.238464 1346.740601,258.843933 
	C1348.612549,265.237640 1349.464111,272.144928 1349.503052,278.825317 
	C1349.745361,320.471771 1349.738281,362.120789 1349.578491,403.768036 
	C1349.496216,425.236969 1339.567017,441.633118 1321.839111,453.116730 
	C1307.409790,462.463806 1290.912231,466.378174 1274.027344,466.676788 
	C1233.064087,467.401184 1192.084961,467.297058 1151.112061,467.391449 
	C1110.630493,467.484711 1070.148560,467.413086 1029.666870,467.410614 
	C1022.919006,467.410187 1022.918457,467.402740 1022.912292,460.482666 
	C1022.910217,458.150391 1022.911926,455.818115 1022.911865,452.988464 
M1143.499878,401.435455 
	C1174.314209,401.435211 1205.131836,401.673767 1235.940674,401.260193 
	C1243.285522,401.161591 1251.047363,400.023346 1257.834229,397.364410 
	C1270.633179,392.350220 1275.394653,380.821838 1275.848145,368.152283 
	C1276.556274,348.368317 1276.624512,328.516724 1275.825684,308.739716 
	C1275.316650,296.137421 1270.732178,284.258759 1257.559448,279.819000 
	C1249.239746,277.014923 1239.976318,276.040131 1231.120850,275.960419 
	C1188.983643,275.581116 1146.840820,275.848755 1104.700684,275.705322 
	C1100.164795,275.689880 1098.626587,276.962433 1098.646606,281.642426 
	C1098.808960,319.784882 1098.793945,357.928528 1098.658813,396.071228 
	C1098.644165,400.195251 1099.847656,401.587219 1104.024780,401.515320 
	C1116.846436,401.294647 1129.674316,401.435394 1143.499878,401.435455 
z"/>
<path fill="#122743" opacity="1.000000" stroke="none" 
	d="
M847.000000,462.848328 
	C832.502197,462.848267 818.502197,462.705231 804.507874,462.926971 
	C799.690002,463.003296 798.106018,461.254944 798.138062,456.496979 
	C798.303223,432.001984 798.052185,407.503296 798.340271,383.010559 
	C798.404175,377.573364 796.721436,373.473358 793.320312,369.512329 
	C755.325562,325.263367 717.399902,280.955139 679.448975,236.668472 
	C673.719604,229.982574 667.932251,223.346146 662.231323,216.636185 
	C661.183044,215.402390 660.422058,213.924530 658.997375,211.747971 
	C661.423340,211.537430 663.130066,211.261780 664.837036,211.260208 
	C692.499329,211.234619 720.161987,211.311417 747.823486,211.162872 
	C751.438782,211.143463 753.730225,212.579285 755.855835,215.147949 
	C780.537537,244.974411 805.297241,274.736511 829.932617,304.601166 
	C837.558655,313.845886 837.685181,313.811981 845.231567,304.488281 
	C857.145325,289.768646 869.314636,275.255463 881.411560,260.684692 
	C894.040466,245.473251 906.619812,230.218277 919.475769,215.200546 
	C921.171936,213.219070 924.364136,211.430466 926.881226,211.406296 
	C954.707581,211.139252 982.537537,211.233124 1010.366455,211.255524 
	C1011.799316,211.256683 1013.232056,211.495468 1015.736206,211.719437 
	C1014.447937,213.888336 1013.784058,215.471527 1012.724670,216.718796 
	C999.819336,231.913574 986.852661,247.056305 973.907837,262.217560 
	C945.543884,295.438019 917.183228,328.661255 888.821472,361.883606 
	C888.713379,362.010162 888.628296,362.165527 888.499207,362.263641 
	C877.366150,370.725403 875.710083,382.225098 876.267517,395.406891 
	C877.125671,415.700714 876.504395,436.057587 876.486450,456.387695 
	C876.480957,462.593445 876.203613,462.840057 869.997070,462.846558 
	C862.498047,462.854431 854.999023,462.848419 847.000000,462.848328 
z"/>
<path fill="#626F83" opacity="1.000000" stroke="none" 
	d="
M60.000175,207.513794 
	C123.829239,207.514099 187.158356,207.463470 250.487289,207.547714 
	C267.436493,207.570251 283.904236,210.300552 299.084259,218.339569 
	C311.819397,225.083832 319.919464,235.380981 324.089752,249.405380 
	C328.831329,265.350922 328.063019,281.381134 325.877594,297.297943 
	C323.700073,313.157227 315.541260,325.441803 299.700592,331.307343 
	C298.982178,331.573334 298.374329,332.137817 296.740936,333.191803 
	C299.013489,334.191132 300.457184,335.040070 302.016296,335.478424 
	C316.922668,339.669159 327.400421,348.471558 332.102234,363.629211 
	C335.837036,375.669525 337.558868,388.060852 336.514008,400.486084 
	C335.167877,416.493713 333.003601,432.497345 321.099518,445.076813 
	C314.768555,451.766998 307.112152,456.126068 298.509918,458.834351 
	C285.893250,462.806488 272.847015,463.840973 259.676117,463.836700 
	C182.181366,463.811615 104.686607,463.825378 27.191851,463.822571 
	C18.810066,463.822266 18.554022,463.558075 18.553885,455.081085 
	C18.552599,374.919830 18.552452,294.758606 18.554447,214.597351 
	C18.554617,207.768860 18.752710,207.540176 25.501886,207.522736 
	C36.834579,207.493439 48.167397,207.513916 60.000175,207.513794 
M332.670166,374.268097 
	C331.251984,369.934601 329.972168,365.549927 328.390656,361.276917 
	C322.798737,346.168854 310.914154,339.416962 295.846008,336.796082 
	C294.190369,336.508118 292.743927,335.017609 291.200439,334.084869 
	C292.625641,332.749573 293.851837,331.037689 295.517517,330.157440 
	C298.970062,328.332916 302.860840,327.297852 306.210480,325.325287 
	C320.271454,317.044891 323.224152,302.549713 324.701141,288.332916 
	C325.792725,277.826447 325.495300,267.082581 323.412079,256.247131 
	C319.785492,237.384293 309.255829,224.875809 292.409454,217.436646 
	C279.027557,211.527374 264.197815,209.562500 250.001633,209.414139 
	C175.851089,208.639191 101.688110,209.050476 27.529463,209.063370 
	C25.765017,209.063675 24.000601,209.230118 21.846388,209.338699 
	C21.846388,211.537399 21.846390,213.181564 21.846388,214.825729 
	C21.846382,294.817078 21.882532,374.808472 21.755663,454.799622 
	C21.748133,459.548584 23.047073,461.093872 27.925781,461.085785 
	C108.250214,460.952789 188.574951,461.023712 268.899536,460.955017 
	C280.708954,460.944946 292.431915,459.238708 303.294861,454.640869 
	C321.877533,446.775696 330.617554,431.054626 332.841400,412.067566 
	C334.265045,399.912567 333.009460,387.443756 332.670166,374.268097 
z"/>
<path fill="#1E324D" opacity="1.000000" stroke="none" 
	d="
M1183.316406,530.000244 
	C1183.316040,544.462524 1183.316040,558.424744 1183.316040,572.953308 
	C1178.340698,572.953308 1173.819580,573.376282 1169.451416,572.743347 
	C1167.724243,572.493042 1165.906494,570.139893 1164.865845,568.322754 
	C1158.286987,556.834534 1151.947754,545.209229 1145.425049,533.688232 
	C1144.734375,532.468323 1143.366699,531.631653 1142.313110,530.617188 
	C1141.874512,530.789673 1141.436035,530.962219 1140.997559,531.134705 
	C1140.997559,544.813782 1140.997559,558.492859 1140.997559,572.575989 
	C1135.823853,572.575989 1131.425903,572.575989 1126.550537,572.575989 
	C1126.455322,571.286438 1126.257812,569.846863 1126.256470,568.407166 
	C1126.236572,547.079956 1126.339355,525.751892 1126.161255,504.426147 
	C1126.125488,500.152069 1127.436279,499.206940 1131.729492,498.549896 
	C1141.331665,497.080292 1144.713379,502.831909 1148.303955,509.851776 
	C1153.507080,520.023987 1159.412354,529.837524 1165.050781,539.785583 
	C1165.257202,540.149841 1165.807861,540.319092 1167.010620,541.120789 
	C1167.395996,538.878723 1167.949707,537.107300 1167.964600,535.331421 
	C1168.049438,525.168396 1168.174805,515.000183 1167.930054,504.842316 
	C1167.818237,500.201996 1169.644165,498.374023 1174.108276,498.772400 
	C1175.100220,498.860901 1176.116577,498.879089 1177.104614,498.772064 
	C1181.799194,498.263397 1183.660278,500.036560 1183.422241,505.012207 
	C1183.032349,513.157898 1183.316772,521.335876 1183.316406,530.000244 
z"/>
<path fill="#1E324D" opacity="1.000000" stroke="none" 
	d="
M1022.782776,511.689972 
	C1034.491455,491.664703 1064.043091,491.605011 1075.935547,510.613190 
	C1086.119263,526.890198 1085.038086,553.906311 1071.169678,566.467041 
	C1066.480347,570.714294 1061.502930,573.874268 1054.755737,573.045837 
	C1052.133667,572.723877 1049.415283,572.761719 1046.781494,573.032166 
	C1033.570068,574.388367 1025.605957,566.878723 1020.939453,556.148193 
	C1014.558716,541.475525 1014.940674,526.457031 1022.782776,511.689972 
M1047.870972,511.046265 
	C1042.211792,512.292786 1037.546509,515.115723 1035.356689,520.611816 
	C1031.468750,530.369141 1031.126953,540.453247 1035.149414,550.174866 
	C1037.788208,556.552551 1042.719238,560.372070 1050.342651,559.934082 
	C1057.576538,559.518433 1061.705811,555.652893 1064.510986,549.380310 
	C1068.102173,541.350525 1067.663208,533.068420 1065.693115,525.004456 
	C1063.484741,515.965393 1057.173706,511.315704 1047.870972,511.046265 
z"/>
<path fill="#1D304B" opacity="1.000000" stroke="none" 
	d="
M671.243774,572.985107 
	C667.699402,573.293152 666.448730,572.209839 666.471741,568.814941 
	C666.618530,547.174500 666.615417,525.532104 666.480469,503.891510 
	C666.457214,500.157867 667.920288,498.776276 671.433411,498.792297 
	C682.753113,498.843811 694.084473,498.513885 705.390076,498.920471 
	C717.845886,499.368469 725.819885,512.492432 721.801697,525.794800 
	C720.791870,529.137878 718.333862,532.023926 716.751831,535.224121 
	C716.180237,536.380432 715.556274,538.551392 716.090881,539.055176 
	C722.287415,544.894714 720.929443,552.908325 722.337830,560.071350 
	C723.125977,564.080078 723.243896,568.220520 723.728638,572.930664 
	C719.275696,572.930664 715.147400,573.162476 711.077271,572.777893 
	C709.972900,572.673523 708.381592,570.825256 708.159607,569.574097 
	C707.495422,565.830261 707.326050,561.990112 707.093994,558.179688 
	C706.453064,547.654175 702.593750,543.757935 692.236938,543.771240 
	C682.468201,543.783813 682.325500,541.974915 682.378296,553.292053 
	C682.407654,559.591858 682.383484,565.891907 682.383484,572.987000 
	C678.557678,572.987000 675.131042,572.987000 671.243774,572.985107 
M706.644409,528.078491 
	C706.749939,527.384094 706.855408,526.689697 706.996765,525.105835 
	C706.884521,522.194763 706.772278,519.283752 706.878540,515.644104 
	C706.008911,514.507324 705.372192,512.981934 704.231140,512.297852 
	C697.642517,508.347809 690.037354,508.968719 683.551575,510.844360 
	C677.886902,512.482483 680.672913,519.471680 680.159973,524.193848 
	C680.053650,525.173584 680.087646,526.187683 680.202087,527.169006 
	C680.868713,532.884338 683.119324,534.096436 689.874146,531.854614 
	C691.914246,531.888672 693.954407,531.922729 696.467712,532.569031 
	C699.266785,532.554199 702.841736,534.756775 704.318481,529.503052 
	C704.896240,529.011902 705.473999,528.520691 706.644409,528.078491 
z"/>
<path fill="#1E324D" opacity="1.000000" stroke="none" 
	d="
M557.651123,544.463806 
	C556.617615,532.215698 557.123596,520.660095 564.036316,510.403351 
	C576.703125,491.609039 603.380676,491.599701 616.160400,510.330231 
	C626.820679,525.954346 625.584717,556.272095 609.543640,568.364685 
	C605.708862,571.255493 601.890442,573.429932 596.870178,573.044617 
	C593.391785,572.777588 589.876343,572.993408 586.377441,572.993164 
	C573.899719,572.992371 563.991516,565.644104 560.184387,553.518311 
	C559.289551,550.668091 558.522461,547.777771 557.651123,544.463806 
M606.381348,545.648193 
	C606.402771,539.078247 607.052917,532.433655 606.284851,525.957336 
	C605.345337,518.034851 599.148010,512.200989 592.110413,511.069763 
	C585.685486,510.037018 579.290955,513.766479 575.684814,521.382263 
	C571.502136,530.216003 571.838501,539.535767 574.915344,548.522156 
	C577.417175,555.828918 582.523804,560.404419 591.032654,559.888245 
	C598.394043,559.441650 603.310181,555.266052 606.381348,545.648193 
z"/>
<path fill="#1E324D" opacity="1.000000" stroke="none" 
	d="
M257.524963,514.372681 
	C263.586700,501.767120 274.221710,495.866852 288.947601,496.668213 
	C300.363159,497.289429 311.401215,506.130829 315.344208,517.802795 
	C320.180908,532.120422 320.191559,546.262451 312.491028,559.557739 
	C307.548187,568.091797 300.564941,574.172241 289.580017,573.030945 
	C287.111877,572.774475 284.594360,572.993225 282.099579,572.993164 
	C269.926453,572.993103 259.517639,565.505188 255.584839,553.871643 
	C251.510956,541.820740 251.549835,529.760437 255.679108,517.733887 
	C256.047729,516.660217 256.808960,515.721436 257.524963,514.372681 
M298.541046,518.112305 
	C290.699677,507.844452 279.196594,509.512177 272.850403,517.926819 
	C266.925598,525.782715 266.491974,545.397888 273.193115,553.871826 
	C280.221436,562.759521 293.471741,562.182861 298.953278,552.139526 
	C304.944214,541.162842 304.258850,529.884216 298.541046,518.112305 
z"/>
<path fill="#1E324D" opacity="1.000000" stroke="none" 
	d="
M417.932922,572.948853 
	C416.102814,572.963623 414.272736,572.989868 412.442627,572.991272 
	C403.943085,572.997620 403.871582,573.004944 402.701080,564.444397 
	C402.274628,561.325623 402.401245,558.134644 402.061249,554.999878 
	C401.298248,547.965088 398.946472,545.241455 392.007233,544.144653 
	C388.427185,543.578796 384.711517,543.789734 381.057404,543.797241 
	C377.503784,543.804565 377.883850,546.596497 377.863220,548.842346 
	C377.791534,556.634644 377.835541,564.427979 377.835541,572.825073 
	C372.696442,572.825073 367.950867,572.825073 362.760864,572.329712 
	C362.293213,549.504272 362.346069,527.173706 362.175995,504.844818 
	C362.145691,500.866760 363.601807,499.561707 367.418976,499.608795 
	C378.915833,499.750641 390.416626,499.589325 401.912811,499.757080 
	C403.949493,499.786804 406.212677,500.425690 407.960480,501.470490 
	C418.418976,507.722137 420.727661,521.436401 414.554352,530.764221 
	C410.742493,536.523926 409.236877,539.814026 414.562714,544.471863 
	C414.900513,544.767273 415.098236,545.354431 415.147919,545.828247 
	C416.095398,554.866455 417.010864,563.908020 417.932922,572.948853 
M402.606628,519.913269 
	C402.272888,514.281311 398.608765,512.264282 393.649872,511.898834 
	C390.680756,511.679962 387.685059,511.805298 384.701324,511.804382 
	C377.748199,511.802307 377.748199,511.809235 377.723328,518.552002 
	C377.674286,531.846924 377.674286,531.846985 391.121155,531.820007 
	C399.888885,531.802490 402.157013,529.624573 402.606628,519.913269 
z"/>
<path fill="#20334E" opacity="1.000000" stroke="none" 
	d="
M165.228836,534.083618 
	C165.101273,542.916809 166.042007,550.955688 173.118210,556.671753 
	C181.236877,563.229919 192.523849,559.508545 195.446976,549.564575 
	C196.058670,547.483704 197.160492,544.220215 198.530807,543.942688 
	C202.345383,543.170227 206.428879,543.555725 210.380234,543.841919 
	C210.878738,543.877991 211.551910,546.045349 211.586960,547.241516 
	C211.973862,560.450439 199.809128,572.993652 186.717224,572.997070 
	C185.051544,572.997498 183.361938,572.813049 181.723923,573.025940 
	C166.641953,574.986084 157.657013,566.824341 152.685165,554.104126 
	C146.526108,538.346497 147.614868,522.534729 157.659302,508.528717 
	C170.166565,491.088470 197.008347,492.596283 207.714081,510.860626 
	C207.881973,511.147034 208.181030,511.390839 208.253021,511.693909 
	C209.152344,515.479797 210.020981,519.273010 210.897491,523.064331 
	C206.836060,523.397827 202.770996,523.972107 198.715546,523.910522 
	C197.576843,523.893250 196.025650,522.217468 195.418259,520.942810 
	C192.558823,514.942261 187.114685,510.730225 181.542557,511.322052 
	C175.144684,512.001587 170.199371,515.281921 168.062042,521.573425 
	C166.743103,525.455872 166.154221,529.586243 165.228836,534.083618 
z"/>
<path fill="#1E324D" opacity="1.000000" stroke="none" 
	d="
M778.320618,521.069580 
	C780.095459,515.836914 781.990234,511.050323 783.370605,506.119781 
	C785.145264,499.780762 786.130737,498.787384 792.491455,498.783661 
	C792.991455,498.783356 793.491394,498.783600 793.991394,498.783630 
	C803.055725,498.784363 802.711487,498.903595 805.372009,507.673920 
	C809.125977,520.049011 813.474548,532.243652 817.565735,544.516479 
	C820.599304,553.616760 823.627930,562.718750 827.035156,572.950317 
	C821.784973,572.950317 817.087891,573.023132 812.398132,572.871277 
	C811.701599,572.848694 810.790710,571.893433 810.412537,571.149353 
	C809.588623,569.528503 808.968201,567.790588 808.398132,566.056641 
	C805.358521,556.811279 805.372681,556.806702 795.560303,556.806519 
	C782.098999,556.806274 782.151917,556.823547 777.893677,569.838562 
	C777.491943,571.066467 775.945984,572.683960 774.821716,572.775635 
	C770.565247,573.122498 766.263672,572.915161 761.048096,572.915161 
	C766.939941,555.249268 772.575989,538.350525 778.320618,521.069580 
M792.751465,521.707336 
	C790.679504,527.781128 788.519714,533.827698 786.626526,539.956726 
	C786.328613,540.921082 786.878784,542.704895 787.661072,543.335815 
	C789.615723,544.912354 799.360535,543.496399 801.510193,541.689514 
	C800.789246,539.104309 800.332275,536.460754 799.318420,534.051514 
	C797.531067,529.804016 795.403931,525.699463 792.751465,521.707336 
z"/>
<path fill="#1A2E49" opacity="1.000000" stroke="none" 
	d="
M477.884460,572.923706 
	C473.948853,572.922913 470.013245,572.922180 465.517212,572.450623 
	C464.907806,549.355713 464.913696,526.731201 464.752350,504.107819 
	C464.727295,500.597198 465.978668,499.460602 469.408234,499.518860 
	C479.055145,499.682861 488.708527,499.479340 498.354706,499.663574 
	C500.583923,499.706146 503.005707,500.315918 504.979218,501.350647 
	C516.833740,507.566406 518.549194,519.575012 515.110291,532.024658 
	C513.598145,537.498962 510.146545,542.213074 504.403320,543.532959 
	C498.211273,544.955994 491.760529,545.466125 485.391144,545.846436 
	C478.714142,546.245178 478.522247,546.194031 478.399048,553.031921 
	C478.279633,559.663452 478.060059,566.293213 477.884460,572.923706 
M478.311371,527.177490 
	C477.550262,531.834229 479.937836,533.587891 484.215332,533.479248 
	C487.692352,533.391052 491.209625,533.481140 494.631775,532.972229 
	C499.566498,532.238464 502.536591,528.739685 502.937775,523.921509 
	C503.428436,518.028809 501.151978,513.561890 495.982758,512.276550 
	C491.878296,511.255951 487.481750,511.389618 483.210785,511.065338 
	C479.860931,510.811005 478.294678,512.464294 478.319336,515.781799 
	C478.345276,519.271729 478.316498,522.762146 478.311371,527.177490 
z"/>
<path fill="#21354F" opacity="1.000000" stroke="none" 
	d="
M881.235107,564.907471 
	C881.235046,549.110107 881.077515,533.795715 881.332275,518.488281 
	C881.407104,513.994812 879.920166,512.431030 875.599243,512.965332 
	C873.632141,513.208496 871.588135,513.191650 869.618286,512.959473 
	C867.115845,512.664429 862.886658,512.601929 862.509460,511.434753 
	C861.439575,508.124512 861.748047,504.288147 862.010986,500.695404 
	C862.064026,499.970795 864.301392,498.860291 865.538574,498.851013 
	C881.182068,498.733582 896.826843,498.785309 912.471252,498.794128 
	C915.352173,498.795746 916.801331,500.114990 916.531006,503.111145 
	C916.441650,504.101685 916.521423,505.107086 916.516052,506.105652 
	C916.480713,512.701111 916.195740,512.977356 909.353088,513.004028 
	C907.023071,513.013062 904.677246,513.179626 902.366394,512.969421 
	C898.193237,512.589783 896.855469,514.392944 896.894958,518.470459 
	C897.052917,534.779236 896.802063,551.093018 897.063049,567.399170 
	C897.134094,571.835876 895.777893,573.428894 891.432373,573.051880 
	C888.307495,572.780701 885.140259,572.998962 881.235046,572.998962 
	C881.235046,570.251709 881.235046,567.822449 881.235107,564.907471 
z"/>
<path fill="#20334E" opacity="1.000000" stroke="none" 
	d="
M957.443298,545.999878 
	C957.443359,531.693298 957.568665,517.884888 957.366577,504.081268 
	C957.306213,499.960144 958.593872,498.644440 962.775635,498.674072 
	C975.015442,498.760895 973.077148,499.302216 973.094604,509.003143 
	C973.129395,528.299011 973.104980,547.594971 973.104919,566.890930 
	C973.104919,568.679993 973.104858,570.469055 973.104858,572.625732 
	C967.790405,572.625732 963.025574,572.625732 957.443115,572.625732 
	C957.443115,563.973267 957.443115,555.236572 957.443298,545.999878 
z"/>
<path fill="#C2C7CF" opacity="1.000000" stroke="none" 
	d="
M478.304626,572.991089 
	C478.060059,566.293213 478.279633,559.663452 478.399048,553.031921 
	C478.522247,546.194031 478.714142,546.245178 485.391144,545.846436 
	C491.760529,545.466125 498.211273,544.955994 504.403320,543.532959 
	C510.146545,542.213074 513.598145,537.498962 515.110291,532.024658 
	C518.549194,519.575012 516.833740,507.566406 504.979218,501.350647 
	C503.005707,500.315918 500.583923,499.706146 498.354706,499.663574 
	C488.708527,499.479340 479.055145,499.682861 469.408234,499.518860 
	C465.978668,499.460602 464.727295,500.597198 464.752350,504.107819 
	C464.913696,526.731201 464.907806,549.355713 465.067230,572.429688 
	C464.128510,571.844421 462.171722,570.816223 462.163757,569.773132 
	C461.990601,547.122559 461.995789,524.470276 462.077545,501.818634 
	C462.090179,498.321655 464.203857,496.209961 467.739990,496.173676 
	C477.565857,496.072845 487.408844,495.792847 497.216217,496.230347 
	C508.072388,496.714600 515.300781,505.142029 518.254150,515.801514 
	C520.612549,524.313721 518.626709,531.379578 514.673706,537.990112 
	C512.444153,541.718445 508.140869,545.154236 504.029633,546.575867 
	C498.589661,548.457031 492.434967,548.603333 486.565002,548.789856 
	C482.784210,548.910095 481.621582,550.074768 481.807281,553.737793 
	C482.068390,558.887756 481.808533,564.062134 481.899445,569.223816 
	C481.940186,571.537903 481.531891,573.223267 478.304626,572.991089 
z"/>
<path fill="#B4BAC3" opacity="1.000000" stroke="none" 
	d="
M418.303497,573.025696 
	C417.010864,563.908020 416.095398,554.866455 415.147919,545.828247 
	C415.098236,545.354431 414.900513,544.767273 414.562714,544.471863 
	C409.236877,539.814026 410.742493,536.523926 414.554352,530.764221 
	C420.727661,521.436401 418.418976,507.722137 407.960480,501.470490 
	C406.212677,500.425690 403.949493,499.786804 401.912811,499.757080 
	C390.416626,499.589325 378.915833,499.750641 367.418976,499.608795 
	C363.601807,499.561707 362.145691,500.866760 362.175995,504.844818 
	C362.346069,527.173706 362.293213,549.504272 362.315125,572.285278 
	C361.603790,571.566223 360.280884,570.399597 360.274323,569.225647 
	C360.151154,547.241760 360.147308,525.256897 360.212372,503.272552 
	C360.227295,498.234589 362.166473,496.299500 367.197784,496.251221 
	C377.689423,496.150604 388.201019,495.836578 398.669891,496.335236 
	C407.997101,496.779510 415.195984,501.475952 418.374023,510.494324 
	C421.257019,518.675415 420.830353,527.001404 415.119171,534.022705 
	C412.835632,536.830078 413.304016,538.538025 414.664124,541.441101 
	C416.629700,545.636475 418.104431,550.208618 418.887024,554.774536 
	C419.875702,560.542542 419.957977,566.466003 420.463257,572.718872 
	C420.541992,572.701965 419.608032,572.902222 418.303497,573.025696 
z"/>
<path fill="#FCFCFD" opacity="1.000000" stroke="none" 
	d="
M419.947968,339.999969 
	C420.257172,328.696106 420.149780,317.860870 420.958588,307.094513 
	C422.902924,281.211395 437.543304,272.207397 459.461456,271.492737 
	C493.563507,270.380829 527.734375,270.835083 561.861389,271.445160 
	C569.562439,271.582855 577.688599,274.039642 584.756592,277.299133 
	C595.080322,282.060028 599.441345,292.000153 600.847046,302.743561 
	C601.986389,311.451263 602.152222,320.330048 602.151367,329.132904 
	C602.150085,341.940857 601.990601,354.772583 601.187866,367.549561 
	C600.473877,378.913055 596.895020,389.491882 585.652527,394.611786 
	C579.931580,397.217133 573.262268,398.900208 567.000122,398.966339 
	C529.688965,399.360596 492.371094,399.251434 455.056213,399.111084 
	C442.212372,399.062775 430.375305,395.421875 425.076111,382.681702 
	C421.847046,374.918335 421.183807,365.978729 420.090851,357.474579 
	C419.374695,351.902283 419.950714,346.163910 419.947968,339.999969 
z"/>
<path fill="#FDFDFD" opacity="1.000000" stroke="none" 
	d="
M1142.999756,401.435547 
	C1129.674316,401.435394 1116.846436,401.294647 1104.024780,401.515320 
	C1099.847656,401.587219 1098.644165,400.195251 1098.658813,396.071228 
	C1098.793945,357.928528 1098.808960,319.784882 1098.646606,281.642426 
	C1098.626587,276.962433 1100.164795,275.689880 1104.700684,275.705322 
	C1146.840820,275.848755 1188.983643,275.581116 1231.120850,275.960419 
	C1239.976318,276.040131 1249.239746,277.014923 1257.559448,279.819000 
	C1270.732178,284.258759 1275.316650,296.137421 1275.825684,308.739716 
	C1276.624512,328.516724 1276.556274,348.368317 1275.848145,368.152283 
	C1275.394653,380.821838 1270.633179,392.350220 1257.834229,397.364410 
	C1251.047363,400.023346 1243.285522,401.161591 1235.940674,401.260193 
	C1205.131836,401.673767 1174.314209,401.435211 1142.999756,401.435547 
z"/>
<path fill="#0F2440" opacity="1.000000" stroke="none" 
	d="
M332.812561,374.691864 
	C333.009460,387.443756 334.265045,399.912567 332.841400,412.067566 
	C330.617554,431.054626 321.877533,446.775696 303.294861,454.640869 
	C292.431915,459.238708 280.708954,460.944946 268.899536,460.955017 
	C188.574951,461.023712 108.250214,460.952789 27.925781,461.085785 
	C23.047073,461.093872 21.748133,459.548584 21.755663,454.799622 
	C21.882532,374.808472 21.846382,294.817078 21.846388,214.825729 
	C21.846390,213.181564 21.846388,211.537399 21.846388,209.338699 
	C24.000601,209.230118 25.765017,209.063675 27.529463,209.063370 
	C101.688110,209.050476 175.851089,208.639191 250.001633,209.414139 
	C264.197815,209.562500 279.027557,211.527374 292.409454,217.436646 
	C309.255829,224.875809 319.785492,237.384293 323.412079,256.247131 
	C325.495300,267.082581 325.792725,277.826447 324.701141,288.332916 
	C323.224152,302.549713 320.271454,317.044891 306.210480,325.325287 
	C302.860840,327.297852 298.970062,328.332916 295.517517,330.157440 
	C293.851837,331.037689 292.625641,332.749573 291.200439,334.084869 
	C292.743927,335.017609 294.190369,336.508118 295.846008,336.796082 
	C310.914154,339.416962 322.798737,346.168854 328.390656,361.276917 
	C329.972168,365.549927 331.251984,369.934601 332.812561,374.691864 
M170.499573,401.205627 
	C191.475159,401.205658 212.451462,401.294006 233.425659,401.123657 
	C237.174072,401.093231 240.940445,400.121521 244.651917,399.357910 
	C252.255997,397.793457 256.490814,392.782135 257.468750,385.345123 
	C258.720581,375.825653 255.302185,368.409271 247.473785,365.095093 
	C242.709503,363.078064 237.234772,361.839386 232.070145,361.809448 
	C188.622192,361.557739 145.172089,361.698578 101.722824,361.619141 
	C97.157364,361.610779 95.512009,363.528259 95.597824,367.949829 
	C95.768997,376.769562 95.626480,385.595062 95.656441,394.418030 
	C95.677498,400.615417 96.279037,401.198029 102.577446,401.201172 
	C124.884804,401.212250 147.192169,401.205139 170.499573,401.205627 
M246.874771,302.325043 
	C251.495239,296.543610 250.808899,289.822174 249.892517,283.246552 
	C248.973206,276.649902 244.614822,272.579956 238.404327,270.860321 
	C234.752594,269.849152 230.848953,269.319244 227.056732,269.309540 
	C185.241028,269.202606 143.424850,269.279633 101.609100,269.183868 
	C96.959114,269.173218 95.499428,271.141510 95.596031,275.539673 
	C95.793526,284.531586 95.962379,293.545532 95.535782,302.521545 
	C95.289040,307.713226 97.143486,309.066559 102.051971,309.020325 
	C123.374565,308.819580 144.700134,308.935028 166.024612,308.934418 
	C186.516113,308.933838 207.007690,308.897705 227.499054,308.949371 
	C234.497391,308.967010 241.090744,307.931671 246.874771,302.325043 
z"/>
<path fill="#F2F3F5" opacity="1.000000" stroke="none" 
	d="
M1048.281006,511.009918 
	C1057.173706,511.315704 1063.484741,515.965393 1065.693115,525.004456 
	C1067.663208,533.068420 1068.102173,541.350525 1064.510986,549.380310 
	C1061.705811,555.652893 1057.576538,559.518433 1050.342651,559.934082 
	C1042.719238,560.372070 1037.788208,556.552551 1035.149414,550.174866 
	C1031.126953,540.453247 1031.468750,530.369141 1035.356689,520.611816 
	C1037.546509,515.115723 1042.211792,512.292786 1048.281006,511.009918 
z"/>
<path fill="#E8EAED" opacity="1.000000" stroke="none" 
	d="
M706.660034,516.372681 
	C706.772278,519.283752 706.884521,522.194763 706.691040,525.684998 
	C706.274170,526.852600 706.162964,527.441101 706.051758,528.029541 
	C705.473999,528.520691 704.896240,529.011902 703.749023,529.695190 
	C700.784485,530.577148 698.389465,531.266968 695.994507,531.956787 
	C693.954407,531.922729 691.914246,531.888672 689.181763,531.623291 
	C683.302368,531.834473 681.970886,529.033508 682.385925,524.435120 
	C682.637512,521.647827 682.107727,518.760071 682.594604,516.036377 
	C682.841248,514.656372 684.565674,512.474426 685.618774,512.476257 
	C692.829407,512.489014 700.555115,510.316437 706.660034,516.372681 
z"/>
<path fill="#626F83" opacity="1.000000" stroke="none" 
	d="
M706.769287,516.008423 
	C700.555115,510.316437 692.829407,512.489014 685.618774,512.476257 
	C684.565674,512.474426 682.841248,514.656372 682.594604,516.036377 
	C682.107727,518.760071 682.637512,521.647827 682.385925,524.435120 
	C681.970886,529.033508 683.302368,531.834473 688.747070,531.674438 
	C683.119324,534.096436 680.868713,532.884338 680.202087,527.169006 
	C680.087646,526.187683 680.053650,525.173584 680.159973,524.193848 
	C680.672913,519.471680 677.886902,512.482483 683.551575,510.844360 
	C690.037354,508.968719 697.642517,508.347809 704.231140,512.297852 
	C705.372192,512.981934 706.008911,514.507324 706.769287,516.008423 
z"/>
<path fill="#626F83" opacity="1.000000" stroke="none" 
	d="
M696.231079,532.262878 
	C698.389465,531.266968 700.784485,530.577148 703.571289,529.916992 
	C702.841736,534.756775 699.266785,532.554199 696.231079,532.262878 
z"/>
<path fill="#626F83" opacity="1.000000" stroke="none" 
	d="
M706.348022,528.054016 
	C706.162964,527.441101 706.274170,526.852600 706.673096,526.129761 
	C706.855408,526.689697 706.749939,527.384094 706.348022,528.054016 
z"/>
<path fill="#F2F3F5" opacity="1.000000" stroke="none" 
	d="
M606.316467,546.050659 
	C603.310181,555.266052 598.394043,559.441650 591.032654,559.888245 
	C582.523804,560.404419 577.417175,555.828918 574.915344,548.522156 
	C571.838501,539.535767 571.502136,530.216003 575.684814,521.382263 
	C579.290955,513.766479 585.685486,510.037018 592.110413,511.069763 
	C599.148010,512.200989 605.345337,518.034851 606.284851,525.957336 
	C607.052917,532.433655 606.402771,539.078247 606.316467,546.050659 
z"/>
<path fill="#F2F3F5" opacity="1.000000" stroke="none" 
	d="
M298.723724,518.438721 
	C304.258850,529.884216 304.944214,541.162842 298.953278,552.139526 
	C293.471741,562.182861 280.221436,562.759521 273.193115,553.871826 
	C266.491974,545.397888 266.925598,525.782715 272.850403,517.926819 
	C279.196594,509.512177 290.699677,507.844452 298.723724,518.438721 
z"/>
<path fill="#E8EAED" opacity="1.000000" stroke="none" 
	d="
M402.650238,520.310547 
	C402.157013,529.624573 399.888885,531.802490 391.121155,531.820007 
	C377.674286,531.846985 377.674286,531.846924 377.723328,518.552002 
	C377.748199,511.809235 377.748199,511.802307 384.701324,511.804382 
	C387.685059,511.805298 390.680756,511.679962 393.649872,511.898834 
	C398.608765,512.264282 402.272888,514.281311 402.650238,520.310547 
z"/>
<path fill="#D6DADF" opacity="1.000000" stroke="none" 
	d="
M793.085266,521.621216 
	C795.403931,525.699463 797.531067,529.804016 799.318420,534.051514 
	C800.332275,536.460754 800.789246,539.104309 801.510193,541.689514 
	C799.360535,543.496399 789.615723,544.912354 787.661072,543.335815 
	C786.878784,542.704895 786.328613,540.921082 786.626526,539.956726 
	C788.519714,533.827698 790.679504,527.781128 793.085266,521.621216 
z"/>
<path fill="#B4BAC3" opacity="1.000000" stroke="none" 
	d="
M478.311493,526.714905 
	C478.316498,522.762146 478.345276,519.271729 478.319336,515.781799 
	C478.294678,512.464294 479.860931,510.811005 483.210785,511.065338 
	C487.481750,511.389618 491.878296,511.255951 495.982758,512.276550 
	C501.151978,513.561890 503.428436,518.028809 502.937775,523.921509 
	C502.536591,528.739685 499.566498,532.238464 494.631775,532.972229 
	C491.209625,533.481140 487.692352,533.391052 484.215332,533.479248 
	C479.937836,533.587891 477.550262,531.834229 478.311493,526.714905 
M487.533569,531.125977 
	C489.200104,531.124451 490.867126,531.149475 492.533051,531.116272 
	C497.587341,531.015564 499.964752,528.386597 500.096558,522.786011 
	C500.231445,517.053223 497.726105,513.986633 492.439697,513.960571 
	C479.035583,513.894470 481.143158,512.618652 480.960938,524.741638 
	C480.955933,525.074890 481.008942,525.416626 480.953156,525.740295 
	C480.160675,530.338379 482.377686,531.772827 487.533569,531.125977 
z"/>
<path fill="#F5F6F7" opacity="1.000000" stroke="none" 
	d="
M169.999542,401.205261 
	C147.192169,401.205139 124.884804,401.212250 102.577446,401.201172 
	C96.279037,401.198029 95.677498,400.615417 95.656441,394.418030 
	C95.626480,385.595062 95.768997,376.769562 95.597824,367.949829 
	C95.512009,363.528259 97.157364,361.610779 101.722824,361.619141 
	C145.172089,361.698578 188.622192,361.557739 232.070145,361.809448 
	C237.234772,361.839386 242.709503,363.078064 247.473785,365.095093 
	C255.302185,368.409271 258.720581,375.825653 257.468750,385.345123 
	C256.490814,392.782135 252.255997,397.793457 244.651917,399.357910 
	C240.940445,400.121521 237.174072,401.093231 233.425659,401.123657 
	C212.451462,401.294006 191.475159,401.205658 169.999542,401.205261 
z"/>
<path fill="#F6F7F8" opacity="1.000000" stroke="none" 
	d="
M246.661041,302.615387 
	C241.090744,307.931671 234.497391,308.967010 227.499054,308.949371 
	C207.007690,308.897705 186.516113,308.933838 166.024612,308.934418 
	C144.700134,308.935028 123.374565,308.819580 102.051971,309.020325 
	C97.143486,309.066559 95.289040,307.713226 95.535782,302.521545 
	C95.962379,293.545532 95.793526,284.531586 95.596031,275.539673 
	C95.499428,271.141510 96.959114,269.173218 101.609100,269.183868 
	C143.424850,269.279633 185.241028,269.202606 227.056732,269.309540 
	C230.848953,269.319244 234.752594,269.849152 238.404327,270.860321 
	C244.614822,272.579956 248.973206,276.649902 249.892517,283.246552 
	C250.808899,289.822174 251.495239,296.543610 246.661041,302.615387 
z"/>
<path fill="#FCFCFD" opacity="1.000000" stroke="none" 
	d="
M487.061584,531.125977 
	C482.377686,531.772827 480.160675,530.338379 480.953156,525.740295 
	C481.008942,525.416626 480.955933,525.074890 480.960938,524.741638 
	C481.143158,512.618652 479.035583,513.894470 492.439697,513.960571 
	C497.726105,513.986633 500.231445,517.053223 500.096558,522.786011 
	C499.964752,528.386597 497.587341,531.015564 492.533051,531.116272 
	C490.867126,531.149475 489.200104,531.124451 487.061584,531.125977 
z"/>
</svg>