<svg version="1.1" id="Layer_1" xmlns="http://www.w3.org/2000/svg" xmlns:xlink="http://www.w3.org/1999/xlink" x="0px" y="0px"
	 width="100%" viewBox="0 0 900 500" enable-background="new 0 0 900 500" xml:space="preserve">
<path fill="#FFFFFF" opacity="1.000000" stroke="none" 
	d="
M845.000000,501.000000 
	C563.333313,501.000000 282.166656,501.000000 1.000000,501.000000 
	C1.000000,334.333344 1.000000,167.666672 1.000000,1.000000 
	C301.000000,1.000000 601.000000,1.000000 901.000000,1.000000 
	C901.000000,167.666672 901.000000,334.333344 901.000000,501.000000 
	C882.500000,501.000000 864.000000,501.000000 845.000000,501.000000 
M386.248810,313.486786 
	C387.297546,314.138824 388.336945,315.338715 389.396454,315.356689 
	C398.313873,315.507996 407.234955,315.442902 416.232819,315.442902 
	C381.191559,280.618561 346.438995,246.081116 312.308289,212.161697 
	C308.059998,216.362061 303.382660,220.986618 297.957703,226.350342 
	C326.977509,255.047028 356.304626,284.047668 386.248810,313.486786 
M404.553101,231.812241 
	C401.590088,223.280029 394.687195,226.408325 388.404785,226.157349 
	C388.404785,239.284561 388.384430,252.079727 388.449158,264.874451 
	C388.453613,265.756470 388.874908,266.838013 389.473450,267.481659 
	C392.588715,270.831665 395.824310,274.069794 399.993469,278.347839 
	C399.993469,266.698761 399.993469,256.539551 399.993469,244.870056 
	C405.434326,253.061386 410.027435,259.976410 414.920563,267.343109 
	C419.859161,259.902710 424.506073,252.901794 429.152985,245.900864 
	C429.508423,246.037140 429.863861,246.173401 430.219299,246.309677 
	C430.219299,257.191895 430.219299,268.074097 430.219299,278.831451 
	C434.169281,278.831451 437.635254,278.831451 441.347900,278.831451 
	C441.347900,261.234436 441.347900,243.823456 441.347900,225.982132 
	C439.014496,225.982132 436.852203,226.235901 434.772125,225.930252 
	C430.190826,225.257034 427.619354,227.119843 425.473206,231.204788 
	C422.431641,236.994141 418.574432,242.354950 414.843933,248.249496 
	C411.294006,242.556564 408.133728,237.488495 404.553101,231.812241 
M33.487801,279.217621 
	C38.640598,279.129028 43.810768,279.277802 48.942562,278.902191 
	C59.502430,278.129333 65.251564,271.566956 64.183067,262.097321 
	C63.556667,256.545837 59.603325,253.828903 54.989529,251.392822 
	C60.856621,247.163910 62.947762,241.834808 60.757225,235.435303 
	C58.699635,229.424164 53.562279,226.582489 47.694839,226.261398 
	C38.448792,225.755356 29.154724,226.126816 19.753571,226.126816 
	C19.753571,243.910660 19.753571,261.415039 19.753571,279.217590 
	C24.230227,279.217590 28.367628,279.217590 33.487801,279.217621 
M222.119186,279.016296 
	C224.867874,279.016296 227.616547,279.016296 230.208252,279.016296 
	C230.208252,260.921875 230.208252,243.547501 230.208252,226.331879 
	C226.238434,226.331879 222.667892,226.331879 218.760803,226.331879 
	C218.760803,236.898270 218.760803,247.115143 218.760803,258.286499 
	C211.654663,248.966690 204.588043,240.777603 198.814148,231.760727 
	C194.714325,225.358200 189.698593,225.461243 183.772858,226.329224 
	C183.772858,244.053116 183.772858,261.434784 183.772858,278.778564 
	C187.591766,278.778564 191.033691,278.778564 195.021606,278.778564 
	C195.021606,268.036987 195.021606,257.523499 195.021606,245.747742 
	C197.619217,249.150848 199.359406,251.512680 201.184509,253.806976 
	C207.868851,262.209625 214.581406,270.589813 222.119186,279.016296 
M718.598083,240.507477 
	C718.598083,235.736832 718.598083,230.966202 718.598083,226.278107 
	C714.369812,226.278107 710.785583,226.278107 706.672363,226.278107 
	C706.672363,236.840942 706.672363,247.116028 706.672363,258.151154 
	C699.643066,248.936127 692.713013,240.798248 686.912354,231.922256 
	C682.880066,225.752121 678.009216,225.029755 671.675720,226.453873 
	C671.675720,243.907654 671.675720,261.313751 671.675720,278.765930 
	C675.537109,278.765930 679.122375,278.765930 683.233398,278.765930 
	C683.233398,268.020416 683.233398,257.516235 683.233398,246.031708 
	C690.697815,255.710281 697.937439,264.193573 704.089233,273.403473 
	C707.952393,279.187103 712.443542,279.857239 718.598022,278.528076 
	C718.598022,266.101074 718.598022,253.803223 718.598083,240.507477 
M624.100525,274.393860 
	C624.100525,265.314575 624.100525,256.235321 624.100525,247.156036 
	C624.583862,246.850357 625.067261,246.544678 625.550598,246.238998 
	C625.844177,246.988312 625.987549,247.850754 626.453979,248.469849 
	C632.652283,256.696991 639.415833,264.557129 644.951416,273.204651 
	C648.856934,279.305817 653.610657,279.714783 659.581055,278.658234 
	C659.581055,261.040466 659.581055,243.649963 659.581055,226.238174 
	C655.687439,226.238174 652.097290,226.238174 647.964966,226.238174 
	C647.964966,236.657806 647.964966,246.835815 647.964966,258.318176 
	C640.877258,249.104279 633.961121,241.403336 628.608704,232.736633 
	C624.516846,226.111038 619.602051,224.890411 612.659424,226.399384 
	C612.659424,243.738449 612.659424,261.148743 612.659424,279.015564 
	C615.464600,279.015564 618.105530,278.807617 620.698914,279.069794 
	C623.740234,279.377258 624.501526,278.010040 624.100525,274.393860 
M535.784363,268.225403 
	C547.073486,249.758698 537.620361,228.656067 516.624878,226.342545 
	C508.617218,225.460159 500.430878,226.199005 492.157837,226.199005 
	C492.157837,243.904984 492.157837,261.347443 492.157837,279.091095 
	C499.704926,279.091095 507.168579,279.241974 514.623474,279.051117 
	C523.045898,278.835571 530.038757,275.457825 535.784363,268.225403 
M156.931519,226.247192 
	C147.523178,226.247192 138.114822,226.247192 128.766571,226.247192 
	C128.766571,244.040634 128.766571,261.423340 128.766571,278.784058 
	C132.732513,278.784058 136.337265,278.784058 140.329010,278.784058 
	C140.329010,273.143188 140.329010,267.723511 140.329010,262.519165 
	C146.876923,260.570984 151.119858,262.611633 153.912796,268.438446 
	C155.335373,271.406250 157.456726,274.051636 159.378372,276.760376 
	C159.998184,277.634064 160.955780,278.827972 161.815033,278.876251 
	C165.814667,279.101166 169.834000,278.975861 174.531677,278.975861 
	C171.899139,275.113129 169.839340,272.108582 167.798492,269.091156 
	C165.808578,266.149109 163.838028,263.193909 161.859833,260.245728 
	C170.852310,254.637833 174.232071,248.282181 172.786209,240.304962 
	C171.418869,232.760925 166.300369,228.067749 156.931519,226.247192 
M547.784241,251.731842 
	C547.922241,266.729553 557.598389,277.955566 572.043762,279.877106 
	C585.967957,281.729309 599.750977,273.111847 603.093628,260.463867 
	C607.566711,243.538757 598.083740,228.814636 580.550354,225.461227 
	C564.465027,222.384766 549.560242,233.961472 547.784241,251.731842 
M761.422852,279.011292 
	C764.030579,279.011292 766.638306,279.011292 769.332581,279.011292 
	C769.332581,275.355347 769.332581,272.275024 769.332581,268.806641 
	C759.822571,268.806641 750.558350,268.806641 741.153320,268.806641 
	C741.153320,265.003296 741.153320,261.594147 741.153320,257.654053 
	C749.484253,257.654053 757.549683,257.654053 765.491333,257.654053 
	C765.491333,253.878738 765.491333,250.647293 765.491333,247.063507 
	C757.177490,247.063507 749.243164,247.063507 741.124023,247.063507 
	C741.124023,243.279892 741.124023,239.864426 741.124023,236.144974 
	C750.501038,236.144974 759.633423,236.144974 768.756592,236.144974 
	C768.756592,232.610962 768.756592,229.386612 768.756592,226.381454 
	C755.362000,226.381454 742.308960,226.381454 729.356201,226.381454 
	C729.356201,244.042328 729.356201,261.309570 729.356201,279.011292 
	C739.868713,279.011292 750.154846,279.011292 761.422852,279.011292 
M313.631958,289.874695 
	C321.455353,297.709503 329.243408,305.580292 337.144012,313.336426 
	C338.207581,314.380524 339.824402,315.451294 341.208252,315.482574 
	C349.847198,315.677917 358.492798,315.581177 367.362671,315.581177 
	C347.714447,295.955536 328.429932,276.693207 309.617035,257.901947 
	C305.095398,262.360077 300.287933,267.100006 295.734406,271.589539 
	C301.376343,277.357147 307.251160,283.362823 313.631958,289.874695 
M106.985771,248.471954 
	C106.971115,251.971024 107.151215,255.484238 106.898079,258.965973 
	C106.473610,264.804077 102.688271,268.501434 97.027634,268.982208 
	C90.375267,269.547180 86.090721,266.844330 84.733643,260.739227 
	C84.093399,257.858917 84.073021,254.807465 84.043900,251.830902 
	C83.959892,243.244308 84.014221,234.656357 84.014221,226.164154 
	C79.847229,226.164154 76.380203,226.164154 72.841362,226.164154 
	C72.841362,238.119431 72.204941,249.941666 73.022171,261.662567 
	C73.823090,273.149353 82.187561,279.546204 94.682022,279.912323 
	C107.155602,280.277802 116.730911,273.934601 117.750671,262.645264 
	C118.833633,250.656372 117.994095,238.493805 117.994095,226.272156 
	C114.673790,226.272156 110.952507,226.272156 106.985779,226.272156 
	C106.985779,233.530823 106.985779,240.505920 106.985771,248.471954 
M242.081802,235.844345 
	C239.744858,246.992828 242.777664,252.305481 253.622482,255.893906 
	C257.704651,257.244629 261.989227,258.112244 265.870636,259.882019 
	C267.586243,260.664246 269.887634,263.588806 269.507324,264.748688 
	C268.916351,266.551086 266.436432,268.526550 264.449982,268.935150 
	C257.598022,270.344543 251.911163,267.091766 246.425552,263.042999 
	C244.152267,265.789398 241.956223,268.442505 239.598984,271.290344 
	C247.116760,277.781738 255.540863,280.700653 265.048431,279.801270 
	C273.468201,279.004822 279.966949,272.897583 280.902527,265.637543 
	C281.959717,257.433777 278.328766,252.211960 268.809631,248.721283 
	C264.627563,247.187714 260.204773,246.290085 256.078491,244.636475 
	C254.713898,244.089615 253.345551,242.189148 253.069885,240.704956 
	C252.835342,239.442108 253.808746,237.160965 254.888992,236.626541 
	C256.688782,235.736160 259.151581,235.258148 261.067413,235.719193 
	C265.325653,236.743942 269.418152,238.457550 273.912384,240.005447 
	C275.634338,237.553238 277.499512,234.897064 279.675446,231.798340 
	C276.824829,230.173782 274.520996,228.564377 271.993896,227.471024 
	C259.878052,222.229019 247.520721,225.474136 242.081802,235.844345 
M351.666656,229.835480 
	C354.447205,232.893951 357.227722,235.952423 359.807709,238.790329 
	C365.245209,233.438751 370.032410,228.727173 373.383606,225.428955 
	C360.968231,212.551025 348.564453,199.685104 336.536407,187.208908 
	C332.124146,191.510757 327.489594,196.029373 322.607269,200.789551 
	C332.104553,210.282364 341.635406,219.808746 351.666656,229.835480 
M791.875671,238.513489 
	C791.875671,234.418457 791.875671,230.323441 791.875671,226.348877 
	C787.525757,226.348877 783.805725,226.348877 780.323975,226.348877 
	C780.323975,244.095978 780.323975,261.481750 780.323975,278.724060 
	C793.068909,278.724060 805.476990,278.724060 817.762390,278.724060 
	C817.762390,275.198059 817.762390,271.966248 817.762390,268.310791 
	C809.038086,268.310791 800.636841,268.310791 791.875671,268.310791 
	C791.875671,258.417572 791.875671,248.963867 791.875671,238.513489 
M830.629333,279.017822 
	C842.056030,279.017822 853.482666,279.017822 864.764587,279.017822 
	C864.764587,275.188416 864.764587,271.953674 864.764587,268.168518 
	C855.884888,268.168518 847.330383,268.168518 838.437134,268.168518 
	C838.437134,253.832397 838.437134,240.065155 838.437134,226.199890 
	C834.472778,226.199890 830.880920,226.199890 826.900757,226.199890 
	C826.900757,243.185501 826.864319,259.956787 827.017578,276.726349 
	C827.024658,277.498016 828.735962,278.254089 830.629333,279.017822 
M461.752747,261.056732 
	C469.682434,263.319946 476.656403,262.205597 481.670624,256.153320 
	C479.838074,253.801422 478.225037,251.731247 476.688538,249.759308 
	C470.048676,254.095688 465.404327,254.220551 461.858643,250.458832 
	C458.781555,247.194275 458.353668,240.808228 461.259796,237.142273 
	C462.326599,235.796524 464.126190,234.086761 465.532745,234.138550 
	C469.235779,234.274933 472.906525,235.286880 477.391449,236.094376 
	C478.489502,234.863541 480.308868,232.824081 482.165802,230.742523 
	C475.592407,224.307877 468.294220,223.396271 460.631683,226.446136 
	C453.737854,229.190033 449.848938,234.794067 449.484222,242.195297 
	C449.058228,250.840683 453.070251,257.138885 461.752747,261.056732 
M451.891510,274.458405 
	C451.981171,275.882629 452.070862,277.306885 452.152344,278.600952 
	C462.177826,278.600952 471.831055,278.600952 481.444122,278.600952 
	C481.444122,274.938385 481.444122,271.687805 481.444122,268.296600 
	C471.507385,268.296600 461.837860,268.296600 451.891449,268.296600 
	C451.891449,270.228119 451.891449,271.864044 451.891510,274.458405 
M871.954163,274.741913 
	C872.480408,276.034454 873.006653,277.326996 873.532898,278.619537 
	C874.382324,277.900238 875.231750,277.180939 876.231506,276.334381 
	C874.612549,275.577515 873.554138,275.082703 871.954163,274.741913 
M878.447388,273.500824 
	C878.083374,273.659668 877.391541,273.923737 877.403748,273.961884 
	C877.661865,274.765900 877.999268,275.544434 878.822205,277.547394 
	C878.822205,275.458618 878.822205,274.715851 878.447388,273.500824 
M871.410034,271.695923 
	C871.628906,271.990387 871.847839,272.284882 872.066772,272.579376 
	C872.254333,272.399597 872.441895,272.219818 872.629395,272.040009 
	C872.344971,271.808380 872.060547,271.576752 871.410034,271.695923 
M880.510864,275.429352 
	C880.437439,275.995728 880.364014,276.562103 880.290649,277.128479 
	C880.530457,277.139221 880.770264,277.149963 881.010071,277.160675 
	C881.010071,276.539307 881.010071,275.917969 880.510864,275.429352 
z"/>
<path fill="#0469B6" opacity="1.000000" stroke="none" 
	d="
M385.940308,313.267517 
	C356.304626,284.047668 326.977509,255.047028 297.957703,226.350342 
	C303.382660,220.986618 308.059998,216.362061 312.308289,212.161697 
	C346.438995,246.081116 381.191559,280.618561 416.232819,315.442902 
	C407.234955,315.442902 398.313873,315.507996 389.396454,315.356689 
	C388.336945,315.338715 387.297546,314.138824 385.940308,313.267517 
z"/>
<path fill="#2B201E" opacity="1.000000" stroke="none" 
	d="
M404.763275,232.116333 
	C408.133728,237.488495 411.294006,242.556564 414.843933,248.249496 
	C418.574432,242.354950 422.431641,236.994141 425.473206,231.204788 
	C427.619354,227.119843 430.190826,225.257034 434.772125,225.930252 
	C436.852203,226.235901 439.014496,225.982132 441.347900,225.982132 
	C441.347900,243.823456 441.347900,261.234436 441.347900,278.831451 
	C437.635254,278.831451 434.169281,278.831451 430.219299,278.831451 
	C430.219299,268.074097 430.219299,257.191895 430.219299,246.309677 
	C429.863861,246.173401 429.508423,246.037140 429.152985,245.900864 
	C424.506073,252.901794 419.859161,259.902710 414.920563,267.343109 
	C410.027435,259.976410 405.434326,253.061386 399.993469,244.870056 
	C399.993469,256.539551 399.993469,266.698761 399.993469,278.347839 
	C395.824310,274.069794 392.588715,270.831665 389.473450,267.481659 
	C388.874908,266.838013 388.453613,265.756470 388.449158,264.874451 
	C388.384430,252.079727 388.404785,239.284561 388.404785,226.157349 
	C394.687195,226.408325 401.590088,223.280029 404.763275,232.116333 
z"/>
<path fill="#291E1B" opacity="1.000000" stroke="none" 
	d="
M32.996414,279.217590 
	C28.367628,279.217590 24.230227,279.217590 19.753571,279.217590 
	C19.753571,261.415039 19.753571,243.910660 19.753571,226.126816 
	C29.154724,226.126816 38.448792,225.755356 47.694839,226.261398 
	C53.562279,226.582489 58.699635,229.424164 60.757225,235.435303 
	C62.947762,241.834808 60.856621,247.163910 54.989529,251.392822 
	C59.603325,253.828903 63.556667,256.545837 64.183067,262.097321 
	C65.251564,271.566956 59.502430,278.129333 48.942562,278.902191 
	C43.810768,279.277802 38.640598,279.129028 32.996414,279.217590 
M51.401905,266.964447 
	C54.283146,261.685852 53.173038,258.382111 47.484787,257.686615 
	C42.147968,257.034088 36.668674,257.546844 31.314445,257.546844 
	C31.314445,261.383820 31.314445,264.956482 31.314445,269.433838 
	C38.066528,268.764404 44.425800,268.133881 51.401905,266.964447 
M39.338810,236.194321 
	C36.716080,236.194321 34.093349,236.194321 31.319401,236.194321 
	C31.319401,240.185562 31.319401,243.731415 31.319401,247.041168 
	C36.124573,247.041168 40.620941,247.241638 45.088577,246.969833 
	C48.007462,246.792252 50.625755,244.958527 49.864017,241.882828 
	C49.353039,239.819626 47.075005,237.903137 45.133926,236.593323 
	C43.955643,235.798233 41.913048,236.283981 39.338810,236.194321 
z"/>
<path fill="#2C211E" opacity="1.000000" stroke="none" 
	d="
M221.701263,278.997375 
	C214.581406,270.589813 207.868851,262.209625 201.184509,253.806976 
	C199.359406,251.512680 197.619217,249.150848 195.021606,245.747742 
	C195.021606,257.523499 195.021606,268.036987 195.021606,278.778564 
	C191.033691,278.778564 187.591766,278.778564 183.772858,278.778564 
	C183.772858,261.434784 183.772858,244.053116 183.772858,226.329224 
	C189.698593,225.461243 194.714325,225.358200 198.814148,231.760727 
	C204.588043,240.777603 211.654663,248.966690 218.760803,258.286499 
	C218.760803,247.115143 218.760803,236.898270 218.760803,226.331879 
	C222.667892,226.331879 226.238434,226.331879 230.208252,226.331879 
	C230.208252,243.547501 230.208252,260.921875 230.208252,279.016296 
	C227.616547,279.016296 224.867874,279.016296 221.701263,278.997375 
z"/>
<path fill="#2B201E" opacity="1.000000" stroke="none" 
	d="
M718.598022,241.006424 
	C718.598022,253.803223 718.598022,266.101074 718.598022,278.528076 
	C712.443542,279.857239 707.952393,279.187103 704.089233,273.403473 
	C697.937439,264.193573 690.697815,255.710281 683.233398,246.031708 
	C683.233398,257.516235 683.233398,268.020416 683.233398,278.765930 
	C679.122375,278.765930 675.537109,278.765930 671.675720,278.765930 
	C671.675720,261.313751 671.675720,243.907654 671.675720,226.453873 
	C678.009216,225.029755 682.880066,225.752121 686.912354,231.922256 
	C692.713013,240.798248 699.643066,248.936127 706.672363,258.151154 
	C706.672363,247.116028 706.672363,236.840942 706.672363,226.278107 
	C710.785583,226.278107 714.369812,226.278107 718.598083,226.278107 
	C718.598083,230.966202 718.598083,235.736832 718.598022,241.006424 
z"/>
<path fill="#2A1F1D" opacity="1.000000" stroke="none" 
	d="
M624.100464,274.880371 
	C624.501526,278.010040 623.740234,279.377258 620.698914,279.069794 
	C618.105530,278.807617 615.464600,279.015564 612.659424,279.015564 
	C612.659424,261.148743 612.659424,243.738449 612.659424,226.399384 
	C619.602051,224.890411 624.516846,226.111038 628.608704,232.736633 
	C633.961121,241.403336 640.877258,249.104279 647.964966,258.318176 
	C647.964966,246.835815 647.964966,236.657806 647.964966,226.238174 
	C652.097290,226.238174 655.687439,226.238174 659.581055,226.238174 
	C659.581055,243.649963 659.581055,261.040466 659.581055,278.658234 
	C653.610657,279.714783 648.856934,279.305817 644.951416,273.204651 
	C639.415833,264.557129 632.652283,256.696991 626.453979,248.469849 
	C625.987549,247.850754 625.844177,246.988312 625.550598,246.238998 
	C625.067261,246.544678 624.583862,246.850357 624.100525,247.156036 
	C624.100525,256.235321 624.100525,265.314575 624.100464,274.880371 
z"/>
<path fill="#2A1F1C" opacity="1.000000" stroke="none" 
	d="
M535.555420,268.503967 
	C530.038757,275.457825 523.045898,278.835571 514.623474,279.051117 
	C507.168579,279.241974 499.704926,279.091095 492.157837,279.091095 
	C492.157837,261.347443 492.157837,243.904984 492.157837,226.199005 
	C500.430878,226.199005 508.617218,225.460159 516.624878,226.342545 
	C537.620361,228.656067 547.073486,249.758698 535.555420,268.503967 
M527.738708,258.507996 
	C530.891418,244.272263 523.837646,233.286758 503.923096,237.345230 
	C503.923096,247.600433 503.923096,257.835541 503.923096,268.257385 
	C513.254578,268.532166 522.571350,269.833923 527.738708,258.507996 
z"/>
<path fill="#2A1F1C" opacity="1.000000" stroke="none" 
	d="
M157.346985,226.388382 
	C166.300369,228.067749 171.418869,232.760925 172.786209,240.304962 
	C174.232071,248.282181 170.852310,254.637833 161.859833,260.245728 
	C163.838028,263.193909 165.808578,266.149109 167.798492,269.091156 
	C169.839340,272.108582 171.899139,275.113129 174.531677,278.975861 
	C169.834000,278.975861 165.814667,279.101166 161.815033,278.876251 
	C160.955780,278.827972 159.998184,277.634064 159.378372,276.760376 
	C157.456726,274.051636 155.335373,271.406250 153.912796,268.438446 
	C151.119858,262.611633 146.876923,260.570984 140.329010,262.519165 
	C140.329010,267.723511 140.329010,273.143188 140.329010,278.784058 
	C136.337265,278.784058 132.732513,278.784058 128.766571,278.784058 
	C128.766571,261.423340 128.766571,244.040634 128.766571,226.247192 
	C138.114822,226.247192 147.523178,226.247192 157.346985,226.388382 
M158.897675,249.476074 
	C163.134918,242.482300 160.303101,236.947342 152.210953,236.607025 
	C148.279633,236.441696 144.335602,236.578445 140.378876,236.578445 
	C140.378876,241.882462 140.378876,246.741821 140.378876,252.666718 
	C146.683426,251.718582 152.479477,250.846924 158.897675,249.476074 
z"/>
<path fill="#281E1B" opacity="1.000000" stroke="none" 
	d="
M547.787842,251.318665 
	C549.560242,233.961472 564.465027,222.384766 580.550354,225.461227 
	C598.083740,228.814636 607.566711,243.538757 603.093628,260.463867 
	C599.750977,273.111847 585.967957,281.729309 572.043762,279.877106 
	C557.598389,277.955566 547.922241,266.729553 547.787842,251.318665 
M587.200195,240.264313 
	C586.269531,239.568863 585.388916,238.790680 584.400024,238.191330 
	C577.880127,234.239792 568.921509,235.430862 564.364990,240.816925 
	C558.890198,247.288467 558.616577,256.904755 563.723877,263.349243 
	C568.417358,269.271576 577.192139,270.947540 583.938599,267.210114 
	C592.964233,262.210114 594.664612,250.299316 587.200195,240.264313 
z"/>
<path fill="#281D1A" opacity="1.000000" stroke="none" 
	d="
M760.931885,279.011292 
	C750.154846,279.011292 739.868713,279.011292 729.356201,279.011292 
	C729.356201,261.309570 729.356201,244.042328 729.356201,226.381454 
	C742.308960,226.381454 755.362000,226.381454 768.756592,226.381454 
	C768.756592,229.386612 768.756592,232.610962 768.756592,236.144974 
	C759.633423,236.144974 750.501038,236.144974 741.124023,236.144974 
	C741.124023,239.864426 741.124023,243.279892 741.124023,247.063507 
	C749.243164,247.063507 757.177490,247.063507 765.491333,247.063507 
	C765.491333,250.647293 765.491333,253.878738 765.491333,257.654053 
	C757.549683,257.654053 749.484253,257.654053 741.153320,257.654053 
	C741.153320,261.594147 741.153320,265.003296 741.153320,268.806641 
	C750.558350,268.806641 759.822571,268.806641 769.332581,268.806641 
	C769.332581,272.275024 769.332581,275.355347 769.332581,279.011292 
	C766.638306,279.011292 764.030579,279.011292 760.931885,279.011292 
z"/>
<path fill="#0368B6" opacity="1.000000" stroke="none" 
	d="
M313.378967,289.621582 
	C307.251160,283.362823 301.376343,277.357147 295.734406,271.589539 
	C300.287933,267.100006 305.095398,262.360077 309.617035,257.901947 
	C328.429932,276.693207 347.714447,295.955536 367.362671,315.581177 
	C358.492798,315.581177 349.847198,315.677917 341.208252,315.482574 
	C339.824402,315.451294 338.207581,314.380524 337.144012,313.336426 
	C329.243408,305.580292 321.455353,297.709503 313.378967,289.621582 
z"/>
<path fill="#291F1C" opacity="1.000000" stroke="none" 
	d="
M106.985779,247.976486 
	C106.985779,240.505920 106.985779,233.530823 106.985779,226.272156 
	C110.952507,226.272156 114.673790,226.272156 117.994095,226.272156 
	C117.994095,238.493805 118.833633,250.656372 117.750671,262.645264 
	C116.730911,273.934601 107.155602,280.277802 94.682022,279.912323 
	C82.187561,279.546204 73.823090,273.149353 73.022171,261.662567 
	C72.204941,249.941666 72.841362,238.119431 72.841362,226.164154 
	C76.380203,226.164154 79.847229,226.164154 84.014221,226.164154 
	C84.014221,234.656357 83.959892,243.244308 84.043900,251.830902 
	C84.073021,254.807465 84.093399,257.858917 84.733643,260.739227 
	C86.090721,266.844330 90.375267,269.547180 97.027634,268.982208 
	C102.688271,268.501434 106.473610,264.804077 106.898079,258.965973 
	C107.151215,255.484238 106.971115,251.971024 106.985779,247.976486 
z"/>
<path fill="#2A1F1D" opacity="1.000000" stroke="none" 
	d="
M242.218964,235.478455 
	C247.520721,225.474136 259.878052,222.229019 271.993896,227.471024 
	C274.520996,228.564377 276.824829,230.173782 279.675446,231.798340 
	C277.499512,234.897064 275.634338,237.553238 273.912384,240.005447 
	C269.418152,238.457550 265.325653,236.743942 261.067413,235.719193 
	C259.151581,235.258148 256.688782,235.736160 254.888992,236.626541 
	C253.808746,237.160965 252.835342,239.442108 253.069885,240.704956 
	C253.345551,242.189148 254.713898,244.089615 256.078491,244.636475 
	C260.204773,246.290085 264.627563,247.187714 268.809631,248.721283 
	C278.328766,252.211960 281.959717,257.433777 280.902527,265.637543 
	C279.966949,272.897583 273.468201,279.004822 265.048431,279.801270 
	C255.540863,280.700653 247.116760,277.781738 239.598984,271.290344 
	C241.956223,268.442505 244.152267,265.789398 246.425552,263.042999 
	C251.911163,267.091766 257.598022,270.344543 264.449982,268.935150 
	C266.436432,268.526550 268.916351,266.551086 269.507324,264.748688 
	C269.887634,263.588806 267.586243,260.664246 265.870636,259.882019 
	C261.989227,258.112244 257.704651,257.244629 253.622482,255.893906 
	C242.777664,252.305481 239.744858,246.992828 242.218964,235.478455 
z"/>
<path fill="#0669B7" opacity="1.000000" stroke="none" 
	d="
M351.416443,229.585297 
	C341.635406,219.808746 332.104553,210.282364 322.607269,200.789551 
	C327.489594,196.029373 332.124146,191.510757 336.536407,187.208908 
	C348.564453,199.685104 360.968231,212.551025 373.383606,225.428955 
	C370.032410,228.727173 365.245209,233.438751 359.807709,238.790329 
	C357.227722,235.952423 354.447205,232.893951 351.416443,229.585297 
z"/>
<path fill="#281D1A" opacity="1.000000" stroke="none" 
	d="
M791.875671,239.011826 
	C791.875671,248.963867 791.875671,258.417572 791.875671,268.310791 
	C800.636841,268.310791 809.038086,268.310791 817.762390,268.310791 
	C817.762390,271.966248 817.762390,275.198059 817.762390,278.724060 
	C805.476990,278.724060 793.068909,278.724060 780.323975,278.724060 
	C780.323975,261.481750 780.323975,244.095978 780.323975,226.348877 
	C783.805725,226.348877 787.525757,226.348877 791.875671,226.348877 
	C791.875671,230.323441 791.875671,234.418457 791.875671,239.011826 
z"/>
<path fill="#2B201E" opacity="1.000000" stroke="none" 
	d="
M830.141479,279.017639 
	C828.735962,278.254089 827.024658,277.498016 827.017578,276.726349 
	C826.864319,259.956787 826.900757,243.185501 826.900757,226.199890 
	C830.880920,226.199890 834.472778,226.199890 838.437134,226.199890 
	C838.437134,240.065155 838.437134,253.832397 838.437134,268.168518 
	C847.330383,268.168518 855.884888,268.168518 864.764587,268.168518 
	C864.764587,271.953674 864.764587,275.188416 864.764587,279.017822 
	C853.482666,279.017822 842.056030,279.017822 830.141479,279.017639 
z"/>
<path fill="#2B201E" opacity="1.000000" stroke="none" 
	d="
M461.367523,260.947388 
	C453.070251,257.138885 449.058228,250.840683 449.484222,242.195297 
	C449.848938,234.794067 453.737854,229.190033 460.631683,226.446136 
	C468.294220,223.396271 475.592407,224.307877 482.165802,230.742523 
	C480.308868,232.824081 478.489502,234.863541 477.391449,236.094376 
	C472.906525,235.286880 469.235779,234.274933 465.532745,234.138550 
	C464.126190,234.086761 462.326599,235.796524 461.259796,237.142273 
	C458.353668,240.808228 458.781555,247.194275 461.858643,250.458832 
	C465.404327,254.220551 470.048676,254.095688 476.688538,249.759308 
	C478.225037,251.731247 479.838074,253.801422 481.670624,256.153320 
	C476.656403,262.205597 469.682434,263.319946 461.367523,260.947388 
z"/>
<path fill="#0368B6" opacity="1.000000" stroke="none" 
	d="
M451.891479,273.979187 
	C451.891449,271.864044 451.891449,270.228119 451.891449,268.296600 
	C461.837860,268.296600 471.507385,268.296600 481.444122,268.296600 
	C481.444122,271.687805 481.444122,274.938385 481.444122,278.600952 
	C471.831055,278.600952 462.177826,278.600952 452.152344,278.600952 
	C452.070862,277.306885 451.981171,275.882629 451.891479,273.979187 
z"/>
<path fill="#F4F5F6" opacity="1.000000" stroke="none" 
	d="
M872.224915,274.664886 
	C873.554138,275.082703 874.612549,275.577515 876.231506,276.334381 
	C875.231750,277.180939 874.382324,277.900238 873.532898,278.619507 
	C873.006653,277.326996 872.480408,276.034454 872.224915,274.664886 
z"/>
<path fill="#F4F5F6" opacity="1.000000" stroke="none" 
	d="
M878.634766,273.736938 
	C878.822205,274.715851 878.822205,275.458618 878.822205,277.547394 
	C877.999268,275.544434 877.661865,274.765900 877.403748,273.961884 
	C877.391541,273.923737 878.083374,273.659668 878.634766,273.736938 
z"/>
<path fill="#F4F5F6" opacity="1.000000" stroke="none" 
	d="
M871.593079,271.520508 
	C872.060547,271.576752 872.344971,271.808380 872.629395,272.040039 
	C872.441895,272.219818 872.254333,272.399597 872.066772,272.579346 
	C871.847839,272.284882 871.628906,271.990387 871.593079,271.520508 
z"/>
<path fill="#F4F5F6" opacity="1.000000" stroke="none" 
	d="
M880.760498,275.362976 
	C881.010071,275.917969 881.010071,276.539307 881.010071,277.160675 
	C880.770264,277.149963 880.530457,277.139221 880.290649,277.128479 
	C880.364014,276.562103 880.437439,275.995728 880.760498,275.362976 
z"/>
<path fill="#F4F5F6" opacity="1.000000" stroke="none" 
	d="
M51.093487,267.233917 
	C44.425800,268.133881 38.066528,268.764404 31.314445,269.433838 
	C31.314445,264.956482 31.314445,261.383820 31.314445,257.546844 
	C36.668674,257.546844 42.147968,257.034088 47.484787,257.686615 
	C53.173038,258.382111 54.283146,261.685852 51.093487,267.233917 
z"/>
<path fill="#F8F9F9" opacity="1.000000" stroke="none" 
	d="
M39.798775,236.194305 
	C41.913048,236.283981 43.955643,235.798233 45.133926,236.593323 
	C47.075005,237.903137 49.353039,239.819626 49.864017,241.882828 
	C50.625755,244.958527 48.007462,246.792252 45.088577,246.969833 
	C40.620941,247.241638 36.124573,247.041168 31.319401,247.041168 
	C31.319401,243.731415 31.319401,240.185562 31.319401,236.194321 
	C34.093349,236.194321 36.716080,236.194321 39.798775,236.194305 
z"/>
<path fill="#FEFEFE" opacity="1.000000" stroke="none" 
	d="
M527.516235,258.852417 
	C522.571350,269.833923 513.254578,268.532166 503.923096,268.257385 
	C503.923096,257.835541 503.923096,247.600433 503.923096,237.345230 
	C523.837646,233.286758 530.891418,244.272263 527.516235,258.852417 
z"/>
<path fill="#FAFBFB" opacity="1.000000" stroke="none" 
	d="
M158.586594,249.725662 
	C152.479477,250.846924 146.683426,251.718582 140.378876,252.666718 
	C140.378876,246.741821 140.378876,241.882462 140.378876,236.578445 
	C144.335602,236.578445 148.279633,236.441696 152.210953,236.607025 
	C160.303101,236.947342 163.134918,242.482300 158.586594,249.725662 
z"/>
<path fill="#FDFDFD" opacity="1.000000" stroke="none" 
	d="
M587.453247,240.541183 
	C594.664612,250.299316 592.964233,262.210114 583.938599,267.210114 
	C577.192139,270.947540 568.417358,269.271576 563.723877,263.349243 
	C558.616577,256.904755 558.890198,247.288467 564.364990,240.816925 
	C568.921509,235.430862 577.880127,234.239792 584.400024,238.191330 
	C585.388916,238.790680 586.269531,239.568863 587.453247,240.541183 
z"/>
</svg>