<svg version="1.1" id="Layer_1" xmlns="http://www.w3.org/2000/svg" xmlns:xlink="http://www.w3.org/1999/xlink" x="0px" y="0px"
	 width="100%" viewBox="0 0 900 500" enable-background="new 0 0 900 500" xml:space="preserve">
<path fill="#FFFFFF" opacity="1.000000" stroke="none" 
	d="
M681.000000,501.000000 
	C454.000000,501.000000 227.500000,501.000000 1.000000,501.000000 
	C1.000000,334.333344 1.000000,167.666672 1.000000,1.000000 
	C301.000000,1.000000 601.000000,1.000000 901.000000,1.000000 
	C901.000000,167.666672 901.000000,334.333344 901.000000,501.000000 
	C827.833313,501.000000 754.666687,501.000000 681.000000,501.000000 
M625.401062,214.076904 
	C628.444702,244.765350 640.027405,271.444824 662.079041,293.406586 
	C704.206055,335.361969 773.297363,342.404633 822.897766,309.631561 
	C867.771729,279.981415 889.699829,228.162125 878.713623,174.712219 
	C860.086060,84.086174 759.104309,45.790512 685.107239,92.689049 
	C641.486816,120.335167 622.162903,161.533875 625.401062,214.076904 
M205.604614,278.137939 
	C169.528656,305.910370 117.828697,304.390564 84.944839,273.625061 
	C57.768433,248.199326 48.986603,215.790955 56.316860,180.149292 
	C70.895531,109.263939 148.775024,85.158974 202.099747,122.177216 
	C207.093033,125.643578 211.493515,129.963867 216.219742,133.930054 
	C223.869965,126.038918 231.374527,118.298027 238.885529,110.550499 
	C207.537170,76.438530 152.476654,62.770836 103.369934,80.746292 
	C50.700886,100.025726 16.577288,151.915894 19.271063,208.364151 
	C21.859203,262.598755 57.718292,309.757721 109.333664,324.844177 
	C161.284668,340.028748 212.650742,320.984131 238.317017,291.597290 
	C230.785233,284.113007 223.266724,276.641937 215.702744,269.125671 
	C212.579056,271.946899 209.381760,274.834595 205.604614,278.137939 
M456.048859,316.384216 
	C447.974243,295.463470 439.913086,274.537506 431.822449,253.622955 
	C409.885925,196.916351 387.911133,140.224518 366.056091,83.486549 
	C364.725189,80.031387 362.997040,78.772675 359.196472,78.833214 
	C355.597198,78.890556 354.093323,80.076309 352.788300,83.352760 
	C321.497559,161.911331 290.080536,240.419571 258.692169,318.939240 
	C257.291504,322.443054 255.944839,325.968506 254.411316,329.898193 
	C266.487152,329.898193 277.921448,329.898193 289.702087,329.898193 
	C295.345306,314.632202 301.015015,299.294586 306.667419,284.003754 
	C340.148621,284.003754 373.142090,283.965973 406.134369,284.139954 
	C407.473236,284.147034 409.494385,285.884827 410.027130,287.267273 
	C415.104279,300.442627 419.882935,313.732758 424.898315,326.932556 
	C425.378418,328.196136 426.862579,329.967102 427.911621,329.988556 
	C438.856293,330.212463 449.807343,330.126617 461.425415,330.126617 
	C459.562561,325.373199 457.943665,321.242249 456.048859,316.384216 
M612.422180,78.999588 
	C555.869019,78.999588 499.315887,78.999588 442.832581,78.999588 
	C442.832581,89.727043 442.832581,99.762352 442.832581,110.190903 
	C466.995514,110.190903 490.746826,110.190903 514.948486,110.190903 
	C514.948486,183.634476 514.948486,256.673187 514.948486,329.763702 
	C526.284973,329.763702 537.160950,329.763702 548.487732,329.763702 
	C548.487732,256.346130 548.487732,183.295181 548.487732,109.826630 
	C572.688660,109.826630 596.434692,109.826630 620.220825,109.826630 
	C620.220825,99.347160 620.220825,89.291702 620.220825,78.999588 
	C617.704956,78.999588 615.548523,78.999588 612.422180,78.999588 
M376.144257,402.416840 
	C377.816132,409.369385 379.480988,416.323608 381.161804,423.273987 
	C382.925873,430.568634 382.932556,430.567017 390.607300,429.315460 
	C393.135284,420.445435 395.682220,411.508972 398.556763,401.422974 
	C401.338654,411.707611 403.790588,420.772369 406.192719,429.653076 
	C409.104645,429.653076 411.405457,429.653076 413.984039,429.653076 
	C417.305664,416.006683 420.598145,402.480133 423.897583,388.924927 
	C415.710052,387.626678 415.670593,387.660309 414.082886,395.230865 
	C412.774994,401.467255 411.445251,407.699036 410.125153,413.932861 
	C407.015961,406.564575 404.764587,399.281128 402.754639,391.931702 
	C402.019928,389.245209 400.693237,387.569885 397.942108,388.485962 
	C396.432068,388.988708 394.583038,390.362335 394.105286,391.759796 
	C391.618622,399.033661 389.523651,406.441437 387.292328,413.802582 
	C386.989197,413.735504 386.686066,413.668457 386.382935,413.601379 
	C384.613739,405.246033 382.844574,396.890656 381.109985,388.698669 
	C378.148224,388.698669 375.733582,388.698669 372.888428,388.698669 
	C373.987122,393.263092 374.990112,397.429962 376.144257,402.416840 
M111.340416,420.429626 
	C111.340416,409.843353 111.340416,399.257050 111.340416,388.737244 
	C108.351799,388.737244 106.105751,388.737244 103.096283,388.737244 
	C103.096283,397.979004 103.096283,406.881714 103.096283,415.784424 
	C98.616440,408.878174 95.139725,401.906982 91.642456,394.946106 
	C87.875031,387.447510 86.920509,387.030853 78.439148,389.123322 
	C78.439148,402.520721 78.439148,415.934998 78.439148,429.474304 
	C81.103355,429.474304 83.472015,429.474304 86.180534,429.474304 
	C86.180534,420.052704 86.180534,410.998566 86.180534,401.944397 
	C90.545303,408.758911 94.200180,415.757843 97.769302,422.800232 
	C101.844368,430.840942 101.811188,430.857758 111.340004,429.257690 
	C111.340004,426.685242 111.340004,424.043610 111.340416,420.429626 
M603.914673,416.502869 
	C605.431763,419.075287 606.953491,421.644958 608.465027,424.220612 
	C612.353760,430.846985 613.147278,431.171295 621.195190,429.179108 
	C618.075500,423.897034 615.001038,418.691559 611.821045,413.307434 
	C613.163147,412.447266 614.369568,411.854431 615.359375,411.008179 
	C619.585083,407.395355 620.682800,402.752502 619.419556,397.502289 
	C618.317810,392.923462 615.562805,389.403320 610.779358,389.081818 
	C603.708618,388.606537 596.582275,388.958984 589.320801,388.958984 
	C589.320801,402.798431 589.320801,416.306763 589.320801,429.646057 
	C592.050537,429.646057 594.444275,429.646057 597.147095,429.646057 
	C597.147095,424.012634 597.147095,418.736145 597.147095,411.676514 
	C599.960022,413.528229 601.729492,414.693024 603.914673,416.502869 
M205.801529,429.833038 
	C206.393036,427.407410 206.984543,424.981781 207.754456,421.824524 
	C199.966110,421.824524 193.396576,421.824524 186.895508,421.824524 
	C186.895508,418.686371 186.895508,416.079376 186.895508,412.894653 
	C192.700424,412.894653 198.272110,412.894653 203.718994,412.894653 
	C203.718994,410.186340 203.718994,408.066864 203.718994,405.221741 
	C197.947342,405.221741 192.395432,405.221741 187.022400,405.221741 
	C187.022400,401.754974 187.022400,399.022888 187.022400,396.014832 
	C193.852814,396.014832 200.308792,396.014832 206.813187,396.014832 
	C206.813187,393.323639 206.813187,390.942657 206.813187,388.678253 
	C197.145248,388.678253 187.872314,388.678253 178.556091,388.678253 
	C178.556091,402.531891 178.556091,416.063721 178.556091,429.858368 
	C187.624695,429.858368 196.278214,429.858368 205.801529,429.833038 
M498.626373,428.119415 
	C500.029907,428.622894 501.399384,429.275269 502.842560,429.605591 
	C511.892334,431.676727 521.208679,426.020752 521.952698,417.605530 
	C522.447754,412.005737 522.425293,406.293243 521.944519,400.690399 
	C521.288269,393.043518 515.021790,388.238678 506.532135,388.171356 
	C497.978729,388.103516 491.602417,393.198181 490.945099,401.070068 
	C490.545319,405.857361 490.689728,410.699158 490.758545,415.514069 
	C490.835632,420.909698 493.277924,425.032654 498.626373,428.119415 
M717.749268,393.258972 
	C718.709290,391.816895 719.669312,390.374817 720.586914,388.996429 
	C713.532410,386.604156 709.346130,389.410583 706.132751,395.235474 
	C703.729370,399.592041 700.536133,403.512909 697.694519,407.627747 
	C697.396179,407.487793 697.097839,407.347839 696.799500,407.207886 
	C696.799500,401.097473 696.799500,394.987091 696.799500,388.683960 
	C694.075562,388.683960 691.676758,388.683960 689.319946,388.683960 
	C689.319946,402.543396 689.319946,416.094055 689.319946,429.590515 
	C691.990479,429.590515 694.261108,429.590515 697.028259,429.590515 
	C696.062317,422.930634 697.696533,417.470093 703.242065,413.645203 
	C703.599243,413.998505 703.747498,414.097473 703.831787,414.235504 
	C705.822998,417.495300 707.803711,420.761536 709.793640,424.022156 
	C713.892334,430.738068 713.894104,430.737000 722.540100,429.133545 
	C719.518494,424.182922 716.627502,419.405334 713.696289,414.652557 
	C708.286316,405.880524 708.276184,405.886322 714.306091,397.813812 
	C715.302185,396.480286 716.302979,395.150238 717.749268,393.258972 
M791.907776,397.507599 
	C790.443054,406.080536 793.328491,410.371155 801.827332,412.203461 
	C803.935669,412.658051 806.101990,412.885864 808.171509,413.467529 
	C810.775330,414.199463 814.796143,414.411469 813.723450,418.209564 
	C813.197937,420.070129 809.573486,422.246277 807.391541,422.204254 
	C802.606873,422.112122 797.847656,420.697144 792.603333,419.735229 
	C791.885193,420.935120 790.815552,422.722260 789.529175,424.871552 
	C798.233521,430.133453 806.874146,431.787415 815.976135,427.789703 
	C820.803955,425.669312 822.926575,420.914886 822.246643,415.325287 
	C821.639954,410.338318 818.567810,407.793060 813.793274,406.849457 
	C810.865845,406.270935 807.802795,405.811829 805.157837,404.550354 
	C803.052795,403.546387 800.080383,401.488800 799.981018,399.756317 
	C799.781067,396.268524 803.309021,395.413696 806.188232,395.733612 
	C810.202087,396.179657 814.141418,397.296875 818.352722,398.177032 
	C819.259155,396.433838 820.221191,394.583649 821.351624,392.409637 
	C819.026001,391.312714 817.172485,390.169098 815.158508,389.535248 
	C806.479797,386.803741 794.286438,387.986603 791.907776,397.507599 
M293.789520,429.041382 
	C293.789520,418.137665 293.789520,407.233948 293.789520,395.788269 
	C298.254547,395.788269 301.976593,395.788269 305.571838,395.788269 
	C305.571838,393.122528 305.571838,391.020050 305.571838,388.767334 
	C294.957367,388.767334 284.619263,388.767334 274.425446,388.767334 
	C274.425446,391.392151 274.425446,393.617310 274.425446,396.207428 
	C278.394531,396.207428 281.985229,396.207428 286.137573,396.207428 
	C286.137573,407.607117 286.137573,418.635376 286.137573,429.700287 
	C288.862061,429.700287 291.009247,429.700287 293.789520,429.041382 
z"/>
<path fill="#178965" opacity="1.000000" stroke="none" 
	d="
M625.356384,213.611755 
	C622.162903,161.533875 641.486816,120.335167 685.107239,92.689049 
	C759.104309,45.790512 860.086060,84.086174 878.713623,174.712219 
	C889.699829,228.162125 867.771729,279.981415 822.897766,309.631561 
	C773.297363,342.404633 704.206055,335.361969 662.079041,293.406586 
	C640.027405,271.444824 628.444702,244.765350 625.356384,213.611755 
M781.145447,109.206429 
	C780.335144,109.021698 779.517212,108.865082 778.715637,108.648163 
	C749.852783,100.837372 722.559814,104.626053 698.599365,122.522820 
	C664.500977,147.991928 653.657471,183.135956 662.248657,223.831100 
	C677.832520,297.648926 765.208618,320.175049 815.563416,273.927399 
	C844.816101,247.060791 852.695007,212.886292 843.069702,174.956528 
	C834.772095,142.258820 814.069763,120.309204 781.145447,109.206429 
z"/>
<path fill="#178965" opacity="1.000000" stroke="none" 
	d="
M205.894547,277.930115 
	C209.381760,274.834595 212.579056,271.946899 215.702744,269.125671 
	C223.266724,276.641937 230.785233,284.113007 238.317017,291.597290 
	C212.650742,320.984131 161.284668,340.028748 109.333664,324.844177 
	C57.718292,309.757721 21.859203,262.598755 19.271063,208.364151 
	C16.577288,151.915894 50.700886,100.025726 103.369934,80.746292 
	C152.476654,62.770836 207.537170,76.438530 238.885529,110.550499 
	C231.374527,118.298027 223.869965,126.038918 216.219742,133.930054 
	C211.493515,129.963867 207.093033,125.643578 202.099747,122.177216 
	C148.775024,85.158974 70.895531,109.263939 56.316860,180.149292 
	C48.986603,215.790955 57.768433,248.199326 84.944839,273.625061 
	C117.828697,304.390564 169.528656,305.910370 205.894547,277.930115 
z"/>
<path fill="#178965" opacity="1.000000" stroke="none" 
	d="
M456.186829,316.747772 
	C457.943665,321.242249 459.562561,325.373199 461.425415,330.126617 
	C449.807343,330.126617 438.856293,330.212463 427.911621,329.988556 
	C426.862579,329.967102 425.378418,328.196136 424.898315,326.932556 
	C419.882935,313.732758 415.104279,300.442627 410.027130,287.267273 
	C409.494385,285.884827 407.473236,284.147034 406.134369,284.139954 
	C373.142090,283.965973 340.148621,284.003754 306.667419,284.003754 
	C301.015015,299.294586 295.345306,314.632202 289.702087,329.898193 
	C277.921448,329.898193 266.487152,329.898193 254.411316,329.898193 
	C255.944839,325.968506 257.291504,322.443054 258.692169,318.939240 
	C290.080536,240.419571 321.497559,161.911331 352.788300,83.352760 
	C354.093323,80.076309 355.597198,78.890556 359.196472,78.833214 
	C362.997040,78.772675 364.725189,80.031387 366.056091,83.486549 
	C387.911133,140.224518 409.885925,196.916351 431.822449,253.622955 
	C439.913086,274.537506 447.974243,295.463470 456.186829,316.747772 
M369.291809,176.248016 
	C366.152252,167.875809 363.012726,159.503601 359.593903,150.386673 
	C345.705627,184.902298 332.119629,218.666656 318.348602,252.890839 
	C345.100952,252.890839 371.093018,252.890839 397.763641,252.890839 
	C388.274017,227.259323 378.959473,202.100616 369.291809,176.248016 
z"/>
<path fill="#168864" opacity="1.000000" stroke="none" 
	d="
M612.907104,78.999588 
	C615.548523,78.999588 617.704956,78.999588 620.220825,78.999588 
	C620.220825,89.291702 620.220825,99.347160 620.220825,109.826630 
	C596.434692,109.826630 572.688660,109.826630 548.487732,109.826630 
	C548.487732,183.295181 548.487732,256.346130 548.487732,329.763702 
	C537.160950,329.763702 526.284973,329.763702 514.948486,329.763702 
	C514.948486,256.673187 514.948486,183.634476 514.948486,110.190903 
	C490.746826,110.190903 466.995514,110.190903 442.832581,110.190903 
	C442.832581,99.762352 442.832581,89.727043 442.832581,78.999588 
	C499.315887,78.999588 555.869019,78.999588 612.907104,78.999588 
z"/>
<path fill="#208E6B" opacity="1.000000" stroke="none" 
	d="
M376.068695,402.006836 
	C374.990112,397.429962 373.987122,393.263092 372.888428,388.698669 
	C375.733582,388.698669 378.148224,388.698669 381.109985,388.698669 
	C382.844574,396.890656 384.613739,405.246033 386.382935,413.601379 
	C386.686066,413.668457 386.989197,413.735504 387.292328,413.802582 
	C389.523651,406.441437 391.618622,399.033661 394.105286,391.759796 
	C394.583038,390.362335 396.432068,388.988708 397.942108,388.485962 
	C400.693237,387.569885 402.019928,389.245209 402.754639,391.931702 
	C404.764587,399.281128 407.015961,406.564575 410.125153,413.932861 
	C411.445251,407.699036 412.774994,401.467255 414.082886,395.230865 
	C415.670593,387.660309 415.710052,387.626678 423.897583,388.924927 
	C420.598145,402.480133 417.305664,416.006683 413.984039,429.653076 
	C411.405457,429.653076 409.104645,429.653076 406.192719,429.653076 
	C403.790588,420.772369 401.338654,411.707611 398.556763,401.422974 
	C395.682220,411.508972 393.135284,420.445435 390.607300,429.315460 
	C382.932556,430.567017 382.925873,430.568634 381.161804,423.273987 
	C379.480988,416.323608 377.816132,409.369385 376.068695,402.006836 
z"/>
<path fill="#208E6B" opacity="1.000000" stroke="none" 
	d="
M111.340210,420.915833 
	C111.340004,424.043610 111.340004,426.685242 111.340004,429.257690 
	C101.811188,430.857758 101.844368,430.840942 97.769302,422.800232 
	C94.200180,415.757843 90.545303,408.758911 86.180534,401.944397 
	C86.180534,410.998566 86.180534,420.052704 86.180534,429.474304 
	C83.472015,429.474304 81.103355,429.474304 78.439148,429.474304 
	C78.439148,415.934998 78.439148,402.520721 78.439148,389.123322 
	C86.920509,387.030853 87.875031,387.447510 91.642456,394.946106 
	C95.139725,401.906982 98.616440,408.878174 103.096283,415.784424 
	C103.096283,406.881714 103.096283,397.979004 103.096283,388.737244 
	C106.105751,388.737244 108.351799,388.737244 111.340416,388.737244 
	C111.340416,399.257050 111.340416,409.843353 111.340210,420.915833 
z"/>
<path fill="#198A66" opacity="1.000000" stroke="none" 
	d="
M603.706787,416.180359 
	C601.729492,414.693024 599.960022,413.528229 597.147095,411.676514 
	C597.147095,418.736145 597.147095,424.012634 597.147095,429.646057 
	C594.444275,429.646057 592.050537,429.646057 589.320801,429.646057 
	C589.320801,416.306763 589.320801,402.798431 589.320801,388.958984 
	C596.582275,388.958984 603.708618,388.606537 610.779358,389.081818 
	C615.562805,389.403320 618.317810,392.923462 619.419556,397.502289 
	C620.682800,402.752502 619.585083,407.395355 615.359375,411.008179 
	C614.369568,411.854431 613.163147,412.447266 611.821045,413.307434 
	C615.001038,418.691559 618.075500,423.897034 621.195190,429.179108 
	C613.147278,431.171295 612.353760,430.846985 608.465027,424.220612 
	C606.953491,421.644958 605.431763,419.075287 603.706787,416.180359 
M610.606995,404.309204 
	C610.511963,402.012146 610.967590,397.941864 610.230286,397.712921 
	C606.194824,396.459686 601.866577,396.149323 597.555420,395.502441 
	C597.555420,399.643097 597.555420,402.554016 597.555420,406.322601 
	C601.983032,405.803802 606.002197,405.332916 610.606995,404.309204 
z"/>
<path fill="#25906E" opacity="1.000000" stroke="none" 
	d="
M205.366638,429.845703 
	C196.278214,429.858368 187.624695,429.858368 178.556091,429.858368 
	C178.556091,416.063721 178.556091,402.531891 178.556091,388.678253 
	C187.872314,388.678253 197.145248,388.678253 206.813187,388.678253 
	C206.813187,390.942657 206.813187,393.323639 206.813187,396.014832 
	C200.308792,396.014832 193.852814,396.014832 187.022400,396.014832 
	C187.022400,399.022888 187.022400,401.754974 187.022400,405.221741 
	C192.395432,405.221741 197.947342,405.221741 203.718994,405.221741 
	C203.718994,408.066864 203.718994,410.186340 203.718994,412.894653 
	C198.272110,412.894653 192.700424,412.894653 186.895508,412.894653 
	C186.895508,416.079376 186.895508,418.686371 186.895508,421.824524 
	C193.396576,421.824524 199.966110,421.824524 207.754456,421.824524 
	C206.984543,424.981781 206.393036,427.407410 205.366638,429.845703 
z"/>
<path fill="#1C8C69" opacity="1.000000" stroke="none" 
	d="
M498.273926,427.971191 
	C493.277924,425.032654 490.835632,420.909698 490.758545,415.514069 
	C490.689728,410.699158 490.545319,405.857361 490.945099,401.070068 
	C491.602417,393.198181 497.978729,388.103516 506.532135,388.171356 
	C515.021790,388.238678 521.288269,393.043518 521.944519,400.690399 
	C522.425293,406.293243 522.447754,412.005737 521.952698,417.605530 
	C521.208679,426.020752 511.892334,431.676727 502.842560,429.605591 
	C501.399384,429.275269 500.029907,428.622894 498.273926,427.971191 
M513.744141,408.540649 
	C513.719849,406.554169 513.894714,404.540802 513.630737,402.586700 
	C513.036011,398.185333 510.046021,395.721283 505.849854,395.907013 
	C501.714172,396.090057 499.003632,398.851562 498.858490,403.324280 
	C498.729675,407.294556 498.760162,411.274719 498.867249,415.246582 
	C498.983673,419.563965 501.339294,421.985260 505.613190,422.343750 
	C509.926300,422.705536 512.884827,420.332214 513.543457,415.897980 
	C513.856934,413.787689 513.692200,411.606354 513.744141,408.540649 
z"/>
<path fill="#1F8D6B" opacity="1.000000" stroke="none" 
	d="
M717.525391,393.538818 
	C716.302979,395.150238 715.302185,396.480286 714.306091,397.813812 
	C708.276184,405.886322 708.286316,405.880524 713.696289,414.652557 
	C716.627502,419.405334 719.518494,424.182922 722.540100,429.133545 
	C713.894104,430.737000 713.892334,430.738068 709.793640,424.022156 
	C707.803711,420.761536 705.822998,417.495300 703.831787,414.235504 
	C703.747498,414.097473 703.599243,413.998505 703.242065,413.645203 
	C697.696533,417.470093 696.062317,422.930634 697.028259,429.590515 
	C694.261108,429.590515 691.990479,429.590515 689.319946,429.590515 
	C689.319946,416.094055 689.319946,402.543396 689.319946,388.683960 
	C691.676758,388.683960 694.075562,388.683960 696.799500,388.683960 
	C696.799500,394.987091 696.799500,401.097473 696.799500,407.207886 
	C697.097839,407.347839 697.396179,407.487793 697.694519,407.627747 
	C700.536133,403.512909 703.729370,399.592041 706.132751,395.235474 
	C709.346130,389.410583 713.532410,386.604156 720.586914,388.996429 
	C719.669312,390.374817 718.709290,391.816895 717.525391,393.538818 
z"/>
<path fill="#1F8D6B" opacity="1.000000" stroke="none" 
	d="
M791.967834,397.124268 
	C794.286438,387.986603 806.479797,386.803741 815.158508,389.535248 
	C817.172485,390.169098 819.026001,391.312714 821.351624,392.409637 
	C820.221191,394.583649 819.259155,396.433838 818.352722,398.177032 
	C814.141418,397.296875 810.202087,396.179657 806.188232,395.733612 
	C803.309021,395.413696 799.781067,396.268524 799.981018,399.756317 
	C800.080383,401.488800 803.052795,403.546387 805.157837,404.550354 
	C807.802795,405.811829 810.865845,406.270935 813.793274,406.849457 
	C818.567810,407.793060 821.639954,410.338318 822.246643,415.325287 
	C822.926575,420.914886 820.803955,425.669312 815.976135,427.789703 
	C806.874146,431.787415 798.233521,430.133453 789.529175,424.871552 
	C790.815552,422.722260 791.885193,420.935120 792.603333,419.735229 
	C797.847656,420.697144 802.606873,422.112122 807.391541,422.204254 
	C809.573486,422.246277 813.197937,420.070129 813.723450,418.209564 
	C814.796143,414.411469 810.775330,414.199463 808.171509,413.467529 
	C806.101990,412.885864 803.935669,412.658051 801.827332,412.203461 
	C793.328491,410.371155 790.443054,406.080536 791.967834,397.124268 
z"/>
<path fill="#1F8D6B" opacity="1.000000" stroke="none" 
	d="
M293.472961,429.370850 
	C291.009247,429.700287 288.862061,429.700287 286.137573,429.700287 
	C286.137573,418.635376 286.137573,407.607117 286.137573,396.207428 
	C281.985229,396.207428 278.394531,396.207428 274.425446,396.207428 
	C274.425446,393.617310 274.425446,391.392151 274.425446,388.767334 
	C284.619263,388.767334 294.957367,388.767334 305.571838,388.767334 
	C305.571838,391.020050 305.571838,393.122528 305.571838,395.788269 
	C301.976593,395.788269 298.254547,395.788269 293.789520,395.788269 
	C293.789520,407.233948 293.789520,418.137665 293.472961,429.370850 
z"/>
<path fill="#FFFFFF" opacity="1.000000" stroke="none" 
	d="
M781.521423,109.353287 
	C814.069763,120.309204 834.772095,142.258820 843.069702,174.956528 
	C852.695007,212.886292 844.816101,247.060791 815.563416,273.927399 
	C765.208618,320.175049 677.832520,297.648926 662.248657,223.831100 
	C653.657471,183.135956 664.500977,147.991928 698.599365,122.522820 
	C722.559814,104.626053 749.852783,100.837372 778.715637,108.648163 
	C779.517212,108.865082 780.335144,109.021698 781.521423,109.353287 
z"/>
<path fill="#FEFEFE" opacity="1.000000" stroke="none" 
	d="
M369.468353,176.594971 
	C378.959473,202.100616 388.274017,227.259323 397.763641,252.890839 
	C371.093018,252.890839 345.100952,252.890839 318.348602,252.890839 
	C332.119629,218.666656 345.705627,184.902298 359.593903,150.386673 
	C363.012726,159.503601 366.152252,167.875809 369.468353,176.594971 
z"/>
<path fill="#F4F9F8" opacity="1.000000" stroke="none" 
	d="
M610.314209,404.585602 
	C606.002197,405.332916 601.983032,405.803802 597.555420,406.322601 
	C597.555420,402.554016 597.555420,399.643097 597.555420,395.502441 
	C601.866577,396.149323 606.194824,396.459686 610.230286,397.712921 
	C610.967590,397.941864 610.511963,402.012146 610.314209,404.585602 
z"/>
<path fill="#FAFDFC" opacity="1.000000" stroke="none" 
	d="
M513.744141,408.998932 
	C513.692200,411.606354 513.856934,413.787689 513.543457,415.897980 
	C512.884827,420.332214 509.926300,422.705536 505.613190,422.343750 
	C501.339294,421.985260 498.983673,419.563965 498.867249,415.246582 
	C498.760162,411.274719 498.729675,407.294556 498.858490,403.324280 
	C499.003632,398.851562 501.714172,396.090057 505.849854,395.907013 
	C510.046021,395.721283 513.036011,398.185333 513.630737,402.586700 
	C513.894714,404.540802 513.719849,406.554169 513.744141,408.998932 
z"/>
</svg>