<svg version="1.1" id="Layer_1" xmlns="http://www.w3.org/2000/svg" xmlns:xlink="http://www.w3.org/1999/xlink" x="0px" y="0px"
	 width="100%" viewBox="0 0 225 225" enable-background="new 0 0 225 225" xml:space="preserve">
<path fill="#FEFEFE" opacity="1.000000" stroke="none" 
	d="
M226.000000,172.000000 
	C226.000000,189.976608 226.000000,207.953217 226.000000,225.964905 
	C151.120880,225.964905 76.241737,225.964905 1.000000,225.964905 
	C1.000000,206.980637 1.000000,187.958984 1.359488,168.480530 
	C5.753262,177.058502 11.996615,178.846512 19.882347,174.103928 
	C22.490458,175.016464 24.402510,175.685471 26.608988,176.457504 
	C26.608988,163.984802 26.608988,152.471100 26.608988,140.997925 
	C24.844952,140.997925 23.386208,140.997925 21.380598,140.997925 
	C21.380598,145.373245 21.380598,149.557846 21.380598,154.035645 
	C14.319019,149.848816 9.297619,149.869217 5.076627,153.987061 
	C3.545145,155.481110 2.349097,157.319000 0.999999,159.000000 
	C1.000000,106.376274 1.000000,53.752541 1.000000,1.064407 
	C75.895866,1.064407 150.791809,1.064407 226.000000,1.064407 
	C226.000000,52.020470 226.000000,103.041580 225.763260,154.523834 
	C225.526520,154.985001 225.052902,154.995987 224.758698,154.803528 
	C224.128296,154.241562 223.824066,153.835632 223.450912,153.508270 
	C220.273148,150.720413 216.450089,149.669998 212.946747,151.973419 
	C210.969116,153.273697 209.236893,156.185608 208.952271,158.558472 
	C208.400284,163.160309 212.449158,164.383698 215.921967,165.670273 
	C216.233780,165.785782 216.624344,165.790283 216.862259,165.986847 
	C218.175018,167.071396 219.523117,168.136108 220.645279,169.397781 
	C220.777145,169.546036 219.613922,171.498352 219.024231,171.512711 
	C217.322647,171.554199 215.597366,171.079376 213.900131,170.719040 
	C212.054382,170.327179 210.229706,169.836166 208.395859,169.388382 
	C212.702271,178.001175 218.852417,178.405884 226.000000,172.000000 
M122.141937,79.704575 
	C114.776398,86.168266 107.589188,85.607330 100.249222,79.482910 
	C97.987267,77.595551 95.100235,76.457634 92.500397,74.974831 
	C89.736542,73.398499 86.973862,71.820114 83.702438,69.952484 
	C90.672707,65.978790 97.063034,62.977135 102.713730,58.940178 
	C108.786385,54.601768 113.892166,54.330082 119.971115,58.902622 
	C124.485016,62.297947 129.853516,64.557121 134.841370,67.322372 
	C135.186523,66.882263 135.531677,66.442162 135.876846,66.002060 
	C134.532547,64.651573 133.390808,62.964905 131.807571,62.011005 
	C126.113937,58.580608 120.372215,55.193356 114.420517,52.251331 
	C112.736656,51.418968 109.887878,51.428455 108.234108,52.302303 
	C99.271896,57.037914 90.506042,62.146698 81.703362,67.180824 
	C80.516975,67.859306 79.504547,68.841949 77.876785,70.095627 
	C79.779793,71.371986 80.933487,72.253494 82.183258,72.966606 
	C90.558884,77.745682 99.040154,82.347420 107.298889,87.319397 
	C110.247574,89.094604 112.419327,89.192909 115.428703,87.375832 
	C123.634697,82.421028 132.087448,77.874908 140.499466,73.134758 
	C142.019150,77.997665 140.194489,80.458572 136.181168,82.505608 
	C128.932053,86.203087 121.903816,90.356018 114.936295,94.571556 
	C112.301140,96.165886 110.316956,96.071266 107.705620,94.503319 
	C100.011795,89.883652 92.171936,85.502022 84.306168,81.178345 
	C82.785683,80.342560 80.889084,80.190994 78.739754,79.608246 
	C78.739754,82.773933 78.973419,84.965355 78.689476,87.087517 
	C78.153679,91.092171 79.742241,93.321556 83.338768,95.199745 
	C91.731636,99.582695 99.927734,104.357910 108.061348,109.212456 
	C110.516220,110.677650 112.289604,110.622604 114.723564,109.187843 
	C123.125191,104.235306 131.684723,99.550674 140.372620,94.657867 
	C141.813339,99.244888 140.697266,101.923790 136.609955,103.767654 
	C132.534531,105.606155 128.317841,107.570717 124.922646,110.393562 
	C115.659485,118.095192 107.118698,117.782669 97.712784,110.381638 
	C92.352753,106.164101 85.810783,103.448669 79.801033,100.056854 
	C79.358444,100.555168 78.915848,101.053474 78.473251,101.551788 
	C79.555717,102.661835 80.459206,104.077904 81.749527,104.832550 
	C90.502167,109.951492 99.394218,114.833733 108.108170,120.016167 
	C110.626244,121.513741 112.532616,121.278419 114.906105,119.870537 
	C122.196915,115.545822 129.372482,110.921654 137.031784,107.357048 
	C143.016327,104.571877 144.858582,100.633911 144.183273,94.486702 
	C143.704727,90.130562 142.933990,89.387909 139.133896,91.497543 
	C131.430923,95.773903 123.701576,100.016533 116.169258,104.580322 
	C112.853882,106.589073 110.232681,106.942459 106.766441,104.735428 
	C100.183609,100.543991 93.395508,96.619438 86.428886,93.107262 
	C82.325264,91.038445 80.972160,88.538536 82.581734,84.068550 
	C91.135384,88.893875 99.588913,93.490501 107.844406,98.418869 
	C110.517685,100.014748 112.407753,99.894318 115.022240,98.322212 
	C122.854301,93.612732 130.892563,89.246735 138.839111,84.726898 
	C144.688751,81.399719 146.228882,74.254501 142.375427,68.432442 
	C142.066864,68.551712 141.738480,68.635551 141.452652,68.795464 
	C135.214035,72.285744 128.980148,75.784477 122.141937,79.704575 
M131.100876,165.848328 
	C131.640244,160.576965 130.595581,155.889755 125.889008,152.756119 
	C120.817680,149.379623 115.938263,150.651535 110.845322,154.340881 
	C110.845322,149.401443 110.845322,145.159149 110.845322,140.702271 
	C108.904076,140.864075 107.340324,140.994400 105.815392,141.121506 
	C105.815392,152.929047 105.815392,164.322281 105.815392,176.660599 
	C108.152969,175.769104 109.967590,175.077057 112.574577,174.082825 
	C120.596947,179.050735 127.466660,176.686172 131.100876,165.848328 
M30.575047,167.532288 
	C34.217857,176.785950 40.441101,178.671143 48.526882,174.183929 
	C51.429676,175.126892 53.283352,175.729034 55.469379,176.439148 
	C55.469379,167.507904 55.469379,159.568863 55.469379,150.680801 
	C53.098602,151.560211 51.269043,152.238846 49.053028,153.060837 
	C47.609528,152.538376 45.388885,151.234955 43.053375,150.978775 
	C34.494392,150.039963 29.257891,156.659378 30.575047,167.532288 
M101.199959,166.476044 
	C101.199959,161.531754 101.199959,156.587463 101.199959,150.638992 
	C98.662033,151.574265 96.912697,152.218918 94.464828,153.121002 
	C88.892647,149.649109 82.954994,149.954163 78.896675,154.607544 
	C75.041641,159.027817 74.730446,166.938995 78.222160,171.755066 
	C82.113770,177.122681 87.401260,177.607040 94.066055,174.257065 
	C97.181473,175.210220 98.928825,175.744827 101.199959,176.439682 
	C101.199959,172.748383 101.199959,170.106186 101.199959,166.476044 
M198.611664,172.010422 
	C200.674377,175.431061 203.386810,177.153381 207.642807,175.345963 
	C203.991943,170.800217 200.400528,166.328491 195.621811,160.378448 
	C199.440048,157.421570 203.061188,154.617325 206.875000,151.663879 
	C198.356949,149.019089 196.796738,157.953796 190.972076,160.018463 
	C190.972076,153.432739 190.972076,147.310577 190.972076,141.001923 
	C189.194229,141.001923 187.626434,141.001923 186.071167,141.001923 
	C186.071167,152.721451 186.071167,164.163177 186.071167,175.972305 
	C187.825455,175.892929 189.364029,175.823318 191.734863,175.716034 
	C191.734863,171.973068 191.734863,168.574570 191.734863,165.176086 
	C192.134415,165.098587 192.533966,165.021088 192.933517,164.943588 
	C194.659119,167.120346 196.384720,169.297119 198.611664,172.010422 
M167.735825,151.836090 
	C162.294754,154.101379 159.933334,158.481583 160.090591,164.061569 
	C160.235840,169.215256 162.514328,173.487823 167.630035,175.365570 
	C172.983078,177.330444 178.028488,176.707520 182.246231,171.726074 
	C180.508514,171.043381 178.615417,170.473862 177.050598,170.960327 
	C173.136856,172.177048 169.746658,171.833542 167.204453,168.504990 
	C164.833466,165.400620 164.832275,161.946701 167.136108,158.792175 
	C169.672028,155.319870 173.277023,155.228058 177.028320,156.337738 
	C180.268143,157.296112 180.252533,157.348892 182.468155,154.254501 
	C178.326263,150.677948 173.616364,150.062775 167.735825,151.836090 
M62.896252,157.017288 
	C62.899727,160.174026 62.887444,163.330887 62.909718,166.487503 
	C62.970177,175.056244 65.823288,177.296127 74.435150,175.481720 
	C74.435150,174.379425 74.435150,173.261826 74.435150,172.172211 
	C67.521568,170.828751 66.600220,168.237045 68.578804,155.945969 
	C70.191422,155.840393 71.818962,155.733841 73.648666,155.614059 
	C73.648666,154.160339 73.648666,152.938644 73.648666,151.548782 
	C71.699013,151.376480 69.970848,151.223740 68.065956,151.055389 
	C68.065956,148.501099 68.065956,146.367126 68.065956,144.054504 
	C66.258461,144.054504 64.681335,144.054504 62.890427,144.054504 
	C62.890427,146.442902 62.890427,148.583221 62.890427,149.412842 
	C60.976135,151.386337 59.843136,152.554382 58.710136,153.722427 
	C60.019367,154.542999 61.328602,155.363586 62.896252,157.017288 
M134.488785,152.408905 
	C134.488785,160.193375 134.488785,167.977844 134.488785,176.072266 
	C136.481277,175.983322 138.058884,175.912888 139.398926,175.853073 
	C141.761597,168.575485 135.195770,158.052963 147.854218,155.884674 
	C147.854218,154.103104 147.854218,152.645676 147.854218,150.213943 
	C144.925461,151.621368 142.532181,152.771454 140.138901,153.921555 
	C140.233627,153.537659 140.328354,153.153763 140.423096,152.769867 
	C138.606003,152.430481 136.788925,152.091080 134.488785,152.408905 
M157.014557,165.481735 
	C157.014557,160.890762 157.014557,156.299789 157.014557,151.689087 
	C155.045349,151.689087 153.538132,151.689087 152.053040,151.689087 
	C152.053040,159.909134 152.053040,167.782349 152.053040,175.972137 
	C153.821533,175.885880 155.341248,175.811768 157.014557,175.730148 
	C157.014557,172.387360 157.014557,169.427795 157.014557,165.481735 
M151.345016,142.822784 
	C152.242081,144.235504 153.022690,145.759018 154.154419,146.948471 
	C154.336411,147.139725 156.594208,146.056213 156.969437,145.170853 
	C157.363174,144.241760 156.824860,141.904175 156.382233,141.819962 
	C154.925659,141.542816 153.327927,142.007629 151.345016,142.822784 
z"/>
<path fill="#0B0B0B" opacity="1.000000" stroke="none" 
	d="
M0.999999,159.449982 
	C2.349097,157.319000 3.545145,155.481110 5.076627,153.987061 
	C9.297619,149.869217 14.319019,149.848816 21.380598,154.035645 
	C21.380598,149.557846 21.380598,145.373245 21.380598,140.997925 
	C23.386208,140.997925 24.844952,140.997925 26.608988,140.997925 
	C26.608988,152.471100 26.608988,163.984802 26.608988,176.457504 
	C24.402510,175.685471 22.490458,175.016464 19.882347,174.103928 
	C11.996615,178.846512 5.753262,177.058502 1.359488,168.011871 
	C1.000000,165.299988 1.000000,162.599976 0.999999,159.449982 
M21.837116,165.063232 
	C22.103371,160.582794 20.524614,157.174820 15.930440,155.998993 
	C12.097470,155.018021 9.040773,156.469147 7.182492,159.985901 
	C5.209775,163.719193 6.835383,168.766617 10.512228,170.763840 
	C14.685194,173.030548 18.784924,171.206802 21.837116,165.063232 
z"/>
<path fill="#0A0A0A" opacity="1.000000" stroke="none" 
	d="
M226.000000,171.571533 
	C218.852417,178.405884 212.702271,178.001175 208.395859,169.388382 
	C210.229706,169.836166 212.054382,170.327179 213.900131,170.719040 
	C215.597366,171.079376 217.322647,171.554199 219.024231,171.512711 
	C219.613922,171.498352 220.777145,169.546036 220.645279,169.397781 
	C219.523117,168.136108 218.175018,167.071396 216.862259,165.986847 
	C216.624344,165.790283 216.233780,165.785782 215.921967,165.670273 
	C212.449158,164.383698 208.400284,163.160309 208.952271,158.558472 
	C209.236893,156.185608 210.969116,153.273697 212.946747,151.973419 
	C216.450089,149.669998 220.273148,150.720413 223.450912,153.508270 
	C223.824066,153.835632 224.128296,154.241562 224.735535,155.169098 
	C223.459869,157.807510 222.020462,158.951859 219.596466,156.457794 
	C218.735016,155.571457 216.653824,155.636627 215.158051,155.729324 
	C214.643326,155.761215 213.647202,157.677673 213.843979,157.910370 
	C214.829376,159.075592 216.048630,160.109634 217.350754,160.926727 
	C220.180679,162.702530 223.110825,164.318619 226.000000,166.000000 
	C226.000000,167.714355 226.000000,169.428711 226.000000,171.571533 
z"/>
<path fill="#F1F1F1" opacity="1.000000" stroke="none" 
	d="
M226.000000,165.541931 
	C223.110825,164.318619 220.180679,162.702530 217.350754,160.926727 
	C216.048630,160.109634 214.829376,159.075592 213.843979,157.910370 
	C213.647202,157.677673 214.643326,155.761215 215.158051,155.729324 
	C216.653824,155.636627 218.735016,155.571457 219.596466,156.457794 
	C222.020462,158.951859 223.459869,157.807510 225.029739,155.361572 
	C225.052902,154.995987 225.526520,154.985001 225.763260,154.992493 
	C226.000000,158.361282 226.000000,161.722580 226.000000,165.541931 
z"/>
<path fill="#FF3821" opacity="1.000000" stroke="none" 
	d="
M122.443649,79.493080 
	C128.980148,75.784477 135.214035,72.285744 141.452652,68.795464 
	C141.738480,68.635551 142.066864,68.551712 142.376495,68.435211 
	C146.228882,74.254501 144.688751,81.399719 138.839111,84.726898 
	C130.892563,89.246735 122.854301,93.612732 115.022240,98.322212 
	C112.407753,99.894318 110.517685,100.014748 107.844406,98.418869 
	C99.588913,93.490501 91.135384,88.893875 82.581734,84.068550 
	C80.972160,88.538536 82.325264,91.038445 86.428886,93.107262 
	C93.395508,96.619438 100.183609,100.543991 106.766441,104.735428 
	C110.232681,106.942459 112.853882,106.589073 116.169258,104.580322 
	C123.701576,100.016533 131.430923,95.773903 139.133896,91.497543 
	C142.933990,89.387909 143.704727,90.130562 144.183273,94.486702 
	C144.858582,100.633911 143.016327,104.571877 137.031784,107.357048 
	C129.372482,110.921654 122.196915,115.545822 114.906105,119.870537 
	C112.532616,121.278419 110.626244,121.513741 108.108170,120.016167 
	C99.394218,114.833733 90.502167,109.951492 81.749527,104.832550 
	C80.459206,104.077904 79.555717,102.661835 78.473251,101.551788 
	C78.915848,101.053474 79.358444,100.555168 79.801033,100.056854 
	C85.810783,103.448669 92.352753,106.164101 97.712784,110.381638 
	C107.118698,117.782669 115.659485,118.095192 124.922646,110.393562 
	C128.317841,107.570717 132.534531,105.606155 136.609955,103.767654 
	C140.697266,101.923790 141.813339,99.244888 140.372620,94.657867 
	C131.684723,99.550674 123.125191,104.235306 114.723564,109.187843 
	C112.289604,110.622604 110.516220,110.677650 108.061348,109.212456 
	C99.927734,104.357910 91.731636,99.582695 83.338768,95.199745 
	C79.742241,93.321556 78.153679,91.092171 78.689476,87.087517 
	C78.973419,84.965355 78.739754,82.773933 78.739754,79.608246 
	C80.889084,80.190994 82.785683,80.342560 84.306168,81.178345 
	C92.171936,85.502022 100.011795,89.883652 107.705620,94.503319 
	C110.316956,96.071266 112.301140,96.165886 114.936295,94.571556 
	C121.903816,90.356018 128.932053,86.203087 136.181168,82.505608 
	C140.194489,80.458572 142.019150,77.997665 140.499466,73.134758 
	C132.087448,77.874908 123.634697,82.421028 115.428703,87.375832 
	C112.419327,89.192909 110.247574,89.094604 107.298889,87.319397 
	C99.040154,82.347420 90.558884,77.745682 82.183258,72.966606 
	C80.933487,72.253494 79.779793,71.371986 77.876785,70.095627 
	C79.504547,68.841949 80.516975,67.859306 81.703362,67.180824 
	C90.506042,62.146698 99.271896,57.037914 108.234108,52.302303 
	C109.887878,51.428455 112.736656,51.418968 114.420517,52.251331 
	C120.372215,55.193356 126.113937,58.580608 131.807571,62.011005 
	C133.390808,62.964905 134.532547,64.651573 135.876846,66.002060 
	C135.531677,66.442162 135.186523,66.882263 134.841370,67.322372 
	C129.853516,64.557121 124.485016,62.297947 119.971115,58.902622 
	C113.892166,54.330082 108.786385,54.601768 102.713730,58.940178 
	C97.063034,62.977135 90.672707,65.978790 83.702438,69.952484 
	C86.973862,71.820114 89.736542,73.398499 92.500397,74.974831 
	C95.100235,76.457634 97.987267,77.595551 100.249222,79.482910 
	C107.589188,85.607330 114.776398,86.168266 122.443649,79.493080 
z"/>
<path fill="#060606" opacity="1.000000" stroke="none" 
	d="
M131.068909,166.225586 
	C127.466660,176.686172 120.596947,179.050735 112.574577,174.082825 
	C109.967590,175.077057 108.152969,175.769104 105.815392,176.660599 
	C105.815392,164.322281 105.815392,152.929047 105.815392,141.121506 
	C107.340324,140.994400 108.904076,140.864075 110.845322,140.702271 
	C110.845322,145.159149 110.845322,149.401443 110.845322,154.340881 
	C115.938263,150.651535 120.817680,149.379623 125.889008,152.756119 
	C130.595581,155.889755 131.640244,160.576965 131.068909,166.225586 
M126.010574,164.319305 
	C126.326500,160.578201 124.836922,157.366821 121.373245,156.429932 
	C118.988983,155.784988 115.141838,156.123825 113.667786,157.666138 
	C111.853920,159.564011 110.631607,163.538498 111.368149,165.934708 
	C112.094742,168.298584 115.365067,170.947098 117.913925,171.443008 
	C122.100098,172.257507 125.004677,169.459579 126.010574,164.319305 
z"/>
<path fill="#0F0F0F" opacity="1.000000" stroke="none" 
	d="
M30.429695,167.150909 
	C29.257891,156.659378 34.494392,150.039963 43.053375,150.978775 
	C45.388885,151.234955 47.609528,152.538376 49.053028,153.060837 
	C51.269043,152.238846 53.098602,151.560211 55.469379,150.680801 
	C55.469379,159.568863 55.469379,167.507904 55.469379,176.439148 
	C53.283352,175.729034 51.429676,175.126892 48.526882,174.183929 
	C40.441101,178.671143 34.217857,176.785950 30.429695,167.150909 
M44.968822,155.995117 
	C40.079967,155.013077 36.792587,157.053192 35.431477,161.668472 
	C34.322254,165.429657 35.939987,168.539505 39.193161,170.582672 
	C42.708733,172.790665 47.320396,171.462631 49.537529,167.816620 
	C52.057079,163.673233 50.753433,159.636703 44.968822,155.995117 
z"/>
<path fill="#080808" opacity="1.000000" stroke="none" 
	d="
M101.199959,166.970016 
	C101.199959,170.106186 101.199959,172.748383 101.199959,176.439682 
	C98.928825,175.744827 97.181473,175.210220 94.066055,174.257065 
	C87.401260,177.607040 82.113770,177.122681 78.222160,171.755066 
	C74.730446,166.938995 75.041641,159.027817 78.896675,154.607544 
	C82.954994,149.954163 88.892647,149.649109 94.464828,153.121002 
	C96.912697,152.218918 98.662033,151.574265 101.199959,150.638992 
	C101.199959,156.587463 101.199959,161.531754 101.199959,166.970016 
M84.671440,156.797272 
	C80.567001,160.650085 79.725594,164.870850 82.550003,168.500610 
	C85.124123,171.808701 88.506027,172.594971 92.271744,170.725983 
	C95.805679,168.972031 97.457176,164.171188 95.737961,160.395004 
	C93.643951,155.795609 89.850296,155.007370 84.671440,156.797272 
z"/>
<path fill="#050505" opacity="1.000000" stroke="none" 
	d="
M198.360992,171.742157 
	C196.384720,169.297119 194.659119,167.120346 192.933517,164.943588 
	C192.533966,165.021088 192.134415,165.098587 191.734863,165.176086 
	C191.734863,168.574570 191.734863,171.973068 191.734863,175.716034 
	C189.364029,175.823318 187.825455,175.892929 186.071167,175.972305 
	C186.071167,164.163177 186.071167,152.721451 186.071167,141.001923 
	C187.626434,141.001923 189.194229,141.001923 190.972076,141.001923 
	C190.972076,147.310577 190.972076,153.432739 190.972076,160.018463 
	C196.796738,157.953796 198.356949,149.019089 206.875000,151.663879 
	C203.061188,154.617325 199.440048,157.421570 195.621811,160.378448 
	C200.400528,166.328491 203.991943,170.800217 207.642807,175.345963 
	C203.386810,177.153381 200.674377,175.431061 198.360992,171.742157 
z"/>
<path fill="#0C0C0C" opacity="1.000000" stroke="none" 
	d="
M168.115326,151.684082 
	C173.616364,150.062775 178.326263,150.677948 182.468155,154.254501 
	C180.252533,157.348892 180.268143,157.296112 177.028320,156.337738 
	C173.277023,155.228058 169.672028,155.319870 167.136108,158.792175 
	C164.832275,161.946701 164.833466,165.400620 167.204453,168.504990 
	C169.746658,171.833542 173.136856,172.177048 177.050598,170.960327 
	C178.615417,170.473862 180.508514,171.043381 182.246231,171.726074 
	C178.028488,176.707520 172.983078,177.330444 167.630035,175.365570 
	C162.514328,173.487823 160.235840,169.215256 160.090591,164.061569 
	C159.933334,158.481583 162.294754,154.101379 168.115326,151.684082 
z"/>
<path fill="#0C0C0C" opacity="1.000000" stroke="none" 
	d="
M62.767044,156.600723 
	C61.328602,155.363586 60.019367,154.542999 58.710136,153.722427 
	C59.843136,152.554382 60.976135,151.386337 62.890427,149.412842 
	C62.890427,148.583221 62.890427,146.442902 62.890427,144.054504 
	C64.681335,144.054504 66.258461,144.054504 68.065956,144.054504 
	C68.065956,146.367126 68.065956,148.501099 68.065956,151.055389 
	C69.970848,151.223740 71.699013,151.376480 73.648666,151.548782 
	C73.648666,152.938644 73.648666,154.160339 73.648666,155.614059 
	C71.818962,155.733841 70.191422,155.840393 68.578804,155.945969 
	C66.600220,168.237045 67.521568,170.828751 74.435150,172.172211 
	C74.435150,173.261826 74.435150,174.379425 74.435150,175.481720 
	C65.823288,177.296127 62.970177,175.056244 62.909718,166.487503 
	C62.887444,163.330887 62.899727,160.174026 62.767044,156.600723 
z"/>
<path fill="#191919" opacity="1.000000" stroke="none" 
	d="
M134.730316,152.080292 
	C136.788925,152.091080 138.606003,152.430481 140.423096,152.769867 
	C140.328354,153.153763 140.233627,153.537659 140.138901,153.921555 
	C142.532181,152.771454 144.925461,151.621368 147.854218,150.213943 
	C147.854218,152.645676 147.854218,154.103104 147.854218,155.884674 
	C135.195770,158.052963 141.761597,168.575485 139.398926,175.853073 
	C138.058884,175.912888 136.481277,175.983322 134.488785,176.072266 
	C134.488785,167.977844 134.488785,160.193375 134.730316,152.080292 
z"/>
<path fill="#050505" opacity="1.000000" stroke="none" 
	d="
M157.014557,165.974976 
	C157.014557,169.427795 157.014557,172.387360 157.014557,175.730148 
	C155.341248,175.811768 153.821533,175.885880 152.053040,175.972137 
	C152.053040,167.782349 152.053040,159.909134 152.053040,151.689087 
	C153.538132,151.689087 155.045349,151.689087 157.014557,151.689087 
	C157.014557,156.299789 157.014557,160.890762 157.014557,165.974976 
z"/>
<path fill="#0A0A0A" opacity="1.000000" stroke="none" 
	d="
M151.564713,142.505112 
	C153.327927,142.007629 154.925659,141.542816 156.382233,141.819962 
	C156.824860,141.904175 157.363174,144.241760 156.969437,145.170853 
	C156.594208,146.056213 154.336411,147.139725 154.154419,146.948471 
	C153.022690,145.759018 152.242081,144.235504 151.564713,142.505112 
z"/>
<path fill="#F7F7F7" opacity="1.000000" stroke="none" 
	d="
M21.737549,165.438919 
	C18.784924,171.206802 14.685194,173.030548 10.512228,170.763840 
	C6.835383,168.766617 5.209775,163.719193 7.182492,159.985901 
	C9.040773,156.469147 12.097470,155.018021 15.930440,155.998993 
	C20.524614,157.174820 22.103371,160.582794 21.737549,165.438919 
z"/>
<path fill="#F9F9F9" opacity="1.000000" stroke="none" 
	d="
M125.991211,164.723602 
	C125.004677,169.459579 122.100098,172.257507 117.913925,171.443008 
	C115.365067,170.947098 112.094742,168.298584 111.368149,165.934708 
	C110.631607,163.538498 111.853920,159.564011 113.667786,157.666138 
	C115.141838,156.123825 118.988983,155.784988 121.373245,156.429932 
	C124.836922,157.366821 126.326500,160.578201 125.991211,164.723602 
z"/>
<path fill="#F6F6F6" opacity="1.000000" stroke="none" 
	d="
M45.368301,156.069641 
	C50.753433,159.636703 52.057079,163.673233 49.537529,167.816620 
	C47.320396,171.462631 42.708733,172.790665 39.193161,170.582672 
	C35.939987,168.539505 34.322254,165.429657 35.431477,161.668472 
	C36.792587,157.053192 40.079967,155.013077 45.368301,156.069641 
z"/>
<path fill="#F8F8F8" opacity="1.000000" stroke="none" 
	d="
M85.002792,156.557770 
	C89.850296,155.007370 93.643951,155.795609 95.737961,160.395004 
	C97.457176,164.171188 95.805679,168.972031 92.271744,170.725983 
	C88.506027,172.594971 85.124123,171.808701 82.550003,168.500610 
	C79.725594,164.870850 80.567001,160.650085 85.002792,156.557770 
z"/>
</svg>