<svg version="1.1" id="Layer_1" xmlns="http://www.w3.org/2000/svg" xmlns:xlink="http://www.w3.org/1999/xlink" x="0px" y="0px"
	 width="100%" viewBox="0 0 410 123" enable-background="new 0 0 410 123" xml:space="preserve">
<path fill="#FDFEFF" opacity="1.000000" stroke="none" 
	d="
M411.000000,79.000000 
	C411.000000,93.986710 411.000000,108.973419 411.000000,123.955963 
	C274.333313,123.951797 137.666656,123.951797 1.000000,123.951797 
	C1.000000,111.248161 1.000000,98.592743 1.336821,85.606209 
	C5.892668,86.090019 10.087924,87.409134 14.335929,87.609406 
	C21.953844,87.968559 28.778265,85.641441 33.834263,79.522324 
	C41.018902,70.826973 41.063370,56.618137 33.988049,48.132877 
	C27.215822,40.011120 10.227430,36.852772 1.000000,42.000000 
	C1.000000,28.344837 1.000000,14.689672 1.000000,1.059991 
	C137.666687,1.059991 274.333344,1.059991 411.000000,1.059991 
	C411.000000,23.767550 411.000000,46.415115 410.664917,69.441818 
	C408.154266,64.263474 403.552673,62.003979 398.161896,60.625278 
	C394.655243,59.728451 390.912842,59.023491 387.861786,57.233967 
	C382.294342,53.968525 382.936188,46.452259 388.676270,43.481327 
	C393.750336,40.855103 400.120178,41.881889 404.382782,45.867813 
	C405.518616,46.929920 406.964233,47.660717 408.267609,48.543610 
	C408.627411,48.207184 408.987183,47.870754 409.346954,47.534328 
	C408.859650,46.435410 408.563751,45.190380 407.854248,44.261120 
	C402.964417,37.856678 391.113434,36.519737 384.773071,41.582722 
	C379.363281,45.902622 378.656036,54.271717 384.019073,58.607494 
	C387.094604,61.093906 391.295807,62.240753 395.075409,63.781723 
	C397.047058,64.585571 399.306335,64.698524 401.254883,65.541466 
	C405.539734,67.395103 407.499298,70.793854 407.188568,75.504456 
	C406.883606,80.127609 404.225403,82.887444 400.025635,84.040291 
	C393.371704,85.866791 387.576752,84.438095 383.006653,78.909378 
	C382.323822,78.083298 380.940308,77.836380 379.880951,77.321533 
	C379.977875,78.614388 379.569977,80.415573 380.265198,81.105988 
	C382.462891,83.288559 384.808807,85.657265 387.572845,86.872795 
	C396.691010,90.882683 404.699219,88.004272 411.000000,79.000000 
M353.225128,83.358101 
	C353.225128,83.358101 353.156647,83.320267 354.024078,82.731781 
	C353.813904,81.685944 353.603729,80.640114 353.393555,79.594276 
	C352.863525,79.643433 352.333496,79.692589 351.803467,79.741753 
	C351.803467,81.477180 351.614136,83.242081 351.877808,84.936478 
	C352.024933,85.881874 352.925049,86.710106 353.485840,87.591133 
	C354.021301,87.074257 355.095764,86.373955 354.993683,86.074081 
	C354.654663,85.077950 353.892487,84.225822 353.225128,83.358101 
M109.022758,83.046227 
	C108.946754,69.716347 108.870750,56.386475 108.716957,42.343945 
	C106.862511,41.639893 104.612083,39.951305 103.259605,40.495285 
	C101.762245,41.097542 100.229156,43.723278 100.190689,45.499847 
	C99.927864,57.640419 99.910255,69.792969 100.210167,81.931854 
	C100.255020,83.747345 102.063660,86.482330 103.638763,86.991982 
	C104.896942,87.399086 107.041107,85.068008 109.022758,83.046227 
M270.582642,39.100410 
	C269.867371,40.529858 268.580963,41.940926 268.534271,43.391891 
	C268.315063,50.203800 268.436615,57.026672 268.436584,63.845631 
	C268.436523,69.034012 268.436554,74.222397 268.436554,80.837326 
	C256.887085,65.887360 246.320297,52.209400 234.785614,37.278580 
	C234.048431,40.270176 233.445770,41.592018 233.438950,42.916912 
	C233.368927,56.554470 233.340408,70.193092 233.482590,83.829521 
	C233.496323,85.144966 234.736237,86.447624 235.406937,87.756210 
	C235.980759,86.399414 237.035431,85.048569 237.052322,83.684875 
	C237.188248,72.709694 237.118515,61.732071 237.143738,50.755268 
	C237.146393,49.599186 237.356476,48.443577 237.557770,46.399963 
	C238.897369,48.112839 239.604935,49.015133 240.309937,49.919415 
	C249.898117,62.217705 259.485931,74.516258 269.541565,87.340736 
	C273.113373,87.737259 272.018860,85.006813 272.028625,83.345650 
	C272.106232,70.129456 272.100372,56.912457 272.029785,43.696190 
	C272.022430,42.320423 271.428009,40.947788 270.582642,39.100410 
M62.083057,78.405060 
	C62.083057,75.936142 62.083057,73.467232 62.083057,71.159828 
	C66.298492,69.745842 68.800079,70.930397 70.625183,74.505363 
	C72.360085,77.903648 74.654243,81.012306 76.610519,84.303001 
	C78.170319,86.926781 80.280800,88.499519 83.180855,86.852486 
	C86.450272,84.995659 85.678558,82.199738 84.057343,79.530655 
	C81.757820,75.744858 79.438568,71.971046 77.184219,68.284462 
	C83.992592,61.630108 85.545891,55.648392 82.481133,48.796974 
	C79.722496,42.629902 73.554108,39.395508 65.506371,40.019688 
	C63.404945,40.182678 61.188480,41.292038 59.265934,40.869591 
	C53.813347,39.671471 53.087009,42.614185 53.108044,46.837204 
	C53.163658,58.003288 53.125843,69.169830 53.128826,80.336197 
	C53.129047,81.169189 52.820446,82.280952 53.235756,82.783768 
	C54.571217,84.400612 56.178837,85.792656 57.681488,87.271400 
	C59.130135,85.793602 60.788567,84.458847 61.936218,82.775803 
	C62.484890,81.971161 62.064735,80.505898 62.083057,78.405060 
M147.665512,83.107689 
	C152.046188,73.072403 156.431686,63.039215 160.804077,53.000320 
	C161.862701,50.569714 163.326614,48.194687 163.748413,45.652134 
	C164.009567,44.077953 163.019806,41.129562 161.942795,40.776356 
	C160.368225,40.259979 158.034576,41.206139 156.371826,42.144474 
	C155.440765,42.669907 155.189682,44.427757 154.667175,45.645309 
	C150.763535,54.741798 146.868637,63.842030 142.688568,73.600418 
	C138.459854,63.466465 134.577606,54.135895 130.670593,44.815708 
	C129.456604,41.919750 127.876900,38.999531 124.125069,40.479866 
	C120.190399,42.032349 121.423141,45.200218 122.661659,48.057842 
	C127.805008,59.924995 132.868973,71.828690 138.229843,83.596992 
	C138.978455,85.240364 141.176849,87.139526 142.777145,87.207756 
	C144.228500,87.269630 145.779495,84.994698 147.665512,83.107689 
M189.433121,81.966843 
	C197.486206,65.277534 204.776733,48.292820 209.729675,30.367718 
	C208.226624,31.623358 207.103287,33.081280 206.586792,34.729382 
	C205.331848,38.733685 202.773788,39.893333 198.728378,39.596195 
	C193.927826,39.243591 189.081207,39.547218 184.255142,39.502171 
	C181.159973,39.473278 178.211960,40.002705 178.270004,43.790249 
	C178.328308,47.594460 181.383331,47.949944 184.413025,47.933758 
	C189.463287,47.906776 194.513809,47.926395 199.783310,47.926395 
	C195.670380,59.095467 195.670380,59.095688 184.881866,59.259701 
	C184.382675,59.267296 183.740097,59.063717 183.407852,59.300396 
	C181.583496,60.599953 178.610657,61.787468 178.318741,63.421867 
	C177.733566,66.698059 180.632690,67.728172 183.595245,67.760513 
	C185.994965,67.786713 188.395187,67.765831 190.726517,67.765831 
	C190.726517,68.810677 190.835617,69.186172 190.710266,69.450478 
	C188.615082,73.868439 188.672424,80.313026 180.924240,79.433823 
	C180.078476,79.337852 178.404251,81.572670 178.132111,82.930412 
	C177.905624,84.060448 178.924515,85.726692 179.857834,86.715530 
	C180.662170,87.567680 182.123825,87.799408 183.345566,88.327339 
	C182.596161,90.689148 181.935776,92.770432 181.275375,94.851723 
	C181.728683,95.066940 182.181976,95.282150 182.635269,95.497368 
	C184.796600,91.213745 186.957916,86.930130 189.433121,81.966843 
M299.477661,61.605446 
	C297.237335,61.605446 294.997009,61.605446 292.614777,61.605446 
	C292.614777,54.942379 292.614777,49.175953 292.614777,42.411282 
	C302.587524,42.411282 312.361725,42.411282 322.885925,42.411282 
	C319.950562,38.752048 299.483612,37.616959 288.835480,39.664967 
	C288.835480,54.702583 288.769623,69.819023 288.991394,84.931236 
	C289.005402,85.886505 291.222992,87.556061 292.479065,87.618774 
	C298.289459,87.908875 304.122345,87.751671 309.947174,87.747559 
	C313.275513,87.745216 316.613373,87.860916 319.925140,87.621605 
	C320.700714,87.565567 321.387939,86.286560 322.115784,85.570206 
	C321.407898,85.009995 320.768890,84.134880 319.976379,83.961418 
	C318.703766,83.682892 317.329620,83.859810 315.998383,83.859306 
	C308.252319,83.856400 300.506226,83.857880 292.779114,83.857880 
	C292.779114,77.225327 292.779114,71.339775 292.779114,65.534203 
	C300.247406,63.984985 307.902039,66.668488 314.831024,64.000305 
	C314.780121,63.202145 314.729248,62.403992 314.678375,61.605835 
	C309.945709,61.605835 305.213043,61.605835 299.477661,61.605446 
M335.936768,42.192486 
	C341.798035,43.068535 348.122437,40.225609 351.973969,43.166473 
	C359.979126,42.575581 366.469482,42.096500 373.805695,41.554985 
	C372.523560,40.104626 372.203766,39.421436 371.874481,39.416836 
	C359.904541,39.249435 347.933624,39.122929 335.963318,39.156902 
	C335.655579,39.157780 335.353119,41.012768 335.936768,42.192486 
M198.729095,87.919769 
	C204.378311,87.918823 210.031326,88.025597 215.673569,87.826981 
	C216.816254,87.786751 217.918304,86.592766 219.039093,85.930679 
	C217.898376,85.277344 216.773300,84.093132 215.614365,84.059036 
	C209.306000,83.873444 202.982498,83.816544 196.680847,84.093666 
	C195.313858,84.153770 194.014984,85.762581 192.684738,86.658081 
	C192.907364,87.078659 193.129974,87.499245 193.352585,87.919823 
	C194.833862,87.919823 196.315155,87.919823 198.729095,87.919769 
M217.027176,61.876507 
	C212.418976,62.718510 206.870331,59.717361 203.257751,64.750580 
	C207.674774,65.428383 211.952652,65.507164 216.225662,65.397202 
	C218.581619,65.336586 220.553757,64.772316 217.027176,61.876507 
z"/>
<path fill="#0958FF" opacity="1.000000" stroke="none" 
	d="
M1.000000,42.468658 
	C10.227430,36.852772 27.215822,40.011120 33.988049,48.132877 
	C41.063370,56.618137 41.018902,70.826973 33.834263,79.522324 
	C28.778265,85.641441 21.953844,87.968559 14.335929,87.609406 
	C10.087924,87.409134 5.892668,86.090019 1.336821,85.137550 
	C1.000000,70.979103 1.000000,56.958210 1.000000,42.468658 
M12.632857,48.272057 
	C11.776733,48.980034 10.188182,49.675034 10.175378,50.397949 
	C10.008343,59.829002 10.064486,69.264015 10.064486,78.607216 
	C20.404446,80.341461 26.901756,77.220772 29.724930,69.698174 
	C33.156330,60.554905 28.241156,47.315742 12.632857,48.272057 
z"/>
<path fill="#0E59FF" opacity="1.000000" stroke="none" 
	d="
M411.000000,78.550018 
	C404.699219,88.004272 396.691010,90.882683 387.572845,86.872795 
	C384.808807,85.657265 382.462891,83.288559 380.265198,81.105988 
	C379.569977,80.415573 379.977875,78.614388 379.880951,77.321533 
	C380.940308,77.836380 382.323822,78.083298 383.006653,78.909378 
	C387.576752,84.438095 393.371704,85.866791 400.025635,84.040291 
	C404.225403,82.887444 406.883606,80.127609 407.188568,75.504456 
	C407.499298,70.793854 405.539734,67.395103 401.254883,65.541466 
	C399.306335,64.698524 397.047058,64.585571 395.075409,63.781723 
	C391.295807,62.240753 387.094604,61.093906 384.019073,58.607494 
	C378.656036,54.271717 379.363281,45.902622 384.773071,41.582722 
	C391.113434,36.519737 402.964417,37.856678 407.854248,44.261120 
	C408.563751,45.190380 408.859650,46.435410 409.346954,47.534328 
	C408.987183,47.870754 408.627411,48.207184 408.267609,48.543610 
	C406.964233,47.660717 405.518616,46.929920 404.382782,45.867813 
	C400.120178,41.881889 393.750336,40.855103 388.676270,43.481327 
	C382.936188,46.452259 382.294342,53.968525 387.861786,57.233967 
	C390.912842,59.023491 394.655243,59.728451 398.161896,60.625278 
	C403.552673,62.003979 408.154266,64.263474 410.664917,69.910477 
	C411.000000,72.700012 411.000000,75.400032 411.000000,78.550018 
z"/>
<path fill="#0B59FF" opacity="1.000000" stroke="none" 
	d="
M62.083221,78.872452 
	C62.064735,80.505898 62.484890,81.971161 61.936218,82.775803 
	C60.788567,84.458847 59.130135,85.793602 57.681488,87.271400 
	C56.178837,85.792656 54.571217,84.400612 53.235756,82.783768 
	C52.820446,82.280952 53.129047,81.169189 53.128826,80.336197 
	C53.125843,69.169830 53.163658,58.003288 53.108044,46.837204 
	C53.087009,42.614185 53.813347,39.671471 59.265934,40.869591 
	C61.188480,41.292038 63.404945,40.182678 65.506371,40.019688 
	C73.554108,39.395508 79.722496,42.629902 82.481133,48.796974 
	C85.545891,55.648392 83.992592,61.630108 77.184219,68.284462 
	C79.438568,71.971046 81.757820,75.744858 84.057343,79.530655 
	C85.678558,82.199738 86.450272,84.995659 83.180855,86.852486 
	C80.280800,88.499519 78.170319,86.926781 76.610519,84.303001 
	C74.654243,81.012306 72.360085,77.903648 70.625183,74.505363 
	C68.800079,70.930397 66.298492,69.745842 62.083057,71.159828 
	C62.083057,73.467232 62.083057,75.936142 62.083221,78.872452 
M73.979568,59.257324 
	C73.876595,56.508652 74.779182,53.063789 73.459419,51.157539 
	C70.786583,47.296936 66.309685,48.226757 62.350548,48.746014 
	C62.350548,53.378178 62.350548,57.472286 62.350548,62.788853 
	C66.404266,61.718929 69.918610,60.791367 73.979568,59.257324 
z"/>
<path fill="#0B59FF" opacity="1.000000" stroke="none" 
	d="
M147.476044,83.428864 
	C145.779495,84.994698 144.228500,87.269630 142.777145,87.207756 
	C141.176849,87.139526 138.978455,85.240364 138.229843,83.596992 
	C132.868973,71.828690 127.805008,59.924995 122.661659,48.057842 
	C121.423141,45.200218 120.190399,42.032349 124.125069,40.479866 
	C127.876900,38.999531 129.456604,41.919750 130.670593,44.815708 
	C134.577606,54.135895 138.459854,63.466465 142.688568,73.600418 
	C146.868637,63.842030 150.763535,54.741798 154.667175,45.645309 
	C155.189682,44.427757 155.440765,42.669907 156.371826,42.144474 
	C158.034576,41.206139 160.368225,40.259979 161.942795,40.776356 
	C163.019806,41.129562 164.009567,44.077953 163.748413,45.652134 
	C163.326614,48.194687 161.862701,50.569714 160.804077,53.000320 
	C156.431686,63.039215 152.046188,73.072403 147.476044,83.428864 
z"/>
<path fill="#105BFF" opacity="1.000000" stroke="none" 
	d="
M189.276184,82.306671 
	C186.957916,86.930130 184.796600,91.213745 182.635269,95.497368 
	C182.181976,95.282150 181.728683,95.066940 181.275375,94.851723 
	C181.935776,92.770432 182.596161,90.689148 183.345566,88.327339 
	C182.123825,87.799408 180.662170,87.567680 179.857834,86.715530 
	C178.924515,85.726692 177.905624,84.060448 178.132111,82.930412 
	C178.404251,81.572670 180.078476,79.337852 180.924240,79.433823 
	C188.672424,80.313026 188.615082,73.868439 190.710266,69.450478 
	C190.835617,69.186172 190.726517,68.810677 190.726517,67.765831 
	C188.395187,67.765831 185.994965,67.786713 183.595245,67.760513 
	C180.632690,67.728172 177.733566,66.698059 178.318741,63.421867 
	C178.610657,61.787468 181.583496,60.599953 183.407852,59.300396 
	C183.740097,59.063717 184.382675,59.267296 184.881866,59.259701 
	C195.670380,59.095688 195.670380,59.095467 199.783310,47.926395 
	C194.513809,47.926395 189.463287,47.906776 184.413025,47.933758 
	C181.383331,47.949944 178.328308,47.594460 178.270004,43.790249 
	C178.211960,40.002705 181.159973,39.473278 184.255142,39.502171 
	C189.081207,39.547218 193.927826,39.243591 198.728378,39.596195 
	C202.773788,39.893333 205.331848,38.733685 206.586792,34.729382 
	C207.103287,33.081280 208.226624,31.623358 209.729675,30.367718 
	C204.776733,48.292820 197.486206,65.277534 189.276184,82.306671 
z"/>
<path fill="#165EFF" opacity="1.000000" stroke="none" 
	d="
M269.073853,86.814758 
	C259.485931,74.516258 249.898117,62.217705 240.309937,49.919415 
	C239.604935,49.015133 238.897369,48.112839 237.557770,46.399963 
	C237.356476,48.443577 237.146393,49.599186 237.143738,50.755268 
	C237.118515,61.732071 237.188248,72.709694 237.052322,83.684875 
	C237.035431,85.048569 235.980759,86.399414 235.406937,87.756218 
	C234.736237,86.447624 233.496323,85.144966 233.482590,83.829521 
	C233.340408,70.193092 233.368927,56.554470 233.438950,42.916912 
	C233.445770,41.592018 234.048431,40.270176 234.785614,37.278580 
	C246.320297,52.209400 256.887085,65.887360 268.436554,80.837326 
	C268.436554,74.222397 268.436523,69.034012 268.436584,63.845631 
	C268.436615,57.026672 268.315063,50.203800 268.534271,43.391891 
	C268.580963,41.940926 269.867371,40.529858 270.808350,39.834770 
	C271.017303,54.058979 271.076111,67.549820 270.899231,81.037567 
	C270.873840,82.970947 269.710541,84.889397 269.073853,86.814758 
z"/>
<path fill="#0955FF" opacity="1.000000" stroke="none" 
	d="
M299.979004,61.605640 
	C305.213043,61.605835 309.945709,61.605835 314.678375,61.605835 
	C314.729248,62.403992 314.780121,63.202145 314.831024,64.000305 
	C307.902039,66.668488 300.247406,63.984985 292.779114,65.534203 
	C292.779114,71.339775 292.779114,77.225327 292.779114,83.857880 
	C300.506226,83.857880 308.252319,83.856400 315.998383,83.859306 
	C317.329620,83.859810 318.703766,83.682892 319.976379,83.961418 
	C320.768890,84.134880 321.407898,85.009995 322.115784,85.570206 
	C321.387939,86.286560 320.700714,87.565567 319.925140,87.621605 
	C316.613373,87.860916 313.275513,87.745216 309.947174,87.747559 
	C304.122345,87.751671 298.289459,87.908875 292.479065,87.618774 
	C291.222992,87.556061 289.005402,85.886505 288.991394,84.931236 
	C288.769623,69.819023 288.835480,54.702583 288.835480,39.664967 
	C299.483612,37.616959 319.950562,38.752048 322.885925,42.411282 
	C312.361725,42.411282 302.587524,42.411282 292.614777,42.411282 
	C292.614777,49.175953 292.614777,54.942379 292.614777,61.605446 
	C294.997009,61.605446 297.237335,61.605446 299.979004,61.605640 
z"/>
<path fill="#0858FF" opacity="1.000000" stroke="none" 
	d="
M108.792023,83.952301 
	C107.041107,85.068008 104.896942,87.399086 103.638763,86.991982 
	C102.063660,86.482330 100.255020,83.747345 100.210167,81.931854 
	C99.910255,69.792969 99.927864,57.640419 100.190689,45.499847 
	C100.229156,43.723278 101.762245,41.097542 103.259605,40.495285 
	C104.612083,39.951305 106.862511,41.639893 108.502045,43.021023 
	C108.190918,55.046116 108.052864,66.394073 108.036613,77.742203 
	C108.033646,79.811874 108.527504,81.882248 108.792023,83.952301 
z"/>
<path fill="#0456FF" opacity="1.000000" stroke="none" 
	d="
M335.492493,42.097771 
	C335.353119,41.012768 335.655579,39.157780 335.963318,39.156902 
	C347.933624,39.122929 359.904541,39.249435 371.874481,39.416836 
	C372.203766,39.421436 372.523560,40.104626 373.805695,41.554985 
	C366.469482,42.096500 359.979126,42.575581 351.973969,43.166473 
	C348.122437,40.225609 341.798035,43.068535 335.492493,42.097771 
z"/>
<path fill="#0F5AFF" opacity="1.000000" stroke="none" 
	d="
M198.262756,87.919800 
	C196.315155,87.919823 194.833862,87.919823 193.352585,87.919823 
	C193.129974,87.499245 192.907364,87.078659 192.684738,86.658081 
	C194.014984,85.762581 195.313858,84.153770 196.680847,84.093666 
	C202.982498,83.816544 209.306000,83.873444 215.614365,84.059036 
	C216.773300,84.093132 217.898376,85.277344 219.039093,85.930679 
	C217.918304,86.592766 216.816254,87.786751 215.673569,87.826981 
	C210.031326,88.025597 204.378311,87.918823 198.262756,87.919800 
z"/>
<path fill="#0550FF" opacity="1.000000" stroke="none" 
	d="
M217.465820,61.964355 
	C220.553757,64.772316 218.581619,65.336586 216.225662,65.397202 
	C211.952652,65.507164 207.674774,65.428383 203.257751,64.750580 
	C206.870331,59.717361 212.418976,62.718510 217.465820,61.964355 
z"/>
<path fill="#0248FF" opacity="1.000000" stroke="none" 
	d="
M269.307709,87.077744 
	C269.710541,84.889397 270.873840,82.970947 270.899231,81.037567 
	C271.076111,67.549820 271.017303,54.058979 271.070007,40.071415 
	C271.428009,40.947788 272.022430,42.320423 272.029785,43.696190 
	C272.100372,56.912457 272.106232,70.129456 272.028625,83.345650 
	C272.018860,85.006813 273.113373,87.737259 269.307709,87.077744 
z"/>
<path fill="#0046FF" opacity="1.000000" stroke="none" 
	d="
M108.907394,83.499268 
	C108.527504,81.882248 108.033646,79.811874 108.036613,77.742203 
	C108.052864,66.394073 108.190918,55.046116 108.540947,43.377350 
	C108.870750,56.386475 108.946754,69.716347 108.907394,83.499268 
z"/>
<path fill="#014BFF" opacity="1.000000" stroke="none" 
	d="
M353.292572,83.318466 
	C353.892487,84.225822 354.654663,85.077950 354.993683,86.074081 
	C355.095764,86.373955 354.021301,87.074257 353.485840,87.591141 
	C352.925049,86.710106 352.024933,85.881874 351.877808,84.936478 
	C351.614136,83.242081 351.803467,81.477180 351.803467,79.741753 
	C352.333496,79.692589 352.863525,79.643433 353.393555,79.594276 
	C353.603729,80.640114 353.813904,81.685944 353.588684,83.350250 
	C353.307587,84.295403 353.461914,84.622086 353.616211,84.948769 
	C353.508331,84.405334 353.400452,83.861908 353.292572,83.318466 
z"/>
<path fill="#0456FF" opacity="1.000000" stroke="none" 
	d="
M353.258850,83.338287 
	C353.400452,83.861908 353.508331,84.405334 353.616211,84.948769 
	C353.461914,84.622086 353.307587,84.295403 353.154968,83.644501 
	C353.156647,83.320267 353.225128,83.358101 353.258850,83.338287 
z"/>
<path fill="#FAFBFF" opacity="1.000000" stroke="none" 
	d="
M13.071230,48.270470 
	C28.241156,47.315742 33.156330,60.554905 29.724930,69.698174 
	C26.901756,77.220772 20.404446,80.341461 10.064486,78.607216 
	C10.064486,69.264015 10.008343,59.829002 10.175378,50.397949 
	C10.188182,49.675034 11.776733,48.980034 13.071230,48.270470 
z"/>
<path fill="#F3F6FF" opacity="1.000000" stroke="none" 
	d="
M73.706253,59.560562 
	C69.918610,60.791367 66.404266,61.718929 62.350548,62.788853 
	C62.350548,57.472286 62.350548,53.378178 62.350548,48.746014 
	C66.309685,48.226757 70.786583,47.296936 73.459419,51.157539 
	C74.779182,53.063789 73.876595,56.508652 73.706253,59.560562 
z"/>
</svg>