<svg version="1.1" id="Layer_1" xmlns="http://www.w3.org/2000/svg" xmlns:xlink="http://www.w3.org/1999/xlink" x="0px" y="0px"
	 width="100%" viewBox="0 0 1366 768" enable-background="new 0 0 1366 768" xml:space="preserve">
<path fill="#FFFFFF" opacity="1.000000" stroke="none" 
	d="
M893.000000,769.000000 
	C595.368103,769.000000 298.236176,769.000000 1.052128,769.000000 
	C1.052128,513.064697 1.052128,257.129395 1.052128,1.097035 
	C456.215393,1.097035 911.430847,1.097035 1366.823120,1.097035 
	C1366.823120,256.999908 1366.823120,512.999939 1366.823120,769.000000 
	C1209.129150,769.000000 1051.314575,769.000000 893.000000,769.000000 
M148.744919,270.525360 
	C130.640305,270.525360 112.535683,270.525360 93.829475,270.525360 
	C93.829475,280.023224 93.829475,288.984100 92.913979,297.971954 
	C81.750862,297.976715 70.587746,297.978271 59.424625,297.987366 
	C53.071365,297.992523 53.067596,297.998108 53.067474,304.584137 
	C53.066425,359.566742 53.067043,414.549377 53.066811,469.531982 
	C53.066685,499.022675 53.076031,528.513367 53.048763,558.004028 
	C53.046192,560.783875 52.718243,563.181152 56.954124,563.139099 
	C75.279854,562.956848 93.608749,563.006531 111.935654,563.114197 
	C114.991455,563.132141 116.024315,562.111328 115.960281,559.076660 
	C115.826782,552.751160 116.001595,546.419128 116.974281,540.031433 
	C127.963493,540.083801 138.952698,540.136169 149.949814,541.102112 
	C149.949814,561.525452 149.949814,581.948853 149.949814,602.569824 
	C174.950180,602.569824 199.176437,602.569824 224.117264,602.569824 
	C224.117264,591.132874 224.117264,580.018311 225.021133,568.763123 
	C240.850128,568.763123 256.679108,568.763123 273.051758,568.763123 
	C273.051758,558.614685 273.051758,549.350464 273.984314,540.026489 
	C284.134918,540.002380 294.287079,539.869934 304.435242,540.016052 
	C307.751160,540.063843 309.108582,539.286072 309.103546,535.620178 
	C309.005402,463.896088 309.004913,392.171753 309.096710,320.447632 
	C309.101318,316.842468 307.844208,315.960052 304.473541,315.998383 
	C293.993866,316.117554 283.510895,315.942841 272.862579,314.972351 
	C272.862579,288.454865 272.862579,261.937347 272.862579,235.105316 
	C270.276550,234.975632 268.168671,234.869919 265.366821,234.307007 
	C251.782211,234.307007 238.197586,234.307007 223.857468,234.307007 
	C223.857468,211.421463 223.857468,189.421600 223.857468,167.086365 
	C199.810623,167.086365 176.526993,167.125702 153.243805,167.041580 
	C149.960709,167.029724 149.955750,168.916977 149.962753,171.246155 
	C150.025696,192.216080 150.054657,213.186111 149.983719,235.062805 
	C149.866394,246.872375 149.749069,258.681946 148.744919,270.525360 
M721.514099,338.011261 
	C694.545715,348.378754 682.883667,375.201447 690.911194,401.514221 
	C698.555542,426.571075 725.743774,441.261139 751.840942,434.935547 
	C781.513550,427.743317 791.114685,398.333862 787.453796,380.794189 
	C766.567261,380.794189 745.680725,380.794189 724.719421,380.794189 
	C724.719421,386.629486 724.719421,392.059021 724.719421,398.177368 
	C738.985840,398.177368 752.974365,398.177368 767.168701,398.177368 
	C761.627563,414.533234 743.489624,421.914368 727.470642,414.930298 
	C710.476257,407.520966 703.505066,387.116272 712.274109,370.262878 
	C716.432861,362.270142 723.050415,357.175476 731.706238,354.976807 
	C743.649109,351.943207 754.385437,354.724426 764.064148,362.990448 
	C768.481628,358.175995 772.673950,353.606903 777.090454,348.793549 
	C760.350769,334.593109 742.180664,331.759583 721.514099,338.011261 
M489.350250,370.150024 
	C476.726715,357.539185 464.103149,344.928375 450.809662,331.648285 
	C450.809662,366.481079 450.809662,400.075531 450.809662,433.931763 
	C457.285706,433.931763 463.535675,433.931763 470.438110,433.931763 
	C470.438110,415.510010 470.438110,397.332306 470.438110,379.154633 
	C470.882904,378.928955 471.327698,378.703278 471.772491,378.477631 
	C491.697357,398.523590 511.622223,418.569550 531.794800,438.864746 
	C531.794800,404.489868 531.794800,370.774841 531.794800,337.235046 
	C525.278015,337.235046 519.208374,337.235046 512.749023,337.235046 
	C512.749023,355.858093 512.749023,374.091888 512.749023,393.756134 
	C504.507538,385.440063 497.178833,378.045044 489.350250,370.150024 
M675.678894,349.905640 
	C671.226440,343.436432 665.194519,338.405975 657.483337,337.883392 
	C644.962952,337.034912 632.343018,337.654694 619.544922,337.654694 
	C619.544922,369.478668 619.544922,401.551086 619.544922,433.848419 
	C626.148560,433.848419 632.503479,433.848419 639.544312,433.848419 
	C639.544312,420.851288 639.544312,408.209259 639.544312,395.567200 
	C641.860657,396.452850 643.114136,397.657867 644.065308,399.066925 
	C651.143066,409.551910 658.123230,420.103058 665.242249,430.559753 
	C666.202332,431.970032 667.719788,433.932098 669.059143,433.997314 
	C676.118164,434.341187 683.202820,434.158447 691.245056,434.158447 
	C681.302673,420.108734 671.946716,406.887787 662.590027,393.665710 
	C680.572021,381.514069 684.933899,367.159424 675.678894,349.905640 
M1113.031128,337.702972 
	C1112.959961,357.192444 1112.920898,376.682129 1112.781616,396.171112 
	C1112.761475,398.979492 1112.520142,401.841003 1111.928345,404.580139 
	C1110.330200,411.979004 1104.942505,416.166565 1097.242554,416.313080 
	C1089.220825,416.465729 1083.658936,412.418335 1081.922729,404.789093 
	C1081.264771,401.897888 1081.055420,398.852234 1081.042236,395.875183 
	C1080.963379,378.046021 1081.001343,360.216278 1081.000244,342.386749 
	C1081.000122,340.635651 1081.000244,338.884583 1081.000244,337.264771 
	C1073.941528,337.264771 1067.711426,337.264771 1061.346436,337.264771 
	C1061.346436,360.150330 1060.937256,382.627380 1061.528442,405.078094 
	C1061.802124,415.468475 1066.610962,424.567902 1075.708374,430.256744 
	C1088.580811,438.306091 1102.291382,438.739014 1115.630249,431.701874 
	C1128.170654,425.086029 1132.428467,413.444916 1132.432129,399.879578 
	C1132.437378,380.717010 1132.438354,361.554413 1132.420776,342.391846 
	C1132.419189,340.638092 1132.270508,338.884430 1132.184204,337.004669 
	C1125.661987,337.004669 1119.684937,337.004669 1113.031128,337.702972 
M437.514130,378.101593 
	C436.448181,377.237183 435.436157,375.720734 434.306458,375.627350 
	C430.500702,375.312683 426.653107,375.502625 422.821533,375.502106 
	C415.234222,375.501068 407.646912,375.501801 400.090271,375.501801 
	C400.090271,368.371216 400.090271,361.986084 400.090271,355.056824 
	C411.731018,355.056824 422.966156,355.056824 434.005859,355.056824 
	C434.005859,348.742218 434.005859,342.992645 434.005859,337.157776 
	C415.870514,337.157776 398.123230,337.157776 380.068237,337.157776 
	C380.068237,369.520416 380.068237,401.582458 380.068237,433.910400 
	C399.356781,433.910400 418.563477,433.910400 437.712677,433.910400 
	C437.712677,427.756927 437.712677,421.892944 437.712677,415.595703 
	C424.852081,415.595703 412.430664,415.595703 400.090759,415.595703 
	C400.090759,407.746826 400.090759,400.355743 400.090759,392.645996 
	C412.612244,392.645996 424.729584,392.645996 437.520691,392.645996 
	C437.520691,387.879669 437.520691,383.435059 437.514130,378.101593 
M966.030151,421.425781 
	C964.095032,425.518127 962.159973,429.610474 959.986511,434.206909 
	C964.924683,434.206909 969.137573,433.763123 973.216553,434.312714 
	C979.083191,435.103058 982.560608,433.227173 984.231506,427.412842 
	C985.139465,424.253174 987.062927,421.399719 988.256897,418.303436 
	C989.290039,415.624298 990.801697,414.522003 993.825806,414.582336 
	C1003.814148,414.781647 1013.810364,414.745056 1023.800537,414.595520 
	C1026.512085,414.554932 1028.041504,415.305511 1029.052734,417.937897 
	C1030.779419,422.432892 1032.768311,426.841675 1034.922241,431.149078 
	C1035.549561,432.403564 1037.078735,434.008240 1038.251831,434.056335 
	C1045.009033,434.333313 1051.783569,434.191315 1059.336182,434.191315 
	C1042.635010,399.706055 1026.295288,365.967316 1009.592590,331.478851 
	C994.907166,361.779724 980.619385,391.260162 966.030151,421.425781 
M548.475647,355.500854 
	C548.475647,381.613647 548.475647,407.726440 548.475647,433.755676 
	C568.302185,433.755676 587.513916,433.755676 606.517090,433.755676 
	C606.517090,427.582977 606.517090,421.856293 606.517090,415.576050 
	C593.527588,415.576050 580.960876,415.576050 568.441162,415.576050 
	C568.441162,407.725281 568.441162,400.454529 568.441162,392.560516 
	C581.099243,392.560516 593.491516,392.560516 605.996948,392.560516 
	C605.996948,386.644440 605.996948,381.359741 605.996948,375.440979 
	C593.383545,375.440979 580.981567,375.440979 568.387573,375.440979 
	C568.387573,368.539032 568.387573,362.273102 568.387573,355.396149 
	C579.799561,355.396149 591.044189,355.396149 602.475220,355.396149 
	C602.475220,348.907043 602.475220,343.034271 602.475220,337.215515 
	C584.357605,337.215515 566.625366,337.215515 548.475464,337.215515 
	C548.475464,343.221222 548.475464,348.861481 548.475647,355.500854 
M927.015686,353.376068 
	C925.388855,348.836761 923.835571,344.268707 922.082214,339.778809 
	C921.655701,338.686462 920.598816,337.052155 919.784790,337.023956 
	C913.256531,336.797974 906.717041,336.897583 899.461060,336.897583 
	C912.745728,371.433990 925.655701,404.996216 939.048279,439.813232 
	C952.486389,404.854401 965.424805,371.195557 978.622742,336.861420 
	C972.301208,336.861420 966.983215,336.663116 961.699341,337.000305 
	C960.372009,337.085022 958.539856,338.632965 957.996460,339.945801 
	C956.026978,344.704163 954.540649,349.660522 952.810242,354.520172 
	C948.740784,365.948608 944.635742,377.364410 940.108215,390.005280 
	C935.513977,377.206451 931.371704,365.666656 927.015686,353.376068 
M796.004761,362.559357 
	C800.135071,369.198639 804.018188,376.010101 808.481934,382.417053 
	C811.497375,386.745270 812.582703,391.145966 812.461792,396.359344 
	C812.173401,408.797729 812.368774,421.247284 812.368774,433.912292 
	C819.256531,433.912292 825.633545,433.912292 832.338745,433.912292 
	C832.338745,420.148010 832.215698,406.684021 832.444336,393.225952 
	C832.489136,390.586761 833.383240,387.661163 834.755676,385.394348 
	C843.455505,371.024323 852.405029,356.805573 861.256470,342.527130 
	C862.266113,340.898438 863.178345,339.209351 864.581726,336.774445 
	C858.237000,336.774445 852.781128,336.958832 847.346008,336.703278 
	C844.231262,336.556793 842.560059,337.778595 841.018982,340.357635 
	C835.396240,349.767242 829.543030,359.039093 823.480408,368.841858 
	C817.394897,359.101471 811.616455,349.792023 805.753784,340.535858 
	C804.904358,339.194672 803.695190,337.115479 802.578247,337.066376 
	C795.395020,336.750488 788.191162,336.904968 780.056396,336.904968 
	C785.641785,345.884827 790.634644,353.912048 796.004761,362.559357 
M1239.867432,379.500000 
	C1239.867432,371.733032 1239.867432,363.966095 1239.867432,355.871277 
	C1248.255371,355.871277 1256.040771,355.871277 1264.109619,355.871277 
	C1264.109619,349.451141 1264.109619,343.372833 1264.109619,337.158691 
	C1241.057007,337.158691 1218.317627,337.158691 1195.461914,337.158691 
	C1195.461914,343.511444 1195.461914,349.550385 1195.461914,356.105408 
	C1203.735962,356.105408 1211.637451,356.105408 1219.963867,356.105408 
	C1219.963867,382.368652 1219.963867,408.110321 1219.963867,433.813080 
	C1226.796997,433.813080 1233.172974,433.813080 1239.867676,433.813080 
	C1239.867676,415.778351 1239.867676,398.139160 1239.867432,379.500000 
M1151.884399,336.795868 
	C1150.645630,336.928955 1149.406982,337.062012 1148.180176,337.193787 
	C1148.180176,369.690826 1148.180176,401.793854 1148.180176,433.936340 
	C1167.650146,433.936340 1186.897339,433.936340 1206.083008,433.936340 
	C1206.083008,427.699890 1206.083008,421.783600 1206.083008,415.234131 
	C1193.208008,415.234131 1180.659790,415.234131 1167.655029,415.234131 
	C1167.655029,388.840302 1167.655029,363.086426 1167.655029,336.795563 
	C1162.388428,336.795563 1157.595459,336.795563 1151.884399,336.795868 
M1111.886719,475.598511 
	C1108.266479,467.138763 1108.266479,467.138763 1104.578857,467.280792 
	C1106.999146,473.099182 1109.404785,478.724243 1111.654297,484.411041 
	C1112.162964,485.696930 1112.702393,487.424713 1112.251343,488.561768 
	C1109.578369,495.300293 1106.617798,501.924713 1103.304688,509.632629 
	C1102.162598,507.259674 1101.422485,505.870239 1100.810303,504.426544 
	C1095.939819,492.941895 1091.160889,481.417511 1086.162964,469.988800 
	C1085.463257,468.388855 1083.724976,467.243103 1082.467529,465.887085 
	C1081.953979,466.289337 1081.440430,466.691559 1080.926880,467.093811 
	C1082.951538,471.946747 1084.948853,476.811371 1087.006714,481.650146 
	C1091.303345,491.752991 1095.572510,501.868622 1100.022583,511.903748 
	C1100.581177,513.163330 1102.042603,514.486816 1103.316895,514.781799 
	C1104.025757,514.945862 1105.417969,513.174988 1106.131226,512.042480 
	C1107.007568,510.651001 1107.490967,509.013275 1108.154053,507.486145 
	C1110.415161,502.278229 1112.680786,497.072113 1115.354248,490.923553 
	C1118.634155,498.554047 1121.293945,505.007294 1124.216675,511.339233 
	C1124.878784,512.773865 1126.453735,513.787292 1127.608521,514.994507 
	C1128.730713,513.737122 1130.268677,512.661621 1130.910522,511.194061 
	C1136.842163,497.634796 1142.626831,484.011139 1148.425659,470.394135 
	C1148.909424,469.258270 1149.185181,468.033905 1149.557617,466.850647 
	C1149.094482,466.490936 1148.631348,466.131226 1148.168213,465.771545 
	C1146.864258,467.149200 1145.042236,468.303925 1144.338501,469.939819 
	C1138.762085,482.900848 1133.398560,495.953461 1127.497070,510.111816 
	C1124.375977,502.847961 1121.514160,496.698975 1119.145752,490.365448 
	C1118.430176,488.452148 1118.527466,485.832214 1119.214600,483.873535 
	C1121.181152,478.266754 1123.641357,472.833130 1126.058228,466.965271 
	C1124.821411,466.866058 1123.495605,466.506073 1123.343628,466.785156 
	C1120.643188,471.745758 1118.085327,476.783966 1115.074097,482.625549 
	C1113.881714,480.101746 1112.996948,478.228973 1111.886719,475.598511 
M636.265076,479.369263 
	C635.109253,481.083221 633.953491,482.797180 632.804382,484.501160 
	C623.125977,477.489349 616.459961,476.840302 610.076233,482.535004 
	C603.315125,488.566406 601.460327,499.426086 606.561157,507.123840 
	C608.560547,510.141235 611.744629,512.874146 615.010315,514.446167 
	C621.503235,517.571716 627.427979,514.542175 632.951111,510.366943 
	C633.957397,519.545471 632.353271,523.638184 626.770569,525.772278 
	C620.547791,528.151123 614.723938,527.302979 609.495056,522.876831 
	C608.473694,522.012207 606.900574,521.799316 605.581970,521.285767 
	C606.166504,522.670166 606.425293,524.359924 607.389526,525.388306 
	C612.797607,531.156067 624.631165,532.318115 631.310242,527.082214 
	C634.031738,524.948730 636.770020,520.987183 636.914307,517.742371 
	C637.474976,505.133667 636.996887,492.478851 636.265076,479.369263 
M721.076416,514.452026 
	C724.471863,516.179993 724.685303,514.018677 724.677368,511.528656 
	C724.662109,506.774719 724.672974,502.020691 724.672974,496.931091 
	C728.505066,496.931091 731.665771,497.174103 734.772278,496.867188 
	C738.350220,496.513672 740.642395,497.636566 742.396484,500.882141 
	C744.605896,504.970276 747.162415,508.904510 749.926086,512.641235 
	C750.897034,513.954163 752.922424,514.487305 754.466370,515.376526 
	C754.749329,514.977051 755.032288,514.577515 755.315247,514.178040 
	C751.744080,508.435852 748.172974,502.693695 744.425720,496.668427 
	C745.887085,495.938263 747.089905,495.448730 748.178284,494.774475 
	C753.333313,491.581116 756.158325,484.833801 754.956299,478.728424 
	C753.726746,472.483643 748.546326,466.875275 742.658142,466.518250 
	C735.565552,466.088226 728.427063,466.416473 720.862488,466.416473 
	C720.862488,482.390045 720.862488,498.004150 721.076416,514.452026 
M887.666443,504.014954 
	C888.853760,506.761902 889.894348,509.587097 891.297058,512.219238 
	C891.901245,513.352966 893.310181,514.859680 894.254700,514.793213 
	C895.275391,514.721436 896.528076,513.170593 897.075317,511.985718 
	C899.224976,507.331482 901.136658,502.567230 903.561951,496.839386 
	C906.002625,502.668091 907.969116,507.582825 910.150146,512.400391 
	C910.623291,513.445496 911.747375,514.519897 912.801392,514.852417 
	C913.400452,515.041382 914.885010,513.940430 915.256836,513.103333 
	C920.155029,502.075684 924.925964,490.991608 929.728760,479.921631 
	C929.276917,479.535431 928.825073,479.149261 928.373230,478.763062 
	C927.200684,479.853790 925.563171,480.728088 924.937012,482.073151 
	C922.411682,487.498322 920.217529,493.076996 917.862915,498.582642 
	C916.395142,502.014618 914.858948,505.417358 913.282349,508.994568 
	C905.171082,499.281128 905.088379,489.550995 911.507629,479.252411 
	C905.281372,480.668304 906.764832,486.927216 903.350525,489.667145 
	C898.444214,479.852722 898.444214,479.852722 894.902893,479.898621 
	C902.952454,490.019135 900.915161,499.645264 894.066650,509.389771 
	C893.276917,507.735229 892.533081,506.299957 891.894897,504.819183 
	C888.669678,497.336395 885.563477,489.800018 882.184448,482.387756 
	C881.537842,480.969208 879.854614,480.023132 877.782776,478.021729 
	C877.782776,480.191345 877.680664,480.560913 877.797607,480.837952 
	C880.965942,488.340942 884.156738,495.834473 887.666443,504.014954 
M527.687622,490.906708 
	C521.965027,477.305511 512.674683,475.273438 498.655121,485.181091 
	C498.655121,479.989716 498.823792,475.242615 498.569946,470.518219 
	C498.471924,468.693329 497.415314,466.919952 496.795471,465.123108 
	C496.085297,466.995026 494.785187,468.858978 494.759766,470.740143 
	C494.582001,483.893646 494.667114,497.050720 494.670776,510.206635 
	C494.671051,511.205444 494.452209,512.292969 494.778442,513.175476 
	C495.047760,513.903992 495.893860,514.604126 496.645416,514.882996 
	C496.967834,515.002686 497.912903,514.122437 498.191071,513.519348 
	C498.576874,512.682800 498.600861,511.679443 498.855225,510.354370 
	C500.119995,511.221466 501.054474,511.849121 501.975616,512.495789 
	C509.143585,517.527832 517.692078,516.707886 523.649536,510.313263 
	C528.647644,504.948395 529.439758,498.560669 527.687622,490.906708 
M1000.946838,484.592407 
	C993.196106,476.600494 987.570190,476.589722 975.483948,485.051270 
	C975.483948,479.017059 975.575684,473.463013 975.395569,467.917786 
	C975.364868,466.972351 974.170593,466.064728 973.513855,465.139648 
	C972.857849,466.058136 971.638000,466.971863 971.630127,467.895844 
	C971.504333,482.694763 971.506958,497.495148 971.592346,512.294556 
	C971.597412,513.173828 972.548950,514.047668 973.060059,514.924011 
	C973.708801,514.037537 974.458130,513.204590 974.968933,512.244812 
	C975.283142,511.654541 975.232971,510.870392 975.385803,509.930756 
	C985.184509,517.586853 994.578186,517.412048 1000.923279,509.790680 
	C1006.489441,503.105072 1006.664734,493.788055 1000.946838,484.592407 
M1247.834229,478.866577 
	C1239.768311,478.435272 1233.939453,482.026062 1230.919556,489.286987 
	C1227.661621,497.120056 1229.494385,506.699005 1235.781982,511.614441 
	C1238.287109,513.572876 1241.767944,515.592163 1244.680908,515.425049 
	C1249.539062,515.146362 1254.297607,513.130554 1259.168457,511.827209 
	C1260.083252,512.682007 1261.657593,514.152893 1263.481445,515.857056 
	C1263.481445,498.271881 1263.481445,481.802795 1263.481445,464.588409 
	C1256.859253,466.354309 1259.855713,470.818573 1259.418701,473.685303 
	C1258.872559,477.269196 1259.287476,480.999542 1259.287476,484.372620 
	C1255.286621,482.348083 1251.944702,480.656921 1247.834229,478.866577 
M390.566101,492.017578 
	C394.897186,492.017365 399.235077,492.153015 403.555237,491.935760 
	C404.885712,491.868835 406.167694,490.838165 407.471893,490.248779 
	C406.161041,489.654755 404.862579,488.581696 403.537231,488.547333 
	C396.792572,488.372589 390.040955,488.466766 383.320251,488.466766 
	C383.320251,481.857178 383.320251,475.974060 383.320251,469.932251 
	C391.867554,469.932251 400.023804,469.978668 408.177917,469.867188 
	C409.087738,469.854767 409.985321,468.945007 410.888580,468.451385 
	C410.175964,467.745331 409.471771,466.434631 408.749451,466.424591 
	C398.976196,466.288574 389.200439,466.333221 378.974762,466.333221 
	C378.974762,474.944824 378.974762,482.909302 378.974762,490.873779 
	C378.974762,498.800385 378.974762,506.726990 378.974762,515.036438 
	C389.014313,515.036438 398.315552,515.104309 407.613556,514.960815 
	C408.956299,514.940063 410.283386,513.903748 411.617706,513.337402 
	C410.314026,512.730164 409.020386,511.623688 407.705048,511.597260 
	C399.604034,511.434631 391.498138,511.515686 383.289398,511.515686 
	C383.289398,504.710205 383.289398,498.495453 383.289398,492.017700 
	C385.629639,492.017700 387.608185,492.017700 390.566101,492.017578 
M868.312744,498.954315 
	C875.923645,498.911713 876.890869,497.439728 874.066162,490.198181 
	C870.993225,482.320282 863.110962,477.634735 855.036560,478.886322 
	C846.851135,480.155151 840.678772,487.224915 840.179626,495.903351 
	C839.661987,504.901489 845.077271,512.981445 853.020386,515.062805 
	C861.298767,517.232056 868.871826,514.125122 871.913147,506.516144 
	C870.319580,506.760040 868.836609,507.331757 867.799561,508.355347 
	C863.906128,512.198364 857.949463,513.571960 853.052368,511.544464 
	C847.994934,509.450653 844.789124,504.613251 844.927795,498.957825 
	C852.396301,498.957825 859.876282,498.957825 868.312744,498.954315 
M1041.373047,515.278809 
	C1050.390259,516.599731 1056.750366,513.709045 1059.037598,506.440735 
	C1057.413818,506.810242 1055.992920,507.546844 1054.873779,508.603088 
	C1050.808105,512.440063 1044.981934,513.639893 1040.077026,511.354645 
	C1034.994019,508.986420 1032.446655,504.900482 1031.744507,498.818298 
	C1042.218384,498.818298 1052.140259,498.818298 1061.979858,498.818298 
	C1063.519409,487.114166 1054.328857,477.547546 1043.272705,478.794312 
	C1034.935669,479.734467 1028.702515,486.222443 1027.620239,495.086700 
	C1026.526855,504.041931 1031.531494,511.779144 1041.373047,515.278809 
M791.987549,484.516541 
	C785.248291,478.274689 777.885254,476.932861 771.087952,480.707916 
	C763.925842,484.685516 760.394836,492.627197 761.992493,501.164734 
	C763.424683,508.818024 769.590271,514.670593 777.223816,515.622864 
	C784.323242,516.508484 790.854797,513.182800 793.255981,506.608948 
	C791.654785,506.869293 790.197449,507.487152 789.113770,508.503387 
	C784.926575,512.429993 780.093933,513.414490 774.785583,511.636414 
	C769.833679,509.977783 766.472229,504.898071 766.265869,498.912109 
	C776.184326,498.912109 786.097656,498.912109 796.181213,498.912109 
	C797.135193,493.355591 795.571533,489.009033 791.987549,484.516541 
M952.939270,479.438080 
	C946.913757,477.583710 941.427673,479.101318 936.309753,482.306335 
	C935.649353,482.719879 935.590149,484.093536 935.252502,485.022430 
	C936.119934,485.038269 937.080139,485.303772 937.837280,485.022614 
	C940.006287,484.217072 942.011536,482.869415 944.226440,482.306519 
	C952.878113,480.107788 959.093445,486.383942 956.880798,494.660126 
	C951.736755,494.660126 946.541504,494.003052 941.589172,494.819427 
	C934.737854,495.948792 931.283325,500.675415 932.076843,506.076447 
	C932.978455,512.213318 938.347473,516.533508 945.130371,515.615112 
	C949.430237,515.032959 953.547241,513.100647 957.597839,511.820801 
	C958.764893,512.799744 960.371460,514.147339 961.641663,515.212769 
	C961.641663,507.171204 961.796143,499.800385 961.591736,492.439545 
	C961.434448,486.774597 959.361023,482.044464 952.939270,479.438080 
M674.555664,515.729736 
	C678.946045,514.522949 683.336426,513.316162 687.924927,512.054932 
	C688.863953,512.823608 690.521423,514.180298 691.939087,515.340759 
	C691.939087,507.729858 692.127319,500.846863 691.898804,493.977692 
	C691.465088,480.943146 681.849915,475.064728 669.885437,480.541656 
	C668.112427,481.353271 666.874512,483.333740 665.389099,484.773468 
	C667.256775,484.349243 669.138123,483.975922 670.987122,483.481812 
	C672.106018,483.182739 673.148621,482.591614 674.270386,482.310974 
	C682.954346,480.138733 688.870544,485.786560 687.228027,495.124939 
	C685.652527,494.875854 684.019531,494.282043 682.458374,494.432648 
	C677.428528,494.917999 672.024475,494.704926 667.507446,496.564941 
	C661.097046,499.204651 660.299805,507.883423 665.664368,512.356934 
	C667.801270,514.138916 671.005310,514.641296 674.555664,515.729736 
M486.212006,514.115784 
	C485.752289,507.235443 485.079773,500.360687 484.897552,493.473022 
	C484.740601,487.541718 483.270172,482.515686 477.429962,479.978516 
	C471.026245,477.196564 465.044800,478.850616 459.463409,482.442383 
	C458.864227,482.828003 458.763092,483.987549 458.430908,484.788055 
	C459.415894,484.847839 460.504639,485.206421 461.365082,484.907623 
	C463.393219,484.203308 465.235352,482.900574 467.289307,482.344116 
	C476.118988,479.952057 482.514130,486.277954 480.444214,494.495026 
	C475.352783,494.495026 470.313690,493.871094 465.496704,494.639526 
	C458.040924,495.828888 454.630493,500.451233 455.562561,506.530060 
	C456.507294,512.691711 462.310242,516.778442 469.421661,515.553650 
	C473.365845,514.874451 477.104309,513.000610 479.963409,512.004028 
	C482.209747,513.052185 484.045135,513.908508 486.212006,514.115784 
M1151.916504,507.493195 
	C1152.509399,508.291199 1153.032349,509.154572 1153.706421,509.876953 
	C1159.513306,516.099792 1167.908569,517.522156 1175.017090,513.522278 
	C1182.239258,509.458496 1185.852417,500.211823 1183.437500,491.973267 
	C1181.013062,483.702393 1173.627808,478.158417 1165.718994,478.672455 
	C1157.590576,479.200775 1150.569580,485.277435 1149.713135,493.809601 
	C1149.288330,498.039917 1150.911987,502.475830 1151.916504,507.493195 
M419.240387,482.954773 
	C419.239655,492.276886 419.151123,501.600739 419.334381,510.919220 
	C419.361389,512.291504 420.677002,513.638428 421.396423,514.997070 
	C422.018219,513.703552 423.120178,512.430420 423.176361,511.112793 
	C423.388916,506.127838 423.223480,501.128082 423.271973,496.134552 
	C423.338104,489.322418 428.583374,483.344360 435.367065,482.436615 
	C439.515533,481.881470 442.678833,483.419342 443.778503,487.638214 
	C444.440704,490.178833 444.665161,492.883911 444.719299,495.522614 
	C444.848846,501.833374 444.761169,508.148590 444.761169,514.461975 
	C445.221100,514.767029 445.681061,515.072083 446.140991,515.377136 
	C446.996033,514.272156 448.565002,513.182861 448.589508,512.059692 
	C448.742065,505.077271 448.878693,498.064392 448.396332,491.104858 
	C447.560028,479.038513 438.773499,474.880035 428.508698,481.451416 
	C426.784607,482.555206 425.200836,483.878204 424.003876,484.765228 
	C422.939423,482.691315 422.060760,480.979401 421.182098,479.267456 
	C420.533447,480.203033 419.884796,481.138611 419.240387,482.954773 
M821.566589,478.670868 
	C816.935181,480.398529 812.303711,482.126160 807.533386,483.905640 
	C807.483459,483.625183 807.528015,482.901184 807.225159,482.378601 
	C806.595764,481.292725 805.782166,480.313660 805.044250,479.290680 
	C804.579773,480.371582 803.805603,481.426971 803.714050,482.538635 
	C803.509583,485.019440 803.643738,487.528320 803.643433,490.025787 
	C803.642517,498.269684 803.643066,506.513580 803.643066,514.757507 
	C804.292786,514.961609 804.942444,515.165710 805.592163,515.369873 
	C806.182678,514.204468 807.241699,513.055481 807.283081,511.870972 
	C807.468994,506.549469 807.311890,501.217224 807.380249,495.890167 
	C807.468689,488.998138 813.925903,482.411133 820.762512,482.262878 
	C824.281616,482.186554 827.009644,483.705200 827.950500,487.223419 
	C828.630371,489.765778 828.979370,492.453003 829.057800,495.088043 
	C829.221130,500.577637 829.050781,506.076233 829.128967,511.569580 
	C829.174011,514.728577 829.272095,514.727173 832.240784,514.302795 
	C832.240784,505.452698 832.730408,496.631165 832.078796,487.894775 
	C831.597412,481.440796 828.995422,479.679962 821.566589,478.670868 
M596.477173,493.859863 
	C596.330261,492.369568 596.230164,490.872955 596.028870,489.390045 
	C594.770752,480.122528 588.840210,476.408936 580.017456,479.751892 
	C576.886963,480.938080 574.139832,483.136078 571.006714,484.997528 
	C570.910645,483.742401 571.063049,482.523132 570.665710,481.522125 
	C570.325500,480.664948 569.355286,480.057831 568.663696,479.340088 
	C568.110107,480.158234 567.082703,480.971741 567.074646,481.795227 
	C566.967285,492.739655 567.002930,503.685455 567.002930,514.630920 
	C567.555176,514.878723 568.107361,515.126526 568.659607,515.374329 
	C569.416931,514.188965 570.772888,513.030701 570.828003,511.813538 
	C571.068604,506.498840 570.892273,501.166687 570.941406,495.841553 
	C571.005676,488.876984 577.406433,482.378143 584.253723,482.250854 
	C589.706604,482.149475 592.468079,486.158295 592.689392,494.609711 
	C592.763428,497.436981 592.700134,500.267853 592.699951,503.097076 
	C592.699768,506.900330 592.699951,510.703552 592.699951,514.506775 
	C593.219604,514.766846 593.739258,515.026855 594.258911,515.286926 
	C595.000549,514.112427 596.334167,512.961853 596.382751,511.759277 
	C596.610840,506.110016 596.486023,500.446503 596.477173,493.859863 
M1311.893921,343.639069 
	C1304.511353,336.314301 1294.684326,334.686371 1286.502930,339.432892 
	C1278.993652,343.789520 1275.492432,352.753479 1278.162720,361.433014 
	C1280.424194,368.783783 1285.517090,373.188202 1293.145020,374.233734 
	C1301.493408,375.378082 1308.874878,373.350708 1313.386719,365.699005 
	C1317.632568,358.498199 1317.314819,351.141876 1311.893921,343.639069 
M1017.076843,479.506073 
	C1017.077637,476.180328 1017.265930,472.839203 1016.994934,469.535767 
	C1016.871399,468.030670 1015.840454,466.600006 1015.221130,465.135590 
	C1014.529114,466.533112 1013.253418,467.923492 1013.236267,469.329224 
	C1013.082153,481.965149 1013.108826,494.603943 1013.167603,507.241486 
	C1013.198486,513.879517 1016.217651,516.404419 1022.591248,515.112610 
	C1023.653442,514.897339 1024.541016,513.820679 1025.509399,513.142090 
	C1024.489502,512.642944 1023.434326,511.657196 1022.455994,511.728363 
	C1018.095337,512.045471 1016.995178,509.773315 1017.044739,505.945923 
	C1017.154480,497.466705 1017.077698,488.985107 1017.076843,479.506073 
M1218.948486,486.500061 
	C1218.951660,480.500061 1218.901611,474.499390 1218.981689,468.500397 
	C1219.018433,465.756683 1218.387817,464.243866 1215.030029,465.898438 
	C1215.030029,480.256805 1214.958252,494.735382 1215.130737,509.211029 
	C1215.149902,510.822021 1216.192627,513.349060 1217.400024,513.823303 
	C1219.870483,514.793640 1222.773560,514.815125 1225.503662,514.853699 
	C1226.107056,514.862244 1226.732422,513.318909 1227.687988,512.031860 
	C1218.965698,511.641510 1218.952515,511.627716 1218.950195,503.499878 
	C1218.948608,498.166565 1218.948853,492.833221 1218.948486,486.500061 
M536.803345,506.306519 
	C536.871887,514.124695 540.024597,516.933655 546.624329,514.946838 
	C547.424255,514.706055 548.042786,513.862366 548.745422,513.298157 
	C547.902832,512.792480 546.999451,511.773132 546.227600,511.864563 
	C541.236938,512.455750 540.319153,509.697235 540.355835,505.548340 
	C540.461609,493.586853 540.451721,481.623169 540.315491,469.662262 
	C540.298584,468.170441 539.247620,466.690430 538.675781,465.204956 
	C538.050354,466.624603 536.899475,468.037903 536.882263,469.464935 
	C536.737793,481.425598 536.801392,493.388763 536.803345,506.306519 
M1201.507202,480.857727 
	C1199.728760,482.250031 1197.950317,483.642334 1196.394409,484.860382 
	C1195.413330,482.741058 1194.541138,480.856903 1193.669067,478.972778 
	C1193.173950,479.186005 1192.678955,479.399231 1192.183838,479.612457 
	C1192.183838,491.328552 1192.183838,503.044617 1192.183838,514.760681 
	C1192.702271,514.950012 1193.220703,515.139282 1193.739136,515.328613 
	C1194.308838,514.108704 1195.318359,512.906982 1195.369629,511.665710 
	C1195.561646,507.011749 1195.429199,502.344788 1195.439697,497.682770 
	C1195.458496,489.332642 1198.342651,485.496796 1206.133179,483.011017 
	C1207.301514,482.638245 1208.192383,481.396240 1209.211548,480.556335 
	C1208.875122,480.018372 1208.538696,479.480408 1208.202148,478.942474 
	C1206.189209,479.452606 1204.176147,479.962708 1201.507202,480.857727 
M557.017456,481.064758 
	C556.240112,480.482178 555.462708,479.899597 554.685364,479.317047 
	C554.166138,480.204956 553.204712,481.088226 553.195312,481.981476 
	C553.089661,492.083008 553.058533,502.187317 553.236572,512.286865 
	C553.255310,513.350464 554.736328,514.388306 555.538940,515.438049 
	C556.039734,515.175354 556.540527,514.912720 557.041321,514.650024 
	C557.041321,503.752899 557.041321,492.855804 557.017456,481.064758 
M553.087952,469.327820 
	C553.950134,470.312531 554.812256,471.297211 555.674438,472.281921 
	C556.327881,471.882080 556.981384,471.482239 557.634888,471.082397 
	C556.893433,469.083984 556.152039,467.085541 555.410583,465.087128 
	C554.635315,466.218689 553.860046,467.350250 553.087952,469.327820 
z"/>
<path fill="#C7C6C5" opacity="1.000000" stroke="none" 
	d="
M150.093597,234.156128 
	C150.054657,213.186111 150.025696,192.216080 149.962753,171.246155 
	C149.955750,168.916977 149.960709,167.029724 153.243805,167.041580 
	C176.526993,167.125702 199.810623,167.086365 223.857468,167.086365 
	C223.857468,189.421600 223.857468,211.421463 223.857468,234.307007 
	C238.197586,234.307007 251.782211,234.307007 265.253906,234.647659 
	C247.636017,234.988312 230.130997,234.988312 212.366470,234.988312 
	C212.366470,252.156815 212.366470,268.708405 211.933929,285.411499 
	C208.560394,285.719055 205.619431,285.875092 202.222382,286.055298 
	C202.222382,288.310608 202.222260,290.115143 202.222427,291.919708 
	C202.230423,382.005005 202.238403,472.090302 202.246887,562.175598 
	C202.247009,563.341187 201.896118,564.675232 202.346405,565.630066 
	C202.917801,566.841736 204.128433,568.625183 205.086548,568.639771 
	C211.383774,568.735474 217.687225,568.421021 224.041870,568.402100 
	C224.095093,568.563843 224.117264,568.903687 224.117264,568.903687 
	C224.117264,580.018311 224.117264,591.132874 224.117264,602.569824 
	C199.176437,602.569824 174.950180,602.569824 149.949814,602.569824 
	C149.949814,581.948853 149.949814,561.525452 150.411911,540.567139 
	C157.455719,540.032166 164.037415,540.032166 170.970001,540.032166 
	C170.970001,531.940918 170.970001,524.378906 171.115753,516.440308 
	C171.469894,513.936035 171.859589,511.808411 171.860474,509.680634 
	C171.892563,433.248993 171.888168,356.817352 171.889313,280.385712 
	C171.889526,266.398224 171.776779,252.409195 171.968811,238.424332 
	C172.020813,234.637329 170.568115,233.282913 167.034119,233.449982 
	C161.388779,233.716873 155.740570,233.923828 150.093597,234.156128 
z"/>
<path fill="#39396D" opacity="1.000000" stroke="none" 
	d="
M212.366470,285.259979 
	C212.366470,268.708405 212.366470,252.156815 212.366470,234.988312 
	C230.130997,234.988312 247.636017,234.988312 265.600891,234.876251 
	C268.168671,234.869919 270.276550,234.975632 272.862579,235.105316 
	C272.862579,261.937347 272.862579,288.454865 272.818359,315.337494 
	C272.774139,315.702637 272.493256,315.838287 272.071747,315.936493 
	C266.154785,316.075043 260.657715,316.212006 255.164566,316.117401 
	C252.158875,316.065613 250.936829,317.263336 251.038223,320.259033 
	C251.167740,324.085510 251.061752,327.919830 251.061661,331.750793 
	C251.060059,398.709106 251.058472,465.667419 251.059036,532.625732 
	C251.059097,539.855652 251.065521,539.827820 258.526031,539.872009 
	C263.182922,539.899597 267.839233,540.026428 272.637878,540.180420 
	C272.779999,540.252014 273.051758,540.086304 273.051758,540.086304 
	C273.051758,549.350464 273.051758,558.614685 273.051758,568.763123 
	C256.679108,568.763123 240.850128,568.763123 224.569199,568.833374 
	C224.117264,568.903687 224.095093,568.563843 224.012817,567.990234 
	C223.948441,476.659027 223.966507,385.901398 223.984070,295.143738 
	C223.985809,286.189545 223.983795,286.203125 215.284790,285.796265 
	C214.305801,285.750488 213.338959,285.445007 212.366470,285.259979 
z"/>
<path fill="#C6C7C5" opacity="1.000000" stroke="none" 
	d="
M116.049744,540.089783 
	C116.001595,546.419128 115.826782,552.751160 115.960281,559.076660 
	C116.024315,562.111328 114.991455,563.132141 111.935654,563.114197 
	C93.608749,563.006531 75.279854,562.956848 56.954124,563.139099 
	C52.718243,563.181152 53.046192,560.783875 53.048763,558.004028 
	C53.076031,528.513367 53.066685,499.022675 53.066811,469.531982 
	C53.067043,414.549377 53.066425,359.566742 53.067474,304.584137 
	C53.067596,297.998108 53.071365,297.992523 59.424625,297.987366 
	C70.587746,297.978271 81.750862,297.976715 93.445328,298.424866 
	C94.023117,304.691162 94.069565,310.504608 94.077713,316.753510 
	C94.005867,390.296417 93.969574,463.403809 93.965042,536.511230 
	C93.964973,537.596313 94.359566,538.681396 94.568817,539.760559 
	C101.880653,539.760559 108.858505,539.760559 115.927261,539.818481 
	C116.018158,539.876465 116.049744,540.089783 116.049744,540.089783 
z"/>
<path fill="#38396B" opacity="1.000000" stroke="none" 
	d="
M94.116020,316.318054 
	C94.069565,310.504608 94.023117,304.691162 93.903076,298.411377 
	C93.829475,288.984100 93.829475,280.023224 93.829475,270.525360 
	C112.535683,270.525360 130.640305,270.525360 149.291382,271.010559 
	C149.837830,353.084778 149.837830,434.673798 149.837830,516.816833 
	C157.391281,516.816833 164.180649,516.816833 170.970001,516.816833 
	C170.970001,524.378906 170.970001,531.940918 170.970001,540.032166 
	C164.037415,540.032166 157.455719,540.032166 150.407959,540.110352 
	C138.952698,540.136169 127.963493,540.083801 116.512009,540.060608 
	C116.049744,540.089783 116.018158,539.876465 115.913116,539.368164 
	C115.800507,515.234680 115.788063,491.609558 115.786392,467.984436 
	C115.782951,419.403046 115.733398,370.821472 115.872276,322.240479 
	C115.884979,317.796967 114.886742,315.857727 110.081230,316.217163 
	C104.786598,316.613159 99.439987,316.314240 94.116020,316.318054 
z"/>
<path fill="#C4C6C7" opacity="1.000000" stroke="none" 
	d="
M272.901672,315.792389 
	C283.510895,315.942841 293.993866,316.117554 304.473541,315.998383 
	C307.844208,315.960052 309.101318,316.842468 309.096710,320.447632 
	C309.004913,392.171753 309.005402,463.896088 309.103546,535.620178 
	C309.108582,539.286072 307.751160,540.063843 304.435242,540.016052 
	C294.287079,539.869934 284.134918,540.002380 273.518036,540.056396 
	C273.051758,540.086304 272.779999,540.252014 272.820251,539.735840 
	C272.942108,537.725281 273.094727,536.230896 273.095062,534.736511 
	C273.110626,463.575897 273.117615,392.415253 273.090820,321.254639 
	C273.090149,319.449127 272.701172,317.643738 272.493286,315.838287 
	C272.493256,315.838287 272.774139,315.702637 272.901672,315.792389 
z"/>
<path fill="#FCCA09" opacity="1.000000" stroke="none" 
	d="
M171.115753,516.440308 
	C164.180649,516.816833 157.391281,516.816833 149.837830,516.816833 
	C149.837830,434.673798 149.837830,353.084778 149.734787,270.993652 
	C149.749069,258.681946 149.866394,246.872375 150.038651,234.609467 
	C155.740570,233.923828 161.388779,233.716873 167.034119,233.449982 
	C170.568115,233.282913 172.020813,234.637329 171.968811,238.424332 
	C171.776779,252.409195 171.889526,266.398224 171.889313,280.385712 
	C171.888168,356.817352 171.892563,433.248993 171.860474,509.680634 
	C171.859589,511.808411 171.469894,513.936035 171.115753,516.440308 
z"/>
<path fill="#3D3D70" opacity="1.000000" stroke="none" 
	d="
M721.882080,337.883209 
	C742.180664,331.759583 760.350769,334.593109 777.090454,348.793549 
	C772.673950,353.606903 768.481628,358.175995 764.064148,362.990448 
	C754.385437,354.724426 743.649109,351.943207 731.706238,354.976807 
	C723.050415,357.175476 716.432861,362.270142 712.274109,370.262878 
	C703.505066,387.116272 710.476257,407.520966 727.470642,414.930298 
	C743.489624,421.914368 761.627563,414.533234 767.168701,398.177368 
	C752.974365,398.177368 738.985840,398.177368 724.719421,398.177368 
	C724.719421,392.059021 724.719421,386.629486 724.719421,380.794189 
	C745.680725,380.794189 766.567261,380.794189 787.455078,380.798950 
	C791.114685,398.333862 781.513550,427.743317 751.840942,434.935547 
	C725.743774,441.261139 698.555542,426.571075 690.911194,401.514221 
	C682.883667,375.201447 694.545715,348.378754 721.882080,337.883209 
z"/>
<path fill="#3A3B6E" opacity="1.000000" stroke="none" 
	d="
M489.600220,370.400024 
	C497.178833,378.045044 504.507538,385.440063 512.749023,393.756134 
	C512.749023,374.091888 512.749023,355.858093 512.749023,337.235046 
	C519.208374,337.235046 525.278015,337.235046 531.794800,337.235046 
	C531.794800,370.774841 531.794800,404.489868 531.794800,438.864746 
	C511.622223,418.569550 491.697357,398.523590 471.772491,378.477631 
	C471.327698,378.703278 470.882904,378.928955 470.438110,379.154633 
	C470.438110,397.332306 470.438110,415.510010 470.438110,433.931763 
	C463.535675,433.931763 457.285706,433.931763 450.809662,433.931763 
	C450.809662,400.075531 450.809662,366.481079 450.809662,331.648285 
	C464.103149,344.928375 476.726715,357.539185 489.600220,370.400024 
z"/>
<path fill="#3C3C70" opacity="1.000000" stroke="none" 
	d="
M675.862366,350.222595 
	C684.933899,367.159424 680.572021,381.514069 662.590027,393.665710 
	C671.946716,406.887787 681.302673,420.108734 691.245056,434.158447 
	C683.202820,434.158447 676.118164,434.341187 669.059143,433.997314 
	C667.719788,433.932098 666.202332,431.970032 665.242249,430.559753 
	C658.123230,420.103058 651.143066,409.551910 644.065308,399.066925 
	C643.114136,397.657867 641.860657,396.452850 639.544312,395.567200 
	C639.544312,408.209259 639.544312,420.851288 639.544312,433.848419 
	C632.503479,433.848419 626.148560,433.848419 619.544922,433.848419 
	C619.544922,401.551086 619.544922,369.478668 619.544922,337.654694 
	C632.343018,337.654694 644.962952,337.034912 657.483337,337.883392 
	C665.194519,338.405975 671.226440,343.436432 675.862366,350.222595 
M639.094849,372.426056 
	C639.094849,375.032745 639.094849,377.639435 639.094849,380.474060 
	C646.853760,380.995850 654.057922,381.667633 658.777283,374.420288 
	C661.721069,369.899597 661.577087,364.121338 658.422852,359.905945 
	C653.432373,353.236603 646.446899,354.106659 639.094421,354.666443 
	C639.094421,360.526886 639.094421,365.986053 639.094849,372.426056 
z"/>
<path fill="#3A3B6F" opacity="1.000000" stroke="none" 
	d="
M1113.369507,337.353821 
	C1119.684937,337.004669 1125.661987,337.004669 1132.184204,337.004669 
	C1132.270508,338.884430 1132.419189,340.638092 1132.420776,342.391846 
	C1132.438354,361.554413 1132.437378,380.717010 1132.432129,399.879578 
	C1132.428467,413.444916 1128.170654,425.086029 1115.630249,431.701874 
	C1102.291382,438.739014 1088.580811,438.306091 1075.708374,430.256744 
	C1066.610962,424.567902 1061.802124,415.468475 1061.528442,405.078094 
	C1060.937256,382.627380 1061.346436,360.150330 1061.346436,337.264771 
	C1067.711426,337.264771 1073.941528,337.264771 1081.000244,337.264771 
	C1081.000244,338.884583 1081.000122,340.635651 1081.000244,342.386749 
	C1081.001343,360.216278 1080.963379,378.046021 1081.042236,395.875183 
	C1081.055420,398.852234 1081.264771,401.897888 1081.922729,404.789093 
	C1083.658936,412.418335 1089.220825,416.465729 1097.242554,416.313080 
	C1104.942505,416.166565 1110.330200,411.979004 1111.928345,404.580139 
	C1112.520142,401.841003 1112.761475,398.979492 1112.781616,396.171112 
	C1112.920898,376.682129 1112.959961,357.192444 1113.369507,337.353821 
z"/>
<path fill="#3B3B6F" opacity="1.000000" stroke="none" 
	d="
M437.517395,378.546021 
	C437.520691,383.435059 437.520691,387.879669 437.520691,392.645996 
	C424.729584,392.645996 412.612244,392.645996 400.090759,392.645996 
	C400.090759,400.355743 400.090759,407.746826 400.090759,415.595703 
	C412.430664,415.595703 424.852081,415.595703 437.712677,415.595703 
	C437.712677,421.892944 437.712677,427.756927 437.712677,433.910400 
	C418.563477,433.910400 399.356781,433.910400 380.068237,433.910400 
	C380.068237,401.582458 380.068237,369.520416 380.068237,337.157776 
	C398.123230,337.157776 415.870514,337.157776 434.005859,337.157776 
	C434.005859,342.992645 434.005859,348.742218 434.005859,355.056824 
	C422.966156,355.056824 411.731018,355.056824 400.090271,355.056824 
	C400.090271,361.986084 400.090271,368.371216 400.090271,375.501801 
	C407.646912,375.501801 415.234222,375.501068 422.821533,375.502106 
	C426.653107,375.502625 430.500702,375.312683 434.306458,375.627350 
	C435.436157,375.720734 436.448181,377.237183 437.517395,378.546021 
z"/>
<path fill="#3C3C70" opacity="1.000000" stroke="none" 
	d="
M966.180908,421.083191 
	C980.619385,391.260162 994.907166,361.779724 1009.592590,331.478851 
	C1026.295288,365.967316 1042.635010,399.706055 1059.336182,434.191315 
	C1051.783569,434.191315 1045.009033,434.333313 1038.251831,434.056335 
	C1037.078735,434.008240 1035.549561,432.403564 1034.922241,431.149078 
	C1032.768311,426.841675 1030.779419,422.432892 1029.052734,417.937897 
	C1028.041504,415.305511 1026.512085,414.554932 1023.800537,414.595520 
	C1013.810364,414.745056 1003.814148,414.781647 993.825806,414.582336 
	C990.801697,414.522003 989.290039,415.624298 988.256897,418.303436 
	C987.062927,421.399719 985.139465,424.253174 984.231506,427.412842 
	C982.560608,433.227173 979.083191,435.103058 973.216553,434.312714 
	C969.137573,433.763123 964.924683,434.206909 959.986511,434.206909 
	C962.159973,429.610474 964.095032,425.518127 966.180908,421.083191 
M1003.761597,397.744690 
	C1009.016235,397.744690 1014.270935,397.744690 1020.242249,397.744690 
	C1016.481689,389.112396 1012.995728,381.110474 1009.030823,372.009155 
	C1004.919983,381.228363 1001.383179,389.160248 997.556213,397.742798 
	C999.929626,397.742798 1001.387024,397.742798 1003.761597,397.744690 
z"/>
<path fill="#393A6E" opacity="1.000000" stroke="none" 
	d="
M548.475586,355.001282 
	C548.475464,348.861481 548.475464,343.221222 548.475464,337.215515 
	C566.625366,337.215515 584.357605,337.215515 602.475220,337.215515 
	C602.475220,343.034271 602.475220,348.907043 602.475220,355.396149 
	C591.044189,355.396149 579.799561,355.396149 568.387573,355.396149 
	C568.387573,362.273102 568.387573,368.539032 568.387573,375.440979 
	C580.981567,375.440979 593.383545,375.440979 605.996948,375.440979 
	C605.996948,381.359741 605.996948,386.644440 605.996948,392.560516 
	C593.491516,392.560516 581.099243,392.560516 568.441162,392.560516 
	C568.441162,400.454529 568.441162,407.725281 568.441162,415.576050 
	C580.960876,415.576050 593.527588,415.576050 606.517090,415.576050 
	C606.517090,421.856293 606.517090,427.582977 606.517090,433.755676 
	C587.513916,433.755676 568.302185,433.755676 548.475647,433.755676 
	C548.475647,407.726440 548.475647,381.613647 548.475586,355.001282 
z"/>
<path fill="#3C3D70" opacity="1.000000" stroke="none" 
	d="
M927.122559,353.751465 
	C931.371704,365.666656 935.513977,377.206451 940.108215,390.005280 
	C944.635742,377.364410 948.740784,365.948608 952.810242,354.520172 
	C954.540649,349.660522 956.026978,344.704163 957.996460,339.945801 
	C958.539856,338.632965 960.372009,337.085022 961.699341,337.000305 
	C966.983215,336.663116 972.301208,336.861420 978.622742,336.861420 
	C965.424805,371.195557 952.486389,404.854401 939.048279,439.813232 
	C925.655701,404.996216 912.745728,371.433990 899.461060,336.897583 
	C906.717041,336.897583 913.256531,336.797974 919.784790,337.023956 
	C920.598816,337.052155 921.655701,338.686462 922.082214,339.778809 
	C923.835571,344.268707 925.388855,348.836761 927.122559,353.751465 
z"/>
<path fill="#3C3C6F" opacity="1.000000" stroke="none" 
	d="
M795.816162,362.249329 
	C790.634644,353.912048 785.641785,345.884827 780.056396,336.904968 
	C788.191162,336.904968 795.395020,336.750488 802.578247,337.066376 
	C803.695190,337.115479 804.904358,339.194672 805.753784,340.535858 
	C811.616455,349.792023 817.394897,359.101471 823.480408,368.841858 
	C829.543030,359.039093 835.396240,349.767242 841.018982,340.357635 
	C842.560059,337.778595 844.231262,336.556793 847.346008,336.703278 
	C852.781128,336.958832 858.237000,336.774445 864.581726,336.774445 
	C863.178345,339.209351 862.266113,340.898438 861.256470,342.527130 
	C852.405029,356.805573 843.455505,371.024323 834.755676,385.394348 
	C833.383240,387.661163 832.489136,390.586761 832.444336,393.225952 
	C832.215698,406.684021 832.338745,420.148010 832.338745,433.912292 
	C825.633545,433.912292 819.256531,433.912292 812.368774,433.912292 
	C812.368774,421.247284 812.173401,408.797729 812.461792,396.359344 
	C812.582703,391.145966 811.497375,386.745270 808.481934,382.417053 
	C804.018188,376.010101 800.135071,369.198639 795.816162,362.249329 
z"/>
<path fill="#3B3B6F" opacity="1.000000" stroke="none" 
	d="
M1239.867554,380.000000 
	C1239.867676,398.139160 1239.867676,415.778351 1239.867676,433.813080 
	C1233.172974,433.813080 1226.796997,433.813080 1219.963867,433.813080 
	C1219.963867,408.110321 1219.963867,382.368652 1219.963867,356.105408 
	C1211.637451,356.105408 1203.735962,356.105408 1195.461914,356.105408 
	C1195.461914,349.550385 1195.461914,343.511444 1195.461914,337.158691 
	C1218.317627,337.158691 1241.057007,337.158691 1264.109619,337.158691 
	C1264.109619,343.372833 1264.109619,349.451141 1264.109619,355.871277 
	C1256.040771,355.871277 1248.255371,355.871277 1239.867432,355.871277 
	C1239.867432,363.966095 1239.867432,371.733032 1239.867554,380.000000 
z"/>
<path fill="#3B3C6F" opacity="1.000000" stroke="none" 
	d="
M1152.343506,336.795715 
	C1157.595459,336.795563 1162.388428,336.795563 1167.655029,336.795563 
	C1167.655029,363.086426 1167.655029,388.840302 1167.655029,415.234131 
	C1180.659790,415.234131 1193.208008,415.234131 1206.083008,415.234131 
	C1206.083008,421.783600 1206.083008,427.699890 1206.083008,433.936340 
	C1186.897339,433.936340 1167.650146,433.936340 1148.180176,433.936340 
	C1148.180176,401.793854 1148.180176,369.690826 1148.180176,337.193787 
	C1149.406982,337.062012 1150.645630,336.928955 1152.343506,336.795715 
z"/>
<path fill="#504D76" opacity="1.000000" stroke="none" 
	d="
M1111.999390,475.977356 
	C1112.996948,478.228973 1113.881714,480.101746 1115.074097,482.625549 
	C1118.085327,476.783966 1120.643188,471.745758 1123.343628,466.785156 
	C1123.495605,466.506073 1124.821411,466.866058 1126.058228,466.965271 
	C1123.641357,472.833130 1121.181152,478.266754 1119.214600,483.873535 
	C1118.527466,485.832214 1118.430176,488.452148 1119.145752,490.365448 
	C1121.514160,496.698975 1124.375977,502.847961 1127.497070,510.111816 
	C1133.398560,495.953461 1138.762085,482.900848 1144.338501,469.939819 
	C1145.042236,468.303925 1146.864258,467.149200 1148.168213,465.771545 
	C1148.631348,466.131226 1149.094482,466.490936 1149.557617,466.850647 
	C1149.185181,468.033905 1148.909424,469.258270 1148.425659,470.394135 
	C1142.626831,484.011139 1136.842163,497.634796 1130.910522,511.194061 
	C1130.268677,512.661621 1128.730713,513.737122 1127.608521,514.994507 
	C1126.453735,513.787292 1124.878784,512.773865 1124.216675,511.339233 
	C1121.293945,505.007294 1118.634155,498.554047 1115.354248,490.923553 
	C1112.680786,497.072113 1110.415161,502.278229 1108.154053,507.486145 
	C1107.490967,509.013275 1107.007568,510.651001 1106.131226,512.042480 
	C1105.417969,513.174988 1104.025757,514.945862 1103.316895,514.781799 
	C1102.042603,514.486816 1100.581177,513.163330 1100.022583,511.903748 
	C1095.572510,501.868622 1091.303345,491.752991 1087.006714,481.650146 
	C1084.948853,476.811371 1082.951538,471.946747 1080.926880,467.093811 
	C1081.440430,466.691559 1081.953979,466.289337 1082.467529,465.887085 
	C1083.724976,467.243103 1085.463257,468.388855 1086.162964,469.988800 
	C1091.160889,481.417511 1095.939819,492.941895 1100.810303,504.426544 
	C1101.422485,505.870239 1102.162598,507.259674 1103.304688,509.632629 
	C1106.617798,501.924713 1109.578369,495.300293 1112.251343,488.561768 
	C1112.702393,487.424713 1112.162964,485.696930 1111.654297,484.411041 
	C1109.404785,478.724243 1106.999146,473.099182 1104.578857,467.280792 
	C1108.266479,467.138763 1108.266479,467.138763 1111.999390,475.977356 
z"/>
<path fill="#4D4C75" opacity="1.000000" stroke="none" 
	d="
M636.585266,479.605225 
	C636.996887,492.478851 637.474976,505.133667 636.914307,517.742371 
	C636.770020,520.987183 634.031738,524.948730 631.310242,527.082214 
	C624.631165,532.318115 612.797607,531.156067 607.389526,525.388306 
	C606.425293,524.359924 606.166504,522.670166 605.581970,521.285767 
	C606.900574,521.799316 608.473694,522.012207 609.495056,522.876831 
	C614.723938,527.302979 620.547791,528.151123 626.770569,525.772278 
	C632.353271,523.638184 633.957397,519.545471 632.951111,510.366943 
	C627.427979,514.542175 621.503235,517.571716 615.010315,514.446167 
	C611.744629,512.874146 608.560547,510.141235 606.561157,507.123840 
	C601.460327,499.426086 603.315125,488.566406 610.076233,482.535004 
	C616.459961,476.840302 623.125977,477.489349 632.804382,484.501160 
	C633.953491,482.797180 635.109253,481.083221 636.585266,479.605225 
M622.115356,482.233734 
	C616.378540,481.943970 612.109985,484.380829 609.524658,489.437744 
	C606.667908,495.025604 606.775757,500.667206 610.176086,506.034882 
	C614.134338,512.283325 621.626038,513.893372 628.061462,510.261505 
	C635.676880,505.963715 633.473389,498.708740 633.220703,492.410828 
	C632.981079,486.440521 627.955994,484.072876 622.115356,482.233734 
z"/>
<path fill="#535279" opacity="1.000000" stroke="none" 
	d="
M720.969482,514.035156 
	C720.862488,498.004150 720.862488,482.390045 720.862488,466.416473 
	C728.427063,466.416473 735.565552,466.088226 742.658142,466.518250 
	C748.546326,466.875275 753.726746,472.483643 754.956299,478.728424 
	C756.158325,484.833801 753.333313,491.581116 748.178284,494.774475 
	C747.089905,495.448730 745.887085,495.938263 744.425720,496.668427 
	C748.172974,502.693695 751.744080,508.435852 755.315247,514.178040 
	C755.032288,514.577515 754.749329,514.977051 754.466370,515.376526 
	C752.922424,514.487305 750.897034,513.954163 749.926086,512.641235 
	C747.162415,508.904510 744.605896,504.970276 742.396484,500.882141 
	C740.642395,497.636566 738.350220,496.513672 734.772278,496.867188 
	C731.665771,497.174103 728.505066,496.931091 724.672974,496.931091 
	C724.672974,502.020691 724.662109,506.774719 724.677368,511.528656 
	C724.685303,514.018677 724.471863,516.179993 720.969482,514.035156 
M724.663391,482.493408 
	C724.663391,485.919495 724.663391,489.345551 724.663391,493.092957 
	C730.347534,493.092957 735.321533,493.138336 740.294373,493.081451 
	C746.486145,493.010681 750.502258,489.199493 751.069519,482.966522 
	C751.616150,476.960297 747.751099,470.767761 742.288391,470.230377 
	C736.570312,469.667847 730.753845,470.104675 724.662537,470.104675 
	C724.662537,474.212708 724.662537,477.856354 724.663391,482.493408 
z"/>
<path fill="#535279" opacity="1.000000" stroke="none" 
	d="
M887.505066,503.672272 
	C884.156738,495.834473 880.965942,488.340942 877.797607,480.837952 
	C877.680664,480.560913 877.782776,480.191345 877.782776,478.021729 
	C879.854614,480.023132 881.537842,480.969208 882.184448,482.387756 
	C885.563477,489.800018 888.669678,497.336395 891.894897,504.819183 
	C892.533081,506.299957 893.276917,507.735229 894.066650,509.389771 
	C900.915161,499.645264 902.952454,490.019135 894.902893,479.898621 
	C898.444214,479.852722 898.444214,479.852722 903.350525,489.667145 
	C906.764832,486.927216 905.281372,480.668304 911.507629,479.252411 
	C905.088379,489.550995 905.171082,499.281128 913.282349,508.994568 
	C914.858948,505.417358 916.395142,502.014618 917.862915,498.582642 
	C920.217529,493.076996 922.411682,487.498322 924.937012,482.073151 
	C925.563171,480.728088 927.200684,479.853790 928.373230,478.763062 
	C928.825073,479.149261 929.276917,479.535431 929.728760,479.921631 
	C924.925964,490.991608 920.155029,502.075684 915.256836,513.103333 
	C914.885010,513.940430 913.400452,515.041382 912.801392,514.852417 
	C911.747375,514.519897 910.623291,513.445496 910.150146,512.400391 
	C907.969116,507.582825 906.002625,502.668091 903.561951,496.839386 
	C901.136658,502.567230 899.224976,507.331482 897.075317,511.985718 
	C896.528076,513.170593 895.275391,514.721436 894.254700,514.793213 
	C893.310181,514.859680 891.901245,513.352966 891.297058,512.219238 
	C889.894348,509.587097 888.853760,506.761902 887.505066,503.672272 
z"/>
<path fill="#514F77" opacity="1.000000" stroke="none" 
	d="
M527.798889,491.289551 
	C529.439758,498.560669 528.647644,504.948395 523.649536,510.313263 
	C517.692078,516.707886 509.143585,517.527832 501.975616,512.495789 
	C501.054474,511.849121 500.119995,511.221466 498.855225,510.354370 
	C498.600861,511.679443 498.576874,512.682800 498.191071,513.519348 
	C497.912903,514.122437 496.967834,515.002686 496.645416,514.882996 
	C495.893860,514.604126 495.047760,513.903992 494.778442,513.175476 
	C494.452209,512.292969 494.671051,511.205444 494.670776,510.206635 
	C494.667114,497.050720 494.582001,483.893646 494.759766,470.740143 
	C494.785187,468.858978 496.085297,466.995026 496.795471,465.123108 
	C497.415314,466.919952 498.471924,468.693329 498.569946,470.518219 
	C498.823792,475.242615 498.655121,479.989716 498.655121,485.181091 
	C512.674683,475.273438 521.965027,477.305511 527.798889,491.289551 
M520.477783,507.983093 
	C521.405273,506.615631 522.517944,505.337555 523.228638,503.865448 
	C526.518860,497.050720 524.256531,488.491394 518.185181,484.378937 
	C512.988159,480.858673 506.830353,481.730194 501.998291,486.669800 
	C498.180084,490.572998 497.137299,502.373627 500.224823,506.738647 
	C504.726776,513.103333 512.758301,513.831055 520.477783,507.983093 
z"/>
<path fill="#4C4A73" opacity="1.000000" stroke="none" 
	d="
M1001.166626,484.882935 
	C1006.664734,493.788055 1006.489441,503.105072 1000.923279,509.790680 
	C994.578186,517.412048 985.184509,517.586853 975.385803,509.930756 
	C975.232971,510.870392 975.283142,511.654541 974.968933,512.244812 
	C974.458130,513.204590 973.708801,514.037537 973.060059,514.924011 
	C972.548950,514.047668 971.597412,513.173828 971.592346,512.294556 
	C971.506958,497.495148 971.504333,482.694763 971.630127,467.895844 
	C971.638000,466.971863 972.857849,466.058136 973.513855,465.139648 
	C974.170593,466.064728 975.364868,466.972351 975.395569,467.917786 
	C975.575684,473.463013 975.483948,479.017059 975.483948,485.051270 
	C987.570190,476.589722 993.196106,476.600494 1001.166626,484.882935 
M985.105408,511.959900 
	C991.449707,513.006592 996.217285,510.524139 999.293518,505.091370 
	C1002.620361,499.216125 1002.285767,493.211700 998.352417,487.746338 
	C993.355469,480.802917 985.066833,480.327454 979.039612,486.364746 
	C971.461792,493.955261 974.267822,507.467834 985.105408,511.959900 
z"/>
<path fill="#514F77" opacity="1.000000" stroke="none" 
	d="
M1248.218506,478.916199 
	C1251.944702,480.656921 1255.286621,482.348083 1259.287476,484.372620 
	C1259.287476,480.999542 1258.872559,477.269196 1259.418701,473.685303 
	C1259.855713,470.818573 1256.859253,466.354309 1263.481445,464.588409 
	C1263.481445,481.802795 1263.481445,498.271881 1263.481445,515.857056 
	C1261.657593,514.152893 1260.083252,512.682007 1259.168457,511.827209 
	C1254.297607,513.130554 1249.539062,515.146362 1244.680908,515.425049 
	C1241.767944,515.592163 1238.287109,513.572876 1235.781982,511.614441 
	C1229.494385,506.699005 1227.661621,497.120056 1230.919556,489.286987 
	C1233.939453,482.026062 1239.768311,478.435272 1248.218506,478.916199 
M1236.940186,507.472931 
	C1243.776855,513.718140 1252.273438,514.068726 1256.838623,507.344055 
	C1258.914917,504.285736 1258.651367,499.589966 1259.283203,495.610626 
	C1260.451782,488.252319 1253.588989,483.590118 1248.287842,482.399536 
	C1243.046997,481.222443 1236.849243,485.047943 1234.545410,490.834686 
	C1232.291870,496.494904 1232.917480,501.883575 1236.940186,507.472931 
z"/>
<path fill="#535279" opacity="1.000000" stroke="none" 
	d="
M390.076416,492.017639 
	C387.608185,492.017700 385.629639,492.017700 383.289398,492.017700 
	C383.289398,498.495453 383.289398,504.710205 383.289398,511.515686 
	C391.498138,511.515686 399.604034,511.434631 407.705048,511.597260 
	C409.020386,511.623688 410.314026,512.730164 411.617706,513.337402 
	C410.283386,513.903748 408.956299,514.940063 407.613556,514.960815 
	C398.315552,515.104309 389.014313,515.036438 378.974762,515.036438 
	C378.974762,506.726990 378.974762,498.800385 378.974762,490.873779 
	C378.974762,482.909302 378.974762,474.944824 378.974762,466.333221 
	C389.200439,466.333221 398.976196,466.288574 408.749451,466.424591 
	C409.471771,466.434631 410.175964,467.745331 410.888580,468.451385 
	C409.985321,468.945007 409.087738,469.854767 408.177917,469.867188 
	C400.023804,469.978668 391.867554,469.932251 383.320251,469.932251 
	C383.320251,475.974060 383.320251,481.857178 383.320251,488.466766 
	C390.040955,488.466766 396.792572,488.372589 403.537231,488.547333 
	C404.862579,488.581696 406.161041,489.654755 407.471893,490.248779 
	C406.167694,490.838165 404.885712,491.868835 403.555237,491.935760 
	C399.235077,492.153015 394.897186,492.017365 390.076416,492.017639 
z"/>
<path fill="#514F77" opacity="1.000000" stroke="none" 
	d="
M867.834473,498.956055 
	C859.876282,498.957825 852.396301,498.957825 844.927795,498.957825 
	C844.789124,504.613251 847.994934,509.450653 853.052368,511.544464 
	C857.949463,513.571960 863.906128,512.198364 867.799561,508.355347 
	C868.836609,507.331757 870.319580,506.760040 871.913147,506.516144 
	C868.871826,514.125122 861.298767,517.232056 853.020386,515.062805 
	C845.077271,512.981445 839.661987,504.901489 840.179626,495.903351 
	C840.678772,487.224915 846.851135,480.155151 855.036560,478.886322 
	C863.110962,477.634735 870.993225,482.320282 874.066162,490.198181 
	C876.890869,497.439728 875.923645,498.911713 867.834473,498.956055 
M845.249023,495.802216 
	C853.821106,495.802216 862.393188,495.802216 870.967041,495.802216 
	C870.779663,487.925720 865.000122,482.140717 857.872925,481.893097 
	C851.719849,481.679291 843.845032,487.761322 845.249023,495.802216 
z"/>
<path fill="#504D76" opacity="1.000000" stroke="none" 
	d="
M1040.975342,515.198914 
	C1031.531494,511.779144 1026.526855,504.041931 1027.620239,495.086700 
	C1028.702515,486.222443 1034.935669,479.734467 1043.272705,478.794312 
	C1054.328857,477.547546 1063.519409,487.114166 1061.979858,498.818298 
	C1052.140259,498.818298 1042.218384,498.818298 1031.744507,498.818298 
	C1032.446655,504.900482 1034.994019,508.986420 1040.077026,511.354645 
	C1044.981934,513.639893 1050.808105,512.440063 1054.873779,508.603088 
	C1055.992920,507.546844 1057.413818,506.810242 1059.037598,506.440735 
	C1056.750366,513.709045 1050.390259,516.599731 1040.975342,515.198914 
M1037.916504,484.171906 
	C1033.989380,486.897430 1031.740356,490.494781 1031.870483,495.578857 
	C1040.793091,495.578857 1049.516602,495.578857 1058.239380,495.578857 
	C1058.159790,484.884399 1048.547485,479.253876 1037.916504,484.171906 
z"/>
<path fill="#504D76" opacity="1.000000" stroke="none" 
	d="
M792.216797,484.797363 
	C795.571533,489.009033 797.135193,493.355591 796.181213,498.912109 
	C786.097656,498.912109 776.184326,498.912109 766.265869,498.912109 
	C766.472229,504.898071 769.833679,509.977783 774.785583,511.636414 
	C780.093933,513.414490 784.926575,512.429993 789.113770,508.503387 
	C790.197449,507.487152 791.654785,506.869293 793.255981,506.608948 
	C790.854797,513.182800 784.323242,516.508484 777.223816,515.622864 
	C769.590271,514.670593 763.424683,508.818024 761.992493,501.164734 
	C760.394836,492.627197 763.925842,484.685516 771.087952,480.707916 
	C777.885254,476.932861 785.248291,478.274689 792.216797,484.797363 
M782.456848,495.866638 
	C785.849060,495.866638 789.241272,495.866638 792.683899,495.866638 
	C791.703491,487.069061 785.903015,481.645050 778.559753,481.977844 
	C771.443909,482.300385 766.226074,487.946564 766.128296,495.866608 
	C771.240112,495.866608 776.355652,495.866608 782.456848,495.866638 
z"/>
<path fill="#535279" opacity="1.000000" stroke="none" 
	d="
M953.289917,479.584839 
	C959.361023,482.044464 961.434448,486.774597 961.591736,492.439545 
	C961.796143,499.800385 961.641663,507.171204 961.641663,515.212769 
	C960.371460,514.147339 958.764893,512.799744 957.597839,511.820801 
	C953.547241,513.100647 949.430237,515.032959 945.130371,515.615112 
	C938.347473,516.533508 932.978455,512.213318 932.076843,506.076447 
	C931.283325,500.675415 934.737854,495.948792 941.589172,494.819427 
	C946.541504,494.003052 951.736755,494.660126 956.880798,494.660126 
	C959.093445,486.383942 952.878113,480.107788 944.226440,482.306519 
	C942.011536,482.869415 940.006287,484.217072 937.837280,485.022614 
	C937.080139,485.303772 936.119934,485.038269 935.252502,485.022430 
	C935.590149,484.093536 935.649353,482.719879 936.309753,482.306335 
	C941.427673,479.101318 946.913757,477.583710 953.289917,479.584839 
M955.336548,508.807526 
	C956.149170,506.705048 957.389221,504.648407 957.621582,502.483643 
	C957.772156,501.080780 956.564941,498.303650 955.770142,498.229034 
	C950.924744,497.774139 945.944397,497.361481 941.165771,498.039551 
	C937.440247,498.568176 935.256836,501.619324 935.968628,505.787659 
	C936.641541,509.727966 939.272095,512.365662 943.050842,512.156189 
	C946.992615,511.937622 950.857117,510.327606 955.336548,508.807526 
z"/>
<path fill="#535279" opacity="1.000000" stroke="none" 
	d="
M674.139587,515.727966 
	C671.005310,514.641296 667.801270,514.138916 665.664368,512.356934 
	C660.299805,507.883423 661.097046,499.204651 667.507446,496.564941 
	C672.024475,494.704926 677.428528,494.917999 682.458374,494.432648 
	C684.019531,494.282043 685.652527,494.875854 687.228027,495.124939 
	C688.870544,485.786560 682.954346,480.138733 674.270386,482.310974 
	C673.148621,482.591614 672.106018,483.182739 670.987122,483.481812 
	C669.138123,483.975922 667.256775,484.349243 665.389099,484.773438 
	C666.874512,483.333740 668.112427,481.353271 669.885437,480.541656 
	C681.849915,475.064728 691.465088,480.943146 691.898804,493.977692 
	C692.127319,500.846863 691.939087,507.729858 691.939087,515.340759 
	C690.521423,514.180298 688.863953,512.823608 687.924927,512.054932 
	C683.336426,513.316162 678.946045,514.522949 674.139587,515.727966 
M687.284119,506.364227 
	C687.881226,503.307281 690.108521,499.223206 685.537415,498.103729 
	C681.212769,497.044647 676.380371,497.230438 671.909424,497.856018 
	C668.265259,498.365875 665.651550,501.129028 666.145935,505.300079 
	C666.663513,509.666595 669.469727,512.116028 673.798828,512.381958 
	C678.940857,512.697876 683.727783,511.760071 687.284119,506.364227 
z"/>
<path fill="#535279" opacity="1.000000" stroke="none" 
	d="
M486.046265,514.440308 
	C484.045135,513.908508 482.209747,513.052185 479.963409,512.004028 
	C477.104309,513.000610 473.365845,514.874451 469.421661,515.553650 
	C462.310242,516.778442 456.507294,512.691711 455.562561,506.530060 
	C454.630493,500.451233 458.040924,495.828888 465.496704,494.639526 
	C470.313690,493.871094 475.352783,494.495026 480.444214,494.495026 
	C482.514130,486.277954 476.118988,479.952057 467.289307,482.344116 
	C465.235352,482.900574 463.393219,484.203308 461.365082,484.907623 
	C460.504639,485.206421 459.415894,484.847839 458.430908,484.788055 
	C458.763092,483.987549 458.864227,482.828003 459.463409,482.442383 
	C465.044800,478.850616 471.026245,477.196564 477.429962,479.978516 
	C483.270172,482.515686 484.740601,487.541718 484.897552,493.473022 
	C485.079773,500.360687 485.752289,507.235443 486.046265,514.440308 
M476.583618,510.379791 
	C478.108124,507.805511 480.046143,505.367615 480.961578,502.592407 
	C481.348694,501.418793 479.721252,498.289185 478.775574,498.185730 
	C474.104156,497.674469 469.287140,497.375702 464.654480,497.995789 
	C461.186249,498.459991 458.790344,501.236267 459.165802,505.155975 
	C459.563873,509.311005 462.173523,512.025208 466.231781,512.212708 
	C469.416199,512.359802 472.657349,511.279541 476.583618,510.379791 
z"/>
<path fill="#504D76" opacity="1.000000" stroke="none" 
	d="
M1151.762695,507.155945 
	C1150.911987,502.475830 1149.288330,498.039917 1149.713135,493.809601 
	C1150.569580,485.277435 1157.590576,479.200775 1165.718994,478.672455 
	C1173.627808,478.158417 1181.013062,483.702393 1183.437500,491.973267 
	C1185.852417,500.211823 1182.239258,509.458496 1175.017090,513.522278 
	C1167.908569,517.522156 1159.513306,516.099792 1153.706421,509.876953 
	C1153.032349,509.154572 1152.509399,508.291199 1151.762695,507.155945 
M1168.870361,482.384613 
	C1162.179810,481.534790 1157.660156,484.687439 1154.704712,490.347046 
	C1151.801514,495.906555 1152.765869,503.186493 1156.748535,507.680115 
	C1162.193848,513.823975 1171.076294,513.729675 1176.422241,507.471191 
	C1183.659790,498.998566 1180.348389,486.973541 1168.870361,482.384613 
z"/>
<path fill="#55547D" opacity="1.000000" stroke="none" 
	d="
M419.238281,482.514465 
	C419.884796,481.138611 420.533447,480.203033 421.182098,479.267456 
	C422.060760,480.979401 422.939423,482.691315 424.003876,484.765228 
	C425.200836,483.878204 426.784607,482.555206 428.508698,481.451416 
	C438.773499,474.880035 447.560028,479.038513 448.396332,491.104858 
	C448.878693,498.064392 448.742065,505.077271 448.589508,512.059692 
	C448.565002,513.182861 446.996033,514.272156 446.140991,515.377136 
	C445.681061,515.072083 445.221100,514.767029 444.761169,514.461975 
	C444.761169,508.148590 444.848846,501.833374 444.719299,495.522614 
	C444.665161,492.883911 444.440704,490.178833 443.778503,487.638214 
	C442.678833,483.419342 439.515533,481.881470 435.367065,482.436615 
	C428.583374,483.344360 423.338104,489.322418 423.271973,496.134552 
	C423.223480,501.128082 423.388916,506.127838 423.176361,511.112793 
	C423.120178,512.430420 422.018219,513.703552 421.396423,514.997070 
	C420.677002,513.638428 419.361389,512.291504 419.334381,510.919220 
	C419.151123,501.600739 419.239655,492.276886 419.238281,482.514465 
z"/>
<path fill="#4D4C75" opacity="1.000000" stroke="none" 
	d="
M821.951050,478.653748 
	C828.995422,479.679962 831.597412,481.440796 832.078796,487.894775 
	C832.730408,496.631165 832.240784,505.452698 832.240784,514.302795 
	C829.272095,514.727173 829.174011,514.728577 829.128967,511.569580 
	C829.050781,506.076233 829.221130,500.577637 829.057800,495.088043 
	C828.979370,492.453003 828.630371,489.765778 827.950500,487.223419 
	C827.009644,483.705200 824.281616,482.186554 820.762512,482.262878 
	C813.925903,482.411133 807.468689,488.998138 807.380249,495.890167 
	C807.311890,501.217224 807.468994,506.549469 807.283081,511.870972 
	C807.241699,513.055481 806.182678,514.204468 805.592163,515.369873 
	C804.942444,515.165710 804.292786,514.961609 803.643066,514.757507 
	C803.643066,506.513580 803.642517,498.269684 803.643433,490.025787 
	C803.643738,487.528320 803.509583,485.019440 803.714050,482.538635 
	C803.805603,481.426971 804.579773,480.371582 805.044250,479.290680 
	C805.782166,480.313660 806.595764,481.292725 807.225159,482.378601 
	C807.528015,482.901184 807.483459,483.625183 807.533386,483.905640 
	C812.303711,482.126160 816.935181,480.398529 821.951050,478.653748 
z"/>
<path fill="#494870" opacity="1.000000" stroke="none" 
	d="
M596.482178,494.323975 
	C596.486023,500.446503 596.610840,506.110016 596.382751,511.759277 
	C596.334167,512.961853 595.000549,514.112427 594.258911,515.286926 
	C593.739258,515.026855 593.219604,514.766846 592.699951,514.506775 
	C592.699951,510.703552 592.699768,506.900330 592.699951,503.097076 
	C592.700134,500.267853 592.763428,497.436981 592.689392,494.609711 
	C592.468079,486.158295 589.706604,482.149475 584.253723,482.250854 
	C577.406433,482.378143 571.005676,488.876984 570.941406,495.841553 
	C570.892273,501.166687 571.068604,506.498840 570.828003,511.813538 
	C570.772888,513.030701 569.416931,514.188965 568.659607,515.374329 
	C568.107361,515.126526 567.555176,514.878723 567.002930,514.630920 
	C567.002930,503.685455 566.967285,492.739655 567.074646,481.795227 
	C567.082703,480.971741 568.110107,480.158234 568.663696,479.340088 
	C569.355286,480.057831 570.325500,480.664948 570.665710,481.522125 
	C571.063049,482.523132 570.910645,483.742401 571.006714,484.997528 
	C574.139832,483.136078 576.886963,480.938080 580.017456,479.751892 
	C588.840210,476.408936 594.770752,480.122528 596.028870,489.390045 
	C596.230164,490.872955 596.330261,492.369568 596.482178,494.323975 
z"/>
<path fill="#5D5B7D" opacity="1.000000" stroke="none" 
	d="
M1312.130493,343.914734 
	C1317.314819,351.141876 1317.632568,358.498199 1313.386719,365.699005 
	C1308.874878,373.350708 1301.493408,375.378082 1293.145020,374.233734 
	C1285.517090,373.188202 1280.424194,368.783783 1278.162720,361.433014 
	C1275.492432,352.753479 1278.993652,343.789520 1286.502930,339.432892 
	C1294.684326,334.686371 1304.511353,336.314301 1312.130493,343.914734 
M1304.253296,340.964935 
	C1302.678345,340.449463 1301.136230,339.771179 1299.522949,339.445801 
	C1291.116577,337.750092 1282.584595,343.287140 1280.530518,351.687225 
	C1278.393921,360.425659 1283.036133,368.803741 1291.445923,371.386566 
	C1299.645874,373.904907 1308.410767,370.406097 1311.859131,363.238037 
	C1315.746704,355.156921 1313.138794,346.869110 1304.253296,340.964935 
z"/>
<path fill="#55547D" opacity="1.000000" stroke="none" 
	d="
M1017.076904,480.005249 
	C1017.077698,488.985107 1017.154480,497.466705 1017.044739,505.945923 
	C1016.995178,509.773315 1018.095337,512.045471 1022.455994,511.728363 
	C1023.434326,511.657196 1024.489502,512.642944 1025.509399,513.142090 
	C1024.541016,513.820679 1023.653442,514.897339 1022.591248,515.112610 
	C1016.217651,516.404419 1013.198486,513.879517 1013.167603,507.241486 
	C1013.108826,494.603943 1013.082153,481.965149 1013.236267,469.329224 
	C1013.253418,467.923492 1014.529114,466.533112 1015.221130,465.135590 
	C1015.840454,466.600006 1016.871399,468.030670 1016.994934,469.535767 
	C1017.265930,472.839203 1017.077637,476.180328 1017.076904,480.005249 
z"/>
<path fill="#494870" opacity="1.000000" stroke="none" 
	d="
M1218.948486,487.000000 
	C1218.948853,492.833221 1218.948608,498.166565 1218.950195,503.499878 
	C1218.952515,511.627716 1218.965698,511.641510 1227.687988,512.031860 
	C1226.732422,513.318909 1226.107056,514.862244 1225.503662,514.853699 
	C1222.773560,514.815125 1219.870483,514.793640 1217.400024,513.823303 
	C1216.192627,513.349060 1215.149902,510.822021 1215.130737,509.211029 
	C1214.958252,494.735382 1215.030029,480.256805 1215.030029,465.898438 
	C1218.387817,464.243866 1219.018433,465.756683 1218.981689,468.500397 
	C1218.901611,474.499390 1218.951660,480.500061 1218.948486,487.000000 
z"/>
<path fill="#3D3D70" opacity="1.000000" stroke="none" 
	d="
M536.802856,505.828857 
	C536.801392,493.388763 536.737793,481.425598 536.882263,469.464935 
	C536.899475,468.037903 538.050354,466.624603 538.675781,465.204956 
	C539.247620,466.690430 540.298584,468.170441 540.315491,469.662262 
	C540.451721,481.623169 540.461609,493.586853 540.355835,505.548340 
	C540.319153,509.697235 541.236938,512.455750 546.227600,511.864563 
	C546.999451,511.773132 547.902832,512.792480 548.745422,513.298157 
	C548.042786,513.862366 547.424255,514.706055 546.624329,514.946838 
	C540.024597,516.933655 536.871887,514.124695 536.802856,505.828857 
z"/>
<path fill="#494870" opacity="1.000000" stroke="none" 
	d="
M1201.835205,480.665283 
	C1204.176147,479.962708 1206.189209,479.452606 1208.202148,478.942474 
	C1208.538696,479.480408 1208.875122,480.018372 1209.211548,480.556335 
	C1208.192383,481.396240 1207.301514,482.638245 1206.133179,483.011017 
	C1198.342651,485.496796 1195.458496,489.332642 1195.439697,497.682770 
	C1195.429199,502.344788 1195.561646,507.011749 1195.369629,511.665710 
	C1195.318359,512.906982 1194.308838,514.108704 1193.739136,515.328613 
	C1193.220703,515.139282 1192.702271,514.950012 1192.183838,514.760681 
	C1192.183838,503.044617 1192.183838,491.328552 1192.183838,479.612457 
	C1192.678955,479.399231 1193.173950,479.186005 1193.669067,478.972778 
	C1194.541138,480.856903 1195.413330,482.741058 1196.394409,484.860382 
	C1197.950317,483.642334 1199.728760,482.250031 1201.835205,480.665283 
z"/>
<path fill="#494870" opacity="1.000000" stroke="none" 
	d="
M557.029419,481.511719 
	C557.041321,492.855804 557.041321,503.752899 557.041321,514.650024 
	C556.540527,514.912720 556.039734,515.175354 555.538940,515.438049 
	C554.736328,514.388306 553.255310,513.350464 553.236572,512.286865 
	C553.058533,502.187317 553.089661,492.083008 553.195312,481.981476 
	C553.204712,481.088226 554.166138,480.204956 554.685364,479.317017 
	C555.462708,479.899597 556.240112,480.482178 557.029419,481.511719 
z"/>
<path fill="#55547D" opacity="1.000000" stroke="none" 
	d="
M553.086304,468.904816 
	C553.860046,467.350250 554.635315,466.218689 555.410583,465.087128 
	C556.152039,467.085541 556.893433,469.083984 557.634888,471.082397 
	C556.981384,471.482239 556.327881,471.882080 555.674438,472.281921 
	C554.812256,471.297211 553.950134,470.312531 553.086304,468.904816 
z"/>
<path fill="#DE0C19" opacity="1.000000" stroke="none" 
	d="
M211.933929,285.411499 
	C213.338959,285.445007 214.305801,285.750488 215.284790,285.796265 
	C223.983795,286.203125 223.985809,286.189545 223.984070,295.143738 
	C223.966507,385.901398 223.948441,476.659027 223.959595,567.828491 
	C217.687225,568.421021 211.383774,568.735474 205.086548,568.639771 
	C204.128433,568.625183 202.917801,566.841736 202.346405,565.630066 
	C201.896118,564.675232 202.247009,563.341187 202.246887,562.175598 
	C202.238403,472.090302 202.230423,382.005005 202.222427,291.919708 
	C202.222260,290.115143 202.222382,288.310608 202.222382,286.055298 
	C205.619431,285.875092 208.560394,285.719055 211.933929,285.411499 
z"/>
<path fill="#059CE0" opacity="1.000000" stroke="none" 
	d="
M272.071777,315.936493 
	C272.701172,317.643738 273.090149,319.449127 273.090820,321.254639 
	C273.117615,392.415253 273.110626,463.575897 273.095062,534.736511 
	C273.094727,536.230896 272.942108,537.725281 272.678162,539.664185 
	C267.839233,540.026428 263.182922,539.899597 258.526031,539.872009 
	C251.065521,539.827820 251.059097,539.855652 251.059036,532.625732 
	C251.058472,465.667419 251.060059,398.709106 251.061661,331.750793 
	C251.061752,327.919830 251.167740,324.085510 251.038223,320.259033 
	C250.936829,317.263336 252.158875,316.065613 255.164566,316.117401 
	C260.657715,316.212006 266.154785,316.075043 272.071777,315.936493 
z"/>
<path fill="#92BC25" opacity="1.000000" stroke="none" 
	d="
M94.077713,316.753540 
	C99.439987,316.314240 104.786598,316.613159 110.081230,316.217163 
	C114.886742,315.857727 115.884979,317.796967 115.872276,322.240479 
	C115.733398,370.821472 115.782951,419.403046 115.786392,467.984436 
	C115.788063,491.609558 115.800507,515.234680 115.822220,539.310181 
	C108.858505,539.760559 101.880653,539.760559 94.568817,539.760559 
	C94.359566,538.681396 93.964973,537.596313 93.965042,536.511230 
	C93.969574,463.403809 94.005867,390.296417 94.077713,316.753540 
z"/>
<path fill="#F7F7F9" opacity="1.000000" stroke="none" 
	d="
M639.094604,371.935669 
	C639.094421,365.986053 639.094421,360.526886 639.094421,354.666443 
	C646.446899,354.106659 653.432373,353.236603 658.422852,359.905945 
	C661.577087,364.121338 661.721069,369.899597 658.777283,374.420288 
	C654.057922,381.667633 646.853760,380.995850 639.094849,380.474060 
	C639.094849,377.639435 639.094849,375.032745 639.094604,371.935669 
z"/>
<path fill="#EFF0F5" opacity="1.000000" stroke="none" 
	d="
M1003.303040,397.743744 
	C1001.387024,397.742798 999.929626,397.742798 997.556213,397.742798 
	C1001.383179,389.160248 1004.919983,381.228363 1009.030823,372.009155 
	C1012.995728,381.110474 1016.481689,389.112396 1020.242249,397.744690 
	C1014.270935,397.744690 1009.016235,397.744690 1003.303040,397.743744 
z"/>
<path fill="#F9F9FB" opacity="1.000000" stroke="none" 
	d="
M622.503052,482.298431 
	C627.955994,484.072876 632.981079,486.440521 633.220703,492.410828 
	C633.473389,498.708740 635.676880,505.963715 628.061462,510.261505 
	C621.626038,513.893372 614.134338,512.283325 610.176086,506.034882 
	C606.775757,500.667206 606.667908,495.025604 609.524658,489.437744 
	C612.109985,484.380829 616.378540,481.943970 622.503052,482.298431 
z"/>
<path fill="#FDFDFD" opacity="1.000000" stroke="none" 
	d="
M724.662964,481.996704 
	C724.662537,477.856354 724.662537,474.212708 724.662537,470.104675 
	C730.753845,470.104675 736.570312,469.667847 742.288391,470.230377 
	C747.751099,470.767761 751.616150,476.960297 751.069519,482.966522 
	C750.502258,489.199493 746.486145,493.010681 740.294373,493.081451 
	C735.321533,493.138336 730.347534,493.092957 724.663391,493.092957 
	C724.663391,489.345551 724.663391,485.919495 724.662964,481.996704 
z"/>
<path fill="#F9FAFB" opacity="1.000000" stroke="none" 
	d="
M520.214111,508.254517 
	C512.758301,513.831055 504.726776,513.103333 500.224823,506.738647 
	C497.137299,502.373627 498.180084,490.572998 501.998291,486.669800 
	C506.830353,481.730194 512.988159,480.858673 518.185181,484.378937 
	C524.256531,488.491394 526.518860,497.050720 523.228638,503.865448 
	C522.517944,505.337555 521.405273,506.615631 520.214111,508.254517 
z"/>
<path fill="#F9F9FB" opacity="1.000000" stroke="none" 
	d="
M984.709229,511.859344 
	C974.267822,507.467834 971.461792,493.955261 979.039612,486.364746 
	C985.066833,480.327454 993.355469,480.802917 998.352417,487.746338 
	C1002.285767,493.211700 1002.620361,499.216125 999.293518,505.091370 
	C996.217285,510.524139 991.449707,513.006592 984.709229,511.859344 
z"/>
<path fill="#F9FAFB" opacity="1.000000" stroke="none" 
	d="
M1236.699951,507.180786 
	C1232.917480,501.883575 1232.291870,496.494904 1234.545410,490.834686 
	C1236.849243,485.047943 1243.046997,481.222443 1248.287842,482.399536 
	C1253.588989,483.590118 1260.451782,488.252319 1259.283203,495.610626 
	C1258.651367,499.589966 1258.914917,504.285736 1256.838623,507.344055 
	C1252.273438,514.068726 1243.776855,513.718140 1236.699951,507.180786 
z"/>
<path fill="#F7F7F9" opacity="1.000000" stroke="none" 
	d="
M844.847656,495.672668 
	C843.845032,487.761322 851.719849,481.679291 857.872925,481.893097 
	C865.000122,482.140717 870.779663,487.925720 870.967041,495.802216 
	C862.393188,495.802216 853.821106,495.802216 844.847656,495.672668 
z"/>
<path fill="#F7F7F9" opacity="1.000000" stroke="none" 
	d="
M1038.248779,483.971619 
	C1048.547485,479.253876 1058.159790,484.884399 1058.239380,495.578857 
	C1049.516602,495.578857 1040.793091,495.578857 1031.870483,495.578857 
	C1031.740356,490.494781 1033.989380,486.897430 1038.248779,483.971619 
z"/>
<path fill="#F7F7F9" opacity="1.000000" stroke="none" 
	d="
M781.963989,495.866638 
	C776.355652,495.866608 771.240112,495.866608 766.128296,495.866608 
	C766.226074,487.946564 771.443909,482.300385 778.559753,481.977844 
	C785.903015,481.645050 791.703491,487.069061 792.683899,495.866638 
	C789.241272,495.866638 785.849060,495.866638 781.963989,495.866638 
z"/>
<path fill="#F7F7F9" opacity="1.000000" stroke="none" 
	d="
M955.046021,509.066711 
	C950.857117,510.327606 946.992615,511.937622 943.050842,512.156189 
	C939.272095,512.365662 936.641541,509.727966 935.968628,505.787659 
	C935.256836,501.619324 937.440247,498.568176 941.165771,498.039551 
	C945.944397,497.361481 950.924744,497.774139 955.770142,498.229034 
	C956.564941,498.303650 957.772156,501.080780 957.621582,502.483643 
	C957.389221,504.648407 956.149170,506.705048 955.046021,509.066711 
z"/>
<path fill="#F7F7F9" opacity="1.000000" stroke="none" 
	d="
M687.100708,506.718628 
	C683.727783,511.760071 678.940857,512.697876 673.798828,512.381958 
	C669.469727,512.116028 666.663513,509.666595 666.145935,505.300079 
	C665.651550,501.129028 668.265259,498.365875 671.909424,497.856018 
	C676.380371,497.230438 681.212769,497.044647 685.537415,498.103729 
	C690.108521,499.223206 687.881226,503.307281 687.100708,506.718628 
z"/>
<path fill="#F7F7F9" opacity="1.000000" stroke="none" 
	d="
M476.228455,510.562164 
	C472.657349,511.279541 469.416199,512.359802 466.231781,512.212708 
	C462.173523,512.025208 459.563873,509.311005 459.165802,505.155975 
	C458.790344,501.236267 461.186249,498.459991 464.654480,497.995789 
	C469.287140,497.375702 474.104156,497.674469 478.775574,498.185730 
	C479.721252,498.289185 481.348694,501.418793 480.961578,502.592407 
	C480.046143,505.367615 478.108124,507.805511 476.228455,510.562164 
z"/>
<path fill="#F9FAFB" opacity="1.000000" stroke="none" 
	d="
M1169.231934,482.528900 
	C1180.348389,486.973541 1183.659790,498.998566 1176.422241,507.471191 
	C1171.076294,513.729675 1162.193848,513.823975 1156.748535,507.680115 
	C1152.765869,503.186493 1151.801514,495.906555 1154.704712,490.347046 
	C1157.660156,484.687439 1162.179810,481.534790 1169.231934,482.528900 
z"/>
<path fill="#EFF0F5" opacity="1.000000" stroke="none" 
	d="
M1304.601074,341.121826 
	C1313.138794,346.869110 1315.746704,355.156921 1311.859131,363.238037 
	C1308.410767,370.406097 1299.645874,373.904907 1291.445923,371.386566 
	C1283.036133,368.803741 1278.393921,360.425659 1280.530518,351.687225 
	C1282.584595,343.287140 1291.116577,337.750092 1299.522949,339.445801 
	C1301.136230,339.771179 1302.678345,340.449463 1304.601074,341.121826 
M1299.748291,344.112854 
	C1296.157715,344.112854 1292.567139,344.112854 1288.673340,344.112854 
	C1288.673340,351.529480 1288.613525,358.340759 1288.751221,365.147980 
	C1288.767944,365.974945 1289.848755,366.780396 1290.436523,367.595856 
	C1291.018677,366.761475 1291.979980,365.979523 1292.104126,365.081787 
	C1292.364014,363.202698 1292.182861,361.262604 1292.182861,359.677704 
	C1297.630371,357.591766 1298.534302,361.616943 1300.374634,364.141754 
	C1301.717896,365.984467 1302.513550,368.826508 1306.035156,366.872498 
	C1304.454834,364.149963 1302.982056,361.612579 1301.577271,359.192322 
	C1307.478638,352.541412 1307.114624,348.445312 1299.748291,344.112854 
z"/>
<path fill="#4D4C75" opacity="1.000000" stroke="none" 
	d="
M1300.151611,344.233521 
	C1307.114624,348.445312 1307.478638,352.541412 1301.577271,359.192322 
	C1302.982056,361.612579 1304.454834,364.149963 1306.035156,366.872498 
	C1302.513550,368.826508 1301.717896,365.984467 1300.374634,364.141754 
	C1298.534302,361.616943 1297.630371,357.591766 1292.182861,359.677704 
	C1292.182861,361.262604 1292.364014,363.202698 1292.104126,365.081787 
	C1291.979980,365.979523 1291.018677,366.761475 1290.436523,367.595825 
	C1289.848755,366.780396 1288.767944,365.974945 1288.751221,365.147980 
	C1288.613525,358.340759 1288.673340,351.529480 1288.673340,344.112854 
	C1292.567139,344.112854 1296.157715,344.112854 1300.151611,344.233521 
M1300.299438,348.067261 
	C1292.456787,345.827972 1291.098755,347.180695 1293.035645,356.465424 
	C1295.766724,355.812866 1298.719604,355.603302 1301.035278,354.279205 
	C1301.822876,353.828796 1301.005493,350.571167 1300.299438,348.067261 
z"/>
<path fill="#EFF0F5" opacity="1.000000" stroke="none" 
	d="
M1300.610474,348.331787 
	C1301.005493,350.571167 1301.822876,353.828796 1301.035278,354.279205 
	C1298.719604,355.603302 1295.766724,355.812866 1293.035645,356.465424 
	C1291.098755,347.180695 1292.456787,345.827972 1300.610474,348.331787 
z"/>
</svg>