<svg version="1.1" id="Layer_1" xmlns="http://www.w3.org/2000/svg" xmlns:xlink="http://www.w3.org/1999/xlink" x="0px" y="0px"
	 width="100%" viewBox="0 0 200 200" enable-background="new 0 0 200 200" xml:space="preserve">
<path fill="#FDFEFE" opacity="1.000000" stroke="none" 
	d="
M121.000000,201.000000 
	C80.691574,201.000000 40.883148,201.000000 1.037362,201.000000 
	C1.037362,134.399948 1.037362,67.799866 1.037362,1.099894 
	C67.558250,1.099894 134.116699,1.099894 200.837585,1.099894 
	C200.837585,67.666344 200.837585,134.333145 200.837585,201.000000 
	C174.466812,201.000000 147.983414,201.000000 121.000000,201.000000 
M112.994377,153.005402 
	C112.994377,153.005402 113.019241,153.004013 113.490570,152.656616 
	C113.607643,152.292984 113.724716,151.929337 113.960220,150.892197 
	C115.236969,148.346375 116.513725,145.800552 117.790474,143.254730 
	C117.447525,142.890045 117.104584,142.525375 116.761635,142.160690 
	C115.403084,143.124069 113.652351,143.817749 112.766380,145.106110 
	C110.831116,147.920334 109.335327,151.036758 107.322876,154.258881 
	C107.125061,154.463684 107.017021,154.708160 106.941284,155.578568 
	C106.606499,156.047546 106.271721,156.516510 105.505951,157.281265 
	C105.408966,157.605286 105.311989,157.929306 105.196259,158.063339 
	C105.196259,158.063339 105.271957,158.238602 104.506363,158.095505 
	C103.730667,158.058350 102.954979,158.021210 101.744431,157.429962 
	C99.446419,153.049240 97.148415,148.668503 95.121078,143.655594 
	C95.175293,142.967804 95.229507,142.279999 95.283730,141.592209 
	C94.749298,141.965347 94.214859,142.338501 92.984428,142.702759 
	C91.965721,142.859772 90.947006,143.016800 89.802437,143.193207 
	C91.338234,146.409912 92.672279,149.204041 93.217636,151.997787 
	C89.192924,151.168625 85.434845,147.080551 80.093330,150.993256 
	C77.762512,150.992462 75.403702,151.207382 73.111397,150.909882 
	C71.738220,150.731674 70.469048,149.752182 69.153130,149.132828 
	C70.546432,148.423309 71.884384,147.268417 73.343338,147.087067 
	C77.869957,146.524445 82.442535,146.331696 87.191132,145.481842 
	C87.253494,145.309814 87.315849,145.137787 87.622406,144.785339 
	C87.784134,144.473846 87.707863,144.224869 86.904778,143.244019 
	C79.437469,143.244019 71.970161,143.244019 64.182396,143.244019 
	C64.182396,148.962204 64.072258,154.390106 64.239830,159.809433 
	C64.301712,161.810471 65.017586,163.791290 65.929237,165.885864 
	C66.244324,165.794083 66.559418,165.702286 67.806099,165.417847 
	C73.527199,165.478317 79.248306,165.538773 85.169388,166.104004 
	C89.097046,165.927521 89.172577,165.844116 87.310829,162.974197 
	C86.877541,162.926422 86.444244,162.878647 85.875206,162.172272 
	C84.916702,161.781433 83.958199,161.390579 82.974777,160.208908 
	C79.994049,154.836807 76.749100,160.568970 73.676743,159.047592 
	C73.642502,159.699615 73.608261,160.351639 73.574020,161.003662 
	C76.052155,161.003662 78.530289,161.003662 81.003471,161.615814 
	C80.998314,162.023941 80.993156,162.432068 80.099022,162.960251 
	C76.404732,162.575195 72.710442,162.190140 69.011124,161.011536 
	C69.021675,159.173538 69.032227,157.335526 69.939346,155.280212 
	C73.861702,154.860382 77.784058,154.440552 82.341743,154.034180 
	C83.894501,155.022781 85.447250,156.011383 87.083549,157.641068 
	C87.722366,158.094055 88.361183,158.547028 89.730354,158.922623 
	C91.153572,158.615082 92.576782,158.307541 94.000168,158.834839 
	C94.661797,162.653580 93.712715,167.339859 99.534370,169.197479 
	C99.821182,166.874634 100.034668,165.145660 100.765633,163.902710 
	C103.316017,166.524261 105.490211,166.382385 107.298607,163.063248 
	C108.234627,161.345276 109.256783,159.674240 110.613632,157.719345 
	C110.835129,157.488022 110.950691,157.212311 111.053436,156.241119 
	C111.487854,155.483719 111.922264,154.726303 112.688446,153.745056 
	C112.882965,153.544525 112.989922,153.304886 112.994377,153.005402 
M48.831524,151.525238 
	C48.652031,151.259430 48.410133,151.075821 47.502556,150.674911 
	C44.989956,148.012405 42.477352,145.349915 39.683563,142.169601 
	C39.039051,141.581558 38.394539,140.993530 37.750027,140.405487 
	C37.486858,141.092392 37.223686,141.779282 36.154343,142.802155 
	C35.919479,150.092728 35.663349,157.382904 35.521671,164.675293 
	C35.515526,164.991669 36.561649,165.328491 37.280964,165.800156 
	C37.280964,165.800156 37.595024,165.838379 37.595024,165.838379 
	C37.595024,165.838379 37.872578,165.678665 38.522923,165.290771 
	C38.760509,164.850754 38.998093,164.410721 39.694809,163.401535 
	C39.542877,161.277817 39.390945,159.154083 39.109413,156.146408 
	C39.154865,153.768982 39.200317,151.391556 39.906574,148.919495 
	C40.122818,148.867035 40.339058,148.814575 41.090145,149.099075 
	C43.737206,152.042770 46.384266,154.986481 49.208580,158.402451 
	C49.474815,158.597473 49.741051,158.792480 50.000458,158.999390 
	C50.000458,158.999390 50.012493,158.993073 50.197376,159.442001 
	C50.386330,159.723221 50.643585,159.910751 51.586716,160.313339 
	C52.716434,161.520767 53.649097,163.349594 55.023502,163.785446 
	C56.935539,164.391785 59.178497,163.954605 61.676552,163.564163 
	C61.539326,162.720764 61.402100,161.877380 61.135002,160.115128 
	C61.178581,156.397873 61.222164,152.680603 61.713284,148.405029 
	C61.496925,146.599091 61.280567,144.793167 60.211105,142.758270 
	C59.201801,143.772827 57.470402,144.690613 57.319008,145.820175 
	C56.870335,149.167786 57.044769,152.598923 56.156372,156.000900 
	C55.064163,156.017502 53.971954,156.034088 52.354485,155.827621 
	C51.897270,155.233139 51.440056,154.638641 50.796211,153.581650 
	C50.604237,153.290268 50.339977,153.098450 49.998779,153.001221 
	C49.998779,153.001221 49.993996,152.996109 49.807144,152.552307 
	C49.619217,152.275162 49.365444,152.086624 48.994858,151.996735 
	C48.994858,151.996735 49.015667,151.949127 48.831524,151.525238 
M60.278980,42.895042 
	C59.708164,43.206799 59.137348,43.518555 58.037071,44.282196 
	C55.327065,45.656506 52.492142,46.831886 49.929600,48.441032 
	C40.901989,54.109909 32.594700,60.435844 28.974291,71.185944 
	C21.821775,92.423950 38.952560,109.813927 56.918289,117.778229 
	C59.248344,118.615166 61.578396,119.452103 64.324867,120.722183 
	C65.107513,120.861404 65.890160,121.000626 67.217155,121.674637 
	C74.032455,123.178528 80.847755,124.682419 87.663048,126.186317 
	C87.770386,125.730782 87.877724,125.275246 87.985062,124.819717 
	C81.637695,122.823090 75.290329,120.826469 68.403633,118.311668 
	C66.598854,117.547470 64.794075,116.783279 62.641872,115.540474 
	C62.099773,115.347900 61.557674,115.155319 60.651447,114.484436 
	C59.596210,113.930840 58.540974,113.377251 57.172421,112.295174 
	C56.799309,112.142570 56.426197,111.989967 55.834110,111.394997 
	C55.589066,111.145546 55.291706,111.022255 54.636772,110.488747 
	C53.781376,109.938362 52.925976,109.387970 51.759552,108.259171 
	C49.563396,106.151443 47.367241,104.043716 45.008945,101.369171 
	C44.719921,101.116173 44.430901,100.863174 44.027309,100.109062 
	C43.681965,99.740402 43.336620,99.371742 42.868553,98.342476 
	C41.932850,96.854599 40.997147,95.366714 40.019737,93.247719 
	C39.656601,92.494995 39.293465,91.742271 38.945621,90.154022 
	C38.444458,86.091988 37.943298,82.029945 37.728901,77.344398 
	C37.742016,76.890160 37.755127,76.435921 38.012070,75.286148 
	C38.315891,73.861893 38.619717,72.437645 39.282551,70.490623 
	C39.542847,69.702454 39.803139,68.914284 40.591118,67.726738 
	C41.393188,66.150948 42.195255,64.575157 43.000153,63.000000 
	C43.000153,63.000000 42.998844,62.996674 43.523579,62.665379 
	C44.067234,61.798977 44.610889,60.932575 45.701054,59.803261 
	C46.245453,58.981770 46.789852,58.160278 47.325771,57.221699 
	C47.325771,57.221699 47.442829,57.212833 48.067654,57.097549 
	C49.760830,55.527168 51.454006,53.956791 53.715805,52.203461 
	C54.133701,51.797348 54.551594,51.391232 55.447243,50.893574 
	C55.776062,50.764797 55.983833,50.529251 56.677364,50.049595 
	C56.961639,49.761917 57.245911,49.474243 58.099495,49.059311 
	C58.389084,48.816818 58.678669,48.574326 59.471142,48.233265 
	C60.000721,47.835407 60.530300,47.437553 61.017033,46.993404 
	C61.017033,46.993404 61.031410,47.054707 61.618221,47.021736 
	C62.077450,46.681168 62.536682,46.340603 63.639877,45.919182 
	C64.760902,45.284824 65.881927,44.650467 67.760559,43.975197 
	C73.528488,41.974693 79.296410,39.974186 85.064339,37.973682 
	C85.003677,37.682678 84.943016,37.391674 84.882347,37.100666 
	C78.819817,38.357273 72.757286,39.613876 65.979233,40.880390 
	C65.330635,41.138748 64.682045,41.397102 63.452255,41.687557 
	C62.601562,42.097385 61.750866,42.507214 60.963593,42.983120 
	C60.963593,42.983120 60.954594,42.891975 60.278980,42.895042 
M139.877014,155.642929 
	C139.758667,155.358109 139.559280,155.151489 138.995743,154.633682 
	C138.995743,154.633682 138.940659,154.155380 138.858261,153.689209 
	C138.731888,153.382050 138.518341,153.157913 137.955856,152.658859 
	C137.955856,152.658859 137.914825,152.217316 137.842758,151.727005 
	C137.716980,151.402206 137.497040,151.164520 136.758591,150.436890 
	C135.181046,147.828995 133.603485,145.221100 131.911041,141.978012 
	C131.012253,140.990417 130.113464,140.002838 128.581253,138.319244 
	C128.273834,140.502930 128.122879,141.575211 127.476318,143.146301 
	C126.548950,144.772629 125.621590,146.398956 124.345512,148.262238 
	C124.139076,148.472580 124.026176,148.724808 123.942116,149.570648 
	C123.839233,149.724609 123.736343,149.878571 123.306656,150.246201 
	C123.115196,150.439911 123.007729,150.672455 122.881340,151.648026 
	C120.830017,155.439529 118.778694,159.231033 116.363815,163.276260 
	C116.149956,163.501968 116.039497,163.770264 116.058968,164.538696 
	C116.058968,164.538696 116.016243,164.995026 115.590927,165.271347 
	C115.590675,165.705002 115.590424,166.138672 115.590172,166.572327 
	C116.065369,166.278870 116.540558,165.985428 117.779060,165.432724 
	C118.568443,165.299988 119.357834,165.167267 120.556656,164.770950 
	C120.805061,164.536362 120.942070,164.248718 121.021271,163.343002 
	C121.337593,162.892212 121.653915,162.441422 122.648857,161.715179 
	C124.723946,161.319000 126.799042,160.922821 129.607224,160.342865 
	C130.105881,160.389053 130.604553,160.435226 131.575378,160.820038 
	C132.683945,160.705170 133.792526,160.590302 135.588669,160.341629 
	C136.044189,160.412918 136.499710,160.484222 136.974106,161.263367 
	C137.601059,162.823654 135.707047,166.398087 140.754272,165.236908 
	C144.324432,166.053406 143.969986,164.188507 142.923599,161.552505 
	C142.810638,161.312653 142.632111,161.140961 142.006454,160.452484 
	C141.816864,160.027405 141.627258,159.602341 142.067520,158.900940 
	C141.356598,157.947113 140.645660,156.993286 140.005005,156.020996 
	C140.005005,156.020996 139.956406,156.075012 139.877014,155.642929 
M157.998901,146.809525 
	C158.201340,146.672867 158.403793,146.536209 158.960220,146.355469 
	C159.226807,146.407913 159.387894,146.567001 160.408096,146.918900 
	C163.244141,146.948456 166.080185,146.977997 169.092087,147.928375 
	C169.092087,153.567383 169.092087,159.206390 169.092087,165.390427 
	C176.568359,165.390427 183.698196,165.469910 190.821152,165.284912 
	C191.665039,165.263000 192.471313,163.793808 193.295029,162.995483 
	C193.004791,162.601471 192.714554,162.207443 192.424332,161.813431 
	C186.281219,161.813431 180.138092,161.813431 173.808914,161.469162 
	C173.647568,161.254074 173.440948,161.099472 173.049957,160.172836 
	C173.133698,158.777725 173.217438,157.382629 173.581314,155.886093 
	C173.764771,155.786392 173.891373,155.638123 174.873672,155.251862 
	C178.632904,155.177872 182.392120,155.103867 186.555511,154.766907 
	C186.524048,154.203217 186.492569,153.639542 186.150635,152.451920 
	C185.755646,152.218170 185.360641,151.984406 184.319641,151.269943 
	C180.619019,151.173996 176.918411,151.078049 173.051941,150.199631 
	C173.103775,149.138474 173.155609,148.077332 174.114822,147.011505 
	C179.400894,146.741776 184.686981,146.472061 190.671417,146.062820 
	C191.206451,145.697647 191.741486,145.332458 192.648453,144.623566 
	C192.453033,144.078857 192.257614,143.534149 191.138443,142.770554 
	C183.793259,142.860809 176.448074,142.951050 168.549225,143.014740 
	C168.364502,143.010422 168.179779,143.006088 167.082596,142.770096 
	C160.101730,142.753540 153.119675,142.667130 146.141068,142.784821 
	C144.883850,142.806030 143.640823,143.667358 142.391235,144.140823 
	C143.602692,144.832794 144.814148,145.524750 146.623398,146.697433 
	C148.730682,146.800613 150.837967,146.903793 153.129501,147.926804 
	C153.143402,152.534286 153.016113,157.149231 153.259689,161.744537 
	C153.330139,163.073441 154.465576,164.345871 155.277557,165.794968 
	C155.277557,165.794968 155.598877,165.833328 155.598877,165.833328 
	C155.598877,165.833328 155.879318,165.663773 156.528000,165.276505 
	C156.770889,164.841049 157.013779,164.405594 157.659882,163.572021 
	C157.526321,162.725052 157.392746,161.878082 157.122650,160.156921 
	C157.166367,158.096054 157.210068,156.035172 157.621552,153.663834 
	C157.499664,153.118240 157.377777,152.572632 157.121429,151.197647 
	C157.179291,149.802795 157.237152,148.407959 157.998901,146.809525 
M13.772571,161.459442 
	C13.582877,161.234161 13.346478,161.080917 12.882599,160.211945 
	C12.937941,159.140518 12.993281,158.069092 13.475101,156.752686 
	C13.660750,156.312866 13.846400,155.873047 14.931600,155.244705 
	C18.629580,155.165436 22.327560,155.086166 26.361078,154.871048 
	C26.436924,154.778748 26.595448,154.653046 26.574030,154.600037 
	C26.490129,154.392395 26.349430,154.207703 26.074278,153.334274 
	C25.706982,152.812927 25.339687,152.291565 24.328493,151.279816 
	C20.583904,151.183151 16.839315,151.086487 12.882402,150.210968 
	C12.950490,149.143890 13.018578,148.076828 13.999767,147.008789 
	C15.990912,147.007080 18.013752,147.230301 19.966370,146.955170 
	C23.628071,146.439224 27.530497,149.452423 31.684097,145.728683 
	C32.408630,143.555405 31.644699,142.691025 29.345333,142.717361 
	C22.721960,142.793228 16.097155,142.744141 9.221112,142.744141 
	C9.221112,150.415070 9.221112,157.657135 9.221112,165.342911 
	C16.412991,165.342911 23.370180,165.421570 30.321262,165.251205 
	C31.275208,165.227844 32.198799,163.966095 33.136440,163.277695 
	C32.889099,162.793533 32.641758,162.309387 32.394417,161.825241 
	C26.260918,161.825241 20.127420,161.825241 13.772571,161.459442 
M119.336571,37.030853 
	C114.099289,36.680264 108.862007,36.329674 102.861931,35.928020 
	C102.861931,43.120735 102.861931,49.493797 102.861931,56.296844 
	C90.561699,56.296844 78.980202,56.296844 67.271980,56.296844 
	C67.271980,61.016365 67.271980,65.260048 67.271980,70.143555 
	C79.255005,70.143555 90.961655,70.143555 102.706650,70.143555 
	C102.706650,77.696426 102.706650,84.600426 102.706650,92.144020 
	C90.661880,92.144020 78.959717,92.144020 67.344421,92.144020 
	C67.344421,97.037720 67.344421,101.279366 67.344421,106.166351 
	C79.399773,106.166351 91.099228,106.166351 103.321754,106.166351 
	C103.321754,113.061592 103.321754,119.306374 103.321754,126.116493 
	C108.846649,125.723907 113.823357,125.622276 118.728210,124.975662 
	C135.025101,122.827240 150.122589,117.736542 162.518341,106.350273 
	C178.575668,91.600601 178.699814,71.023354 162.863602,56.025707 
	C150.874191,44.671154 136.041626,39.783779 119.336571,37.030853 
M196.670135,144.960220 
	C196.916336,145.108978 197.162521,145.257721 197.408722,145.406479 
	C197.499374,145.151840 197.590042,144.897217 197.680695,144.642578 
	C197.314819,144.601120 196.948929,144.559662 196.670135,144.960220 
z"/>
<path fill="#06B0FC" opacity="1.000000" stroke="none" 
	d="
M119.778168,37.062660 
	C136.041626,39.783779 150.874191,44.671154 162.863602,56.025707 
	C178.699814,71.023354 178.575668,91.600601 162.518341,106.350273 
	C150.122589,117.736542 135.025101,122.827240 118.728210,124.975662 
	C113.823357,125.622276 108.846649,125.723907 103.321754,126.116493 
	C103.321754,119.306374 103.321754,113.061592 103.321754,106.166351 
	C91.099228,106.166351 79.399773,106.166351 67.344421,106.166351 
	C67.344421,101.279366 67.344421,97.037720 67.344421,92.144020 
	C78.959717,92.144020 90.661880,92.144020 102.706650,92.144020 
	C102.706650,84.600426 102.706650,77.696426 102.706650,70.143555 
	C90.961655,70.143555 79.255005,70.143555 67.271980,70.143555 
	C67.271980,65.260048 67.271980,61.016365 67.271980,56.296844 
	C78.980202,56.296844 90.561699,56.296844 102.861931,56.296844 
	C102.861931,49.493797 102.861931,43.120735 102.861931,35.928020 
	C108.862007,36.329674 114.099289,36.680264 119.778168,37.062660 
z"/>
<path fill="#31487C" opacity="1.000000" stroke="none" 
	d="
M38.930328,90.989548 
	C39.293465,91.742271 39.656601,92.494995 40.019150,93.936798 
	C41.009464,96.084953 42.000370,97.544014 42.991276,99.003082 
	C43.336620,99.371742 43.681965,99.740402 44.141068,100.656418 
	C44.560242,101.447853 44.865662,101.691925 45.171082,101.935989 
	C47.367241,104.043716 49.563396,106.151443 51.939865,108.901306 
	C53.060795,110.037338 54.001415,110.531227 54.942036,111.025124 
	C55.291706,111.022255 55.589066,111.145546 56.092003,111.891190 
	C56.728504,112.532806 57.107121,112.678230 57.485733,112.823654 
	C58.540974,113.377251 59.596210,113.930840 60.861053,115.015381 
	C61.710205,115.703903 62.349751,115.861496 62.989296,116.019081 
	C64.794075,116.783279 66.598854,117.547470 68.667923,118.883102 
	C68.179077,120.016312 67.425941,120.578087 66.672806,121.139854 
	C65.890160,121.000626 65.107513,120.861404 63.956852,120.177582 
	C61.201519,118.827705 58.814201,118.022438 56.426884,117.217178 
	C38.952560,109.813927 21.821775,92.423950 28.974291,71.185944 
	C32.594700,60.435844 40.901989,54.109909 49.929600,48.441032 
	C52.492142,46.831886 55.327065,45.656506 58.651939,44.089798 
	C59.829403,43.562260 60.391998,43.227116 60.954594,42.891975 
	C60.954594,42.891975 60.963593,42.983120 61.249641,42.981800 
	C62.368279,42.538807 63.200863,42.097134 64.033447,41.655460 
	C64.682045,41.397102 65.330635,41.138748 66.652374,40.939606 
	C67.217995,42.004585 67.110474,43.010342 67.002945,44.016106 
	C65.881927,44.650467 64.760902,45.284824 63.142921,45.733131 
	C62.107780,46.049625 61.569595,46.552166 61.031410,47.054707 
	C61.031410,47.054707 61.017033,46.993404 60.763222,47.011295 
	C59.995693,47.463402 59.481976,47.897617 58.968258,48.331833 
	C58.678669,48.574326 58.389084,48.816818 57.496796,49.161293 
	C56.619583,49.571163 56.345070,49.879044 56.070557,50.186928 
	C55.983833,50.529251 55.776062,50.764797 54.887352,50.971287 
	C53.934032,51.494801 53.540607,51.940605 53.147182,52.386410 
	C51.454006,53.956791 49.760830,55.527168 47.625862,56.999329 
	C47.014271,56.911674 46.844475,56.922245 46.674679,56.932816 
	C46.894535,57.068138 47.114391,57.203461 47.334251,57.338783 
	C46.789852,58.160278 46.245453,58.981770 45.072121,59.962669 
	C43.961739,61.080280 43.480293,62.038479 42.998848,62.996674 
	C42.998844,62.996674 43.000153,63.000000 42.628613,63.046997 
	C41.525860,64.771370 40.794643,66.448746 40.063431,68.126114 
	C39.803139,68.914284 39.542847,69.702454 38.810371,70.911835 
	C38.148209,72.882599 37.958225,74.432137 37.768242,75.981682 
	C37.755127,76.435921 37.742016,76.890160 37.255692,77.808167 
	C35.247158,82.891350 35.887695,87.143288 38.930328,90.989548 
z"/>
<path fill="#40527E" opacity="1.000000" stroke="none" 
	d="
M39.245766,149.014130 
	C39.200317,151.391556 39.154865,153.768982 39.097374,157.016998 
	C39.135448,159.915298 39.185566,161.943008 39.235680,163.970703 
	C38.998093,164.410721 38.760509,164.850754 38.012337,165.368530 
	C37.501747,165.446289 37.117603,165.655792 37.117603,165.655792 
	C36.561649,165.328491 35.515526,164.991669 35.521671,164.675293 
	C35.663349,157.382904 35.919479,150.092728 36.917953,142.757874 
	C38.442623,142.704849 39.203690,142.696136 39.964752,142.687408 
	C42.477352,145.349915 44.989956,148.012405 47.864532,151.058136 
	C48.409126,151.735611 48.672180,151.904861 49.015667,151.949127 
	C49.015667,151.949127 48.994858,151.996735 49.074825,152.239838 
	C49.434528,152.653992 49.714260,152.825043 49.993996,152.996109 
	C49.993996,152.996109 49.998779,153.001221 50.066650,153.254074 
	C50.417294,153.686005 50.700066,153.865082 50.982841,154.044159 
	C51.440056,154.638641 51.897270,155.233139 52.752277,156.260223 
	C54.010063,158.043549 54.870056,159.394302 55.730053,160.745056 
	C56.145222,160.398651 56.560390,160.052261 56.975559,159.705856 
	C56.975559,158.469711 56.975559,157.233551 56.975559,155.997391 
	C57.044769,152.598923 56.870335,149.167786 57.319008,145.820175 
	C57.470402,144.690613 59.201801,143.772827 60.641029,143.300842 
	C61.135880,145.550049 61.200813,147.256699 61.265743,148.963348 
	C61.222164,152.680603 61.178581,156.397873 61.119453,160.936798 
	C61.162540,162.493668 61.221176,163.228882 61.279812,163.964081 
	C59.178497,163.954605 56.935539,164.391785 55.023502,163.785446 
	C53.649097,163.349594 52.716434,161.520767 51.218800,159.912155 
	C50.571419,159.338333 50.291958,159.165695 50.012497,158.993073 
	C50.012493,158.993073 50.000458,158.999390 49.937920,158.740784 
	C49.594028,158.298203 49.312675,158.114197 49.031326,157.930191 
	C46.384266,154.986481 43.737206,152.042770 40.699322,148.684021 
	C39.993889,148.088531 39.679279,147.908096 39.364674,147.727646 
	C39.325039,148.156479 39.285404,148.585297 39.245766,149.014130 
z"/>
<path fill="#364975" opacity="1.000000" stroke="none" 
	d="
M173.207443,147.016174 
	C173.155609,148.077332 173.103775,149.138474 173.279633,150.984573 
	C177.326752,151.763229 181.146210,151.756943 184.965652,151.750656 
	C185.360641,151.984406 185.755646,152.218170 186.195847,153.077515 
	C186.211151,154.145370 186.181244,154.587616 186.151337,155.029861 
	C182.392120,155.103867 178.632904,155.177872 174.223892,155.271606 
	C173.258362,155.435135 173.167374,155.667191 173.301163,155.987518 
	C173.217438,157.382629 173.133698,158.777725 173.082550,160.845490 
	C173.408417,161.616577 173.701691,161.714996 173.994980,161.813431 
	C180.138092,161.813431 186.281219,161.813431 192.424332,161.813431 
	C192.714554,162.207443 193.004791,162.601471 193.295029,162.995483 
	C192.471313,163.793808 191.665039,165.263000 190.821152,165.284912 
	C183.698196,165.469910 176.568359,165.390427 169.092087,165.390427 
	C169.092087,159.206390 169.092087,153.567383 169.094559,147.079376 
	C169.098984,145.167343 169.100937,144.104324 169.102905,143.041290 
	C176.448074,142.951050 183.793259,142.860809 191.601227,143.213623 
	C192.134857,144.093552 192.205688,144.530426 192.276520,144.967285 
	C191.741486,145.332458 191.206451,145.697647 189.861969,146.058685 
	C183.770813,146.375107 178.489136,146.695648 173.207443,147.016174 
z"/>
<path fill="#364975" opacity="1.000000" stroke="none" 
	d="
M13.048622,156.997665 
	C12.993281,158.069092 12.937941,159.140518 12.949764,160.881516 
	C13.342594,161.642471 13.668259,161.733856 13.993923,161.825241 
	C20.127420,161.825241 26.260918,161.825241 32.394417,161.825241 
	C32.641758,162.309387 32.889099,162.793533 33.136440,163.277695 
	C32.198799,163.966095 31.275208,165.227844 30.321262,165.251205 
	C23.370180,165.421570 16.412991,165.342911 9.221112,165.342911 
	C9.221112,157.657135 9.221112,150.415070 9.221112,142.744141 
	C16.097155,142.744141 22.721960,142.793228 29.345333,142.717361 
	C31.644699,142.691025 32.408630,143.555405 30.869719,145.890015 
	C24.399115,146.370819 18.742891,146.690292 13.086665,147.009750 
	C13.018578,148.076828 12.950490,149.143890 13.165970,150.984985 
	C17.290487,151.762756 21.131439,151.766479 24.972391,151.770203 
	C25.339687,152.291565 25.706982,152.812927 26.072632,153.916656 
	C26.055836,154.668320 26.040688,154.837601 26.025541,155.006897 
	C22.327560,155.086166 18.629580,155.165436 14.184940,155.314087 
	C13.308395,155.921539 13.178509,156.459595 13.048622,156.997665 
z"/>
<path fill="#394B77" opacity="1.000000" stroke="none" 
	d="
M84.969406,165.599228 
	C79.248306,165.538773 73.527199,165.478317 67.099701,165.387894 
	C66.073936,165.499084 65.754562,165.640213 65.435181,165.781342 
	C65.017586,163.791290 64.301712,161.810471 64.239830,159.809433 
	C64.072258,154.390106 64.182396,148.962204 64.182396,143.244019 
	C71.970161,143.244019 79.437469,143.244019 87.066101,143.871735 
	C87.227425,144.499435 87.378197,144.965775 87.378197,144.965775 
	C87.315849,145.137787 87.253494,145.309814 86.626289,145.755981 
	C80.173439,146.030106 74.285431,146.030106 68.380112,146.030106 
	C68.380112,148.279907 68.380112,149.976135 68.380112,151.917709 
	C72.824539,151.917709 76.926094,151.917709 81.183640,152.254471 
	C81.461884,153.067719 81.584145,153.544220 81.706413,154.020706 
	C77.784058,154.440552 73.861702,154.860382 69.144348,155.492218 
	C68.571609,157.737839 68.793877,159.771469 69.016151,161.805084 
	C72.710442,162.190140 76.404732,162.575195 80.957260,162.977600 
	C83.213982,162.940262 84.612473,162.885559 86.010956,162.830856 
	C86.444244,162.878647 86.877541,162.926422 87.563927,163.341156 
	C86.867821,164.338501 85.918610,164.968857 84.969406,165.599228 
z"/>
<path fill="#3C4D7A" opacity="1.000000" stroke="none" 
	d="
M132.025940,142.613205 
	C133.603485,145.221100 135.181046,147.828995 136.972595,150.983841 
	C137.429352,151.759628 137.672089,151.988480 137.914825,152.217316 
	C137.914825,152.217316 137.955856,152.658859 138.090424,153.085327 
	C138.359863,153.841614 138.598434,154.056137 138.940659,154.155380 
	C138.940659,154.155380 138.995743,154.633682 139.146530,155.056152 
	C139.425385,155.778702 139.645081,155.977493 139.956406,156.075012 
	C139.956406,156.075012 140.005005,156.020996 139.983795,156.327515 
	C140.454285,157.481796 140.945969,158.329529 141.437653,159.177261 
	C141.627258,159.602341 141.816864,160.027405 142.211700,160.942261 
	C142.551788,161.677124 142.753418,161.839096 143.021835,161.917984 
	C143.969986,164.188507 144.324432,166.053406 140.304153,164.816406 
	C138.887772,163.115784 137.921509,161.835648 136.955231,160.555511 
	C136.499710,160.484222 136.044189,160.412918 134.873657,160.305283 
	C133.140152,160.339767 132.121689,160.410583 131.103210,160.481415 
	C130.604553,160.435226 130.105881,160.389053 128.850922,160.311691 
	C126.053169,160.850555 124.011703,161.420593 121.970245,161.990616 
	C121.653915,162.441422 121.337593,162.892212 120.780045,163.749054 
	C120.268402,164.385971 120.137863,164.679108 120.147217,165.034531 
	C119.357834,165.167267 118.568443,165.299988 117.157974,165.373093 
	C116.363342,165.207306 116.189789,165.101166 116.016243,164.995026 
	C116.016243,164.995026 116.058968,164.538696 116.245117,164.195984 
	C116.691483,163.633942 116.790184,163.357025 116.727371,163.022537 
	C118.778694,159.231033 120.830017,155.439529 123.114410,151.202347 
	C123.595253,150.575485 123.690582,150.334106 123.633461,150.032516 
	C123.736343,149.878571 123.839233,149.724609 124.167175,149.189194 
	C124.655708,148.609756 124.756371,148.348938 124.694214,148.025284 
	C125.621590,146.398956 126.548950,144.772629 128.128510,142.943390 
	C129.862442,142.698044 130.944199,142.655624 132.025940,142.613205 
M128.669830,156.965668 
	C130.857666,156.965668 133.045502,156.965668 135.899521,156.965668 
	C133.848511,153.028458 132.232224,149.925797 130.148422,145.925659 
	C128.043884,150.034027 126.403152,153.237000 124.577614,156.800720 
	C126.189468,156.884445 127.006050,156.926849 128.669830,156.965668 
z"/>
<path fill="#40527C" opacity="1.000000" stroke="none" 
	d="
M94.006317,151.998169 
	C92.672279,149.204041 91.338234,146.409912 89.802437,143.193207 
	C90.947006,143.016800 91.965721,142.859772 93.433212,142.939667 
	C94.204796,143.546982 94.527603,143.917389 94.850403,144.287781 
	C97.148415,148.668503 99.446419,153.049240 101.992271,158.016571 
	C102.793808,159.241043 103.347511,159.878891 103.901215,160.516739 
	C104.358131,159.757355 104.815048,158.997986 105.271957,158.238602 
	C105.271957,158.238602 105.196259,158.063339 105.439796,158.030365 
	C105.767868,157.660095 105.852402,157.322784 105.936935,156.985474 
	C106.271721,156.516510 106.606499,156.047546 107.159851,155.186172 
	C107.638359,154.600296 107.732216,154.345612 107.660004,154.029724 
	C109.335327,151.036758 110.831116,147.920334 112.766380,145.106110 
	C113.652351,143.817749 115.403084,143.124069 116.761635,142.160690 
	C117.104584,142.525375 117.447525,142.890045 117.790474,143.254730 
	C116.513725,145.800552 115.236969,148.346375 113.651505,151.390656 
	C113.234932,152.260742 113.127083,152.632370 113.019241,153.004013 
	C113.019241,153.004013 112.994377,153.005402 112.819199,153.115936 
	C112.396255,153.415131 112.300476,153.662598 112.356682,153.968903 
	C111.922264,154.726303 111.487854,155.483719 110.793198,156.677765 
	C110.246590,157.339890 110.148949,157.629074 110.240021,157.981979 
	C109.256783,159.674240 108.234627,161.345276 107.298607,163.063248 
	C105.490211,166.382385 103.316017,166.524261 100.485809,163.515076 
	C100.205978,163.127457 99.947906,162.989182 99.915962,162.692276 
	C99.630135,162.102859 99.376251,161.810349 99.076546,161.190399 
	C97.938446,158.910507 96.846169,156.958038 95.713692,154.708618 
	C95.117767,153.607178 94.562042,152.802673 94.006317,151.998169 
z"/>
<path fill="#3B4E7A" opacity="1.000000" stroke="none" 
	d="
M157.256653,163.970139 
	C157.013779,164.405594 156.770889,164.841049 156.014862,165.353683 
	C155.501709,165.430862 155.112778,165.644196 155.112778,165.644196 
	C154.465576,164.345871 153.330139,163.073441 153.259689,161.744537 
	C153.016113,157.149231 153.143402,152.534286 152.882477,147.089767 
	C150.432175,146.240723 148.228897,146.228729 146.025604,146.216736 
	C144.814148,145.524750 143.602692,144.832794 142.391235,144.140823 
	C143.640823,143.667358 144.883850,142.806030 146.141068,142.784821 
	C153.119675,142.667130 160.101730,142.753540 167.534348,143.314926 
	C167.202133,144.586533 166.525055,145.714798 165.612305,145.957748 
	C163.619598,146.488174 161.507065,146.568512 159.443497,146.832733 
	C159.387894,146.567001 159.226807,146.407913 158.567581,146.246796 
	C157.881622,146.429794 157.588318,146.721451 157.294998,147.013107 
	C157.237152,148.407959 157.179291,149.802795 157.109619,151.933594 
	C157.149811,153.104462 157.201797,153.539383 157.253784,153.974304 
	C157.210068,156.035172 157.166367,158.096054 157.109604,160.956802 
	C157.149933,162.494507 157.203293,163.232315 157.256653,163.970139 
z"/>
<path fill="#FEFDFE" opacity="1.000000" stroke="none" 
	d="
M93.611977,151.997986 
	C94.562042,152.802673 95.117767,153.607178 95.391045,154.777557 
	C94.739067,156.095627 94.369530,157.047806 94.000000,158.000000 
	C92.576782,158.307541 91.153572,158.615082 89.323410,158.640778 
	C88.277634,157.905960 87.638817,157.452988 87.000000,157.000000 
	C85.447250,156.011383 83.894501,155.022781 82.024078,154.027435 
	C81.584145,153.544220 81.461884,153.067719 81.181496,152.025055 
	C81.023369,151.458878 81.021637,151.000000 81.021637,151.000000 
	C85.434845,147.080551 89.192924,151.168625 93.611977,151.997986 
z"/>
<path fill="#FEFEFE" opacity="1.000000" stroke="none" 
	d="
M94.000084,158.417419 
	C94.369530,157.047806 94.739067,156.095627 95.431244,155.074493 
	C96.846169,156.958038 97.938446,158.910507 99.115509,161.485382 
	C99.449501,162.401596 99.698700,162.695389 99.947906,162.989182 
	C99.947906,162.989182 100.205978,163.127457 100.227066,163.272079 
	C100.034668,165.145660 99.821182,166.874634 99.534370,169.197479 
	C93.712715,167.339859 94.661797,162.653580 94.000084,158.417419 
z"/>
<path fill="#43547D" opacity="1.000000" stroke="none" 
	d="
M66.944977,121.407249 
	C67.425941,120.578087 68.179077,120.016312 68.937584,119.142189 
	C75.290329,120.826469 81.637695,122.823090 87.985062,124.819717 
	C87.877724,125.275246 87.770386,125.730782 87.663048,126.186317 
	C80.847755,124.682419 74.032455,123.178528 66.944977,121.407249 
z"/>
<path fill="#41527D" opacity="1.000000" stroke="none" 
	d="
M67.381752,43.995651 
	C67.110474,43.010342 67.217995,42.004585 67.010132,40.934654 
	C72.757286,39.613876 78.819817,38.357273 84.882347,37.100666 
	C84.943016,37.391674 85.003677,37.682678 85.064339,37.973682 
	C79.296410,39.974186 73.528488,41.974693 67.381752,43.995651 
z"/>
<path fill="#F1F5F9" opacity="1.000000" stroke="none" 
	d="
M80.557480,150.996628 
	C81.021637,151.000000 81.023369,151.458878 81.025513,151.688293 
	C76.926094,151.917709 72.824539,151.917709 68.380112,151.917709 
	C68.380112,149.976135 68.380112,148.279907 68.380112,146.030106 
	C74.285431,146.030106 80.173439,146.030106 86.529366,146.012756 
	C82.442535,146.331696 77.869957,146.524445 73.343338,147.087067 
	C71.884384,147.268417 70.546432,148.423309 69.153130,149.132828 
	C70.469048,149.752182 71.738220,150.731674 73.111397,150.909882 
	C75.403702,151.207382 77.762512,150.992462 80.557480,150.996628 
z"/>
<path fill="#FEFEFE" opacity="1.000000" stroke="none" 
	d="
M81.008423,161.003662 
	C78.530289,161.003662 76.052155,161.003662 73.574020,161.003662 
	C73.608261,160.351639 73.642502,159.699615 73.676743,159.047592 
	C76.749100,160.568970 79.994049,154.836807 82.655304,160.605743 
	C81.893364,161.002930 81.450890,161.003296 81.008423,161.003662 
z"/>
<path fill="#43547D" opacity="1.000000" stroke="none" 
	d="
M38.937973,90.571785 
	C35.887695,87.143288 35.247158,82.891350 37.112312,78.119919 
	C37.943298,82.029945 38.444458,86.091988 38.937973,90.571785 
z"/>
<path fill="#F1F5F9" opacity="1.000000" stroke="none" 
	d="
M13.543217,147.009277 
	C18.742891,146.690292 24.399115,146.370819 30.516991,146.121948 
	C27.530497,149.452423 23.628071,146.439224 19.966370,146.955170 
	C18.013752,147.230301 15.990912,147.007080 13.543217,147.009277 
z"/>
<path fill="#F3F8FE" opacity="1.000000" stroke="none" 
	d="
M173.661133,147.013855 
	C178.489136,146.695648 183.770813,146.375107 189.512787,146.128448 
	C184.686981,146.472061 179.400894,146.741776 173.661133,147.013855 
z"/>
<path fill="#F1F5F9" opacity="1.000000" stroke="none" 
	d="
M131.968491,142.295609 
	C130.944199,142.655624 129.862442,142.698044 128.376312,142.693985 
	C128.122879,141.575211 128.273834,140.502930 128.581253,138.319244 
	C130.113464,140.002838 131.012253,140.990417 131.968491,142.295609 
z"/>
<path fill="#F1F5F9" opacity="1.000000" stroke="none" 
	d="
M24.650442,151.525009 
	C21.131439,151.766479 17.290487,151.762756 13.272131,151.374420 
	C16.839315,151.086487 20.583904,151.183151 24.650442,151.525009 
z"/>
<path fill="#F1F5F9" opacity="1.000000" stroke="none" 
	d="
M159.925797,146.875824 
	C161.507065,146.568512 163.619598,146.488174 165.612305,145.957748 
	C166.525055,145.714798 167.202133,144.586533 167.990585,143.430756 
	C168.179779,143.006088 168.364502,143.010422 168.826065,143.028015 
	C169.100937,144.104324 169.098984,145.167343 169.006622,146.618958 
	C166.080185,146.977997 163.244141,146.948456 159.925797,146.875824 
z"/>
<path fill="#F3F8FE" opacity="1.000000" stroke="none" 
	d="
M184.642639,151.510300 
	C181.146210,151.756943 177.326752,151.763229 173.362549,151.375793 
	C176.918411,151.078049 180.619019,151.173996 184.642639,151.510300 
z"/>
<path fill="#F1F5F9" opacity="1.000000" stroke="none" 
	d="
M136.964661,160.909439 
	C137.921509,161.835648 138.887772,163.115784 139.921829,164.716827 
	C135.707047,166.398087 137.601059,162.823654 136.964661,160.909439 
z"/>
<path fill="#F1F5F9" opacity="1.000000" stroke="none" 
	d="
M81.005951,161.309738 
	C81.450890,161.003296 81.893364,161.002930 82.667763,161.001160 
	C83.958199,161.390579 84.916702,161.781433 85.943085,162.501556 
	C84.612473,162.885559 83.213982,162.940262 81.401749,162.917572 
	C80.993156,162.432068 80.998314,162.023941 81.005951,161.309738 
z"/>
<path fill="#43547D" opacity="1.000000" stroke="none" 
	d="
M56.672585,117.497704 
	C58.814201,118.022438 61.201519,118.827705 63.748642,119.961014 
	C61.578396,119.452103 59.248344,118.615166 56.672585,117.497704 
z"/>
<path fill="#F1F5F9" opacity="1.000000" stroke="none" 
	d="
M56.565964,155.999146 
	C56.975559,157.233551 56.975559,158.469711 56.975559,159.705856 
	C56.560390,160.052261 56.145222,160.398651 55.730053,160.745056 
	C54.870056,159.394302 54.010063,158.043549 53.014908,156.371750 
	C53.971954,156.034088 55.064163,156.017502 56.565964,155.999146 
z"/>
<path fill="#43547D" opacity="1.000000" stroke="none" 
	d="
M40.327274,67.926422 
	C40.794643,66.448746 41.525860,64.771370 42.627197,63.046680 
	C42.195255,64.575157 41.393188,66.150948 40.327274,67.926422 
z"/>
<path fill="#43547D" opacity="1.000000" stroke="none" 
	d="
M42.929916,98.672775 
	C42.000370,97.544014 41.009464,96.084953 40.040001,94.252365 
	C40.997147,95.366714 41.932850,96.854599 42.929916,98.672775 
z"/>
<path fill="#F1F5F9" opacity="1.000000" stroke="none" 
	d="
M85.069397,165.851624 
	C85.918610,164.968857 86.867821,164.338501 87.891556,163.361755 
	C89.172577,165.844116 89.097046,165.927521 85.069397,165.851624 
z"/>
<path fill="#F1F5F9" opacity="1.000000" stroke="none" 
	d="
M122.309547,161.852905 
	C124.011703,161.420593 126.053169,160.850555 128.484375,160.403580 
	C126.799042,160.922821 124.723946,161.319000 122.309547,161.852905 
z"/>
<path fill="#F1F5F9" opacity="1.000000" stroke="none" 
	d="
M146.324493,146.457092 
	C148.228897,146.228729 150.432175,146.240723 152.790359,146.629852 
	C150.837967,146.903793 148.730682,146.800613 146.324493,146.457092 
z"/>
<path fill="#F1F5F9" opacity="1.000000" stroke="none" 
	d="
M39.465244,163.686127 
	C39.185566,161.943008 39.135448,159.915298 39.162174,157.458984 
	C39.390945,159.154083 39.542877,161.277817 39.465244,163.686127 
z"/>
<path fill="#F1F5F9" opacity="1.000000" stroke="none" 
	d="
M141.752594,159.039093 
	C140.945969,158.329529 140.454285,157.481796 139.948669,156.336761 
	C140.645660,156.993286 141.356598,157.947113 141.752594,159.039093 
z"/>
<path fill="#43547D" opacity="1.000000" stroke="none" 
	d="
M37.890156,75.633911 
	C37.958225,74.432137 38.148209,72.882599 38.630867,71.173218 
	C38.619717,72.437645 38.315891,73.861893 37.890156,75.633911 
z"/>
<path fill="#F1F5F9" opacity="1.000000" stroke="none" 
	d="
M39.824158,142.428497 
	C39.203690,142.696136 38.442623,142.704849 37.321037,142.589874 
	C37.223686,141.779282 37.486858,141.092392 37.750027,140.405487 
	C38.394539,140.993530 39.039051,141.581558 39.824158,142.428497 
z"/>
<path fill="#F1F5F9" opacity="1.000000" stroke="none" 
	d="
M69.013641,161.408310 
	C68.793877,159.771469 68.571609,157.737839 68.696060,155.600876 
	C69.032227,157.335526 69.021675,159.173538 69.013641,161.408310 
z"/>
<path fill="#F1F5F9" opacity="1.000000" stroke="none" 
	d="
M104.889160,158.167053 
	C104.815048,158.997986 104.358131,159.757355 103.901215,160.516739 
	C103.347511,159.878891 102.793808,159.241043 102.209702,158.293625 
	C102.954979,158.021210 103.730667,158.058350 104.889160,158.167053 
z"/>
<path fill="#F1F5F9" opacity="1.000000" stroke="none" 
	d="
M61.489513,148.684189 
	C61.200813,147.256699 61.135880,145.550049 61.067581,143.415314 
	C61.280567,144.793167 61.496925,146.599091 61.489513,148.684189 
z"/>
<path fill="#43547D" opacity="1.000000" stroke="none" 
	d="
M43.261215,62.831024 
	C43.480293,62.038479 43.961739,61.080280 44.798866,60.094128 
	C44.610889,60.932575 44.067234,61.798977 43.261215,62.831024 
z"/>
<path fill="#F1F5F9" opacity="1.000000" stroke="none" 
	d="
M94.985741,143.971680 
	C94.527603,143.917389 94.204796,143.546982 93.781212,142.944122 
	C94.214859,142.338501 94.749298,141.965347 95.283730,141.592209 
	C95.229507,142.279999 95.175293,142.967804 94.985741,143.971680 
z"/>
<path fill="#43547D" opacity="1.000000" stroke="none" 
	d="
M54.789406,110.756935 
	C54.001415,110.531227 53.060795,110.037338 52.095375,109.190514 
	C52.925976,109.387970 53.781376,109.938362 54.789406,110.756935 
z"/>
<path fill="#F1F5F9" opacity="1.000000" stroke="none" 
	d="
M131.339294,160.650726 
	C132.121689,160.410583 133.140152,160.339767 134.529861,160.372192 
	C133.792526,160.590302 132.683945,160.705170 131.339294,160.650726 
z"/>
<path fill="#43547D" opacity="1.000000" stroke="none" 
	d="
M62.815582,115.779778 
	C62.349751,115.861496 61.710205,115.703903 61.043118,115.254532 
	C61.557674,115.155319 62.099773,115.347900 62.815582,115.779778 
z"/>
<path fill="#41527D" opacity="1.000000" stroke="none" 
	d="
M61.324814,47.038223 
	C61.569595,46.552166 62.107780,46.049625 62.820938,45.773560 
	C62.536682,46.340603 62.077450,46.681168 61.324814,47.038223 
z"/>
<path fill="#41527D" opacity="1.000000" stroke="none" 
	d="
M63.742851,41.671509 
	C63.200863,42.097134 62.368279,42.538807 61.217934,42.948761 
	C61.750866,42.507214 62.601562,42.097385 63.742851,41.671509 
z"/>
<path fill="#F1F5F9" opacity="1.000000" stroke="none" 
	d="
M115.803589,165.133179 
	C116.189789,165.101166 116.363342,165.207306 116.776321,165.502716 
	C116.540558,165.985428 116.065369,166.278870 115.590172,166.572327 
	C115.590424,166.138672 115.590675,165.705002 115.803589,165.133179 
z"/>
<path fill="#FEFEFE" opacity="1.000000" stroke="none" 
	d="
M87.041779,157.320526 
	C87.638817,157.452988 88.277634,157.905960 88.958229,158.679474 
	C88.361183,158.547028 87.722366,158.094055 87.041779,157.320526 
z"/>
<path fill="#41527D" opacity="1.000000" stroke="none" 
	d="
M59.219700,48.282547 
	C59.481976,47.897617 59.995693,47.463402 60.784645,47.034443 
	C60.530300,47.437553 60.000721,47.835407 59.219700,48.282547 
z"/>
<path fill="#F1F5F9" opacity="1.000000" stroke="none" 
	d="
M61.478180,163.764130 
	C61.221176,163.228882 61.162540,162.493668 61.184387,161.396225 
	C61.402100,161.877380 61.539326,162.720764 61.478180,163.764130 
z"/>
<path fill="#F1F5F9" opacity="1.000000" stroke="none" 
	d="
M196.626587,144.739212 
	C196.948929,144.559662 197.314819,144.601120 197.680695,144.642578 
	C197.590042,144.897217 197.499374,145.151840 197.408722,145.406479 
	C197.162521,145.257721 196.916336,145.108978 196.626587,144.739212 
z"/>
<path fill="#F1F5F9" opacity="1.000000" stroke="none" 
	d="
M157.458267,163.771088 
	C157.203293,163.232315 157.149933,162.494507 157.177856,161.393890 
	C157.392746,161.878082 157.526321,162.725052 157.458267,163.771088 
z"/>
<path fill="#F1F5F9" opacity="1.000000" stroke="none" 
	d="
M157.437668,153.819061 
	C157.201797,153.539383 157.149811,153.104462 157.176849,152.348297 
	C157.377777,152.572632 157.499664,153.118240 157.437668,153.819061 
z"/>
<path fill="#45577F" opacity="1.000000" stroke="none" 
	d="
M53.431496,52.294937 
	C53.540607,51.940605 53.934032,51.494801 54.648476,51.017059 
	C54.551594,51.391232 54.133701,51.797348 53.431496,52.294937 
z"/>
<path fill="#F1F5F9" opacity="1.000000" stroke="none" 
	d="
M192.462494,144.795425 
	C192.205688,144.530426 192.134857,144.093552 192.063110,143.323074 
	C192.257614,143.534149 192.453033,144.078857 192.462494,144.795425 
z"/>
<path fill="#F1F5F9" opacity="1.000000" stroke="none" 
	d="
M186.353424,154.898376 
	C186.181244,154.587616 186.211151,154.145370 186.351074,153.389496 
	C186.492569,153.639542 186.524048,154.203217 186.353424,154.898376 
z"/>
<path fill="#F1F5F9" opacity="1.000000" stroke="none" 
	d="
M39.576172,148.966812 
	C39.285404,148.585297 39.325039,148.156479 39.364674,147.727646 
	C39.679279,147.908096 39.993889,148.088531 40.431900,148.515533 
	C40.339058,148.814575 40.122818,148.867035 39.576172,148.966812 
z"/>
<path fill="#F1F5F9" opacity="1.000000" stroke="none" 
	d="
M13.261862,156.875183 
	C13.178509,156.459595 13.308395,155.921539 13.735166,155.408356 
	C13.846400,155.873047 13.660750,156.312866 13.261862,156.875183 
z"/>
<path fill="#41527D" opacity="1.000000" stroke="none" 
	d="
M60.616787,42.893509 
	C60.391998,43.227116 59.829403,43.562260 58.916672,43.863853 
	C59.137348,43.518555 59.708164,43.206799 60.616787,42.893509 
z"/>
<path fill="#F1F5F9" opacity="1.000000" stroke="none" 
	d="
M50.104935,159.217529 
	C50.291958,159.165695 50.571419,159.338333 50.910011,159.757782 
	C50.643585,159.910751 50.386330,159.723221 50.104935,159.217529 
z"/>
<path fill="#F1F5F9" opacity="1.000000" stroke="none" 
	d="
M155.195160,165.719574 
	C155.112778,165.644196 155.501709,165.430862 155.690521,165.547318 
	C155.879318,165.663773 155.598877,165.833328 155.598877,165.833328 
	C155.598877,165.833328 155.277557,165.794968 155.195160,165.719574 
z"/>
<path fill="#F1F5F9" opacity="1.000000" stroke="none" 
	d="
M13.883247,161.642334 
	C13.668259,161.733856 13.342594,161.642471 13.040152,161.275406 
	C13.346478,161.080917 13.582877,161.234161 13.883247,161.642334 
z"/>
<path fill="#F1F5F9" opacity="1.000000" stroke="none" 
	d="
M142.972717,161.735245 
	C142.753418,161.839096 142.551788,161.677124 142.402466,161.234741 
	C142.632111,161.140961 142.810638,161.312653 142.972717,161.735245 
z"/>
<path fill="#F1F5F9" opacity="1.000000" stroke="none" 
	d="
M173.901947,161.641296 
	C173.701691,161.714996 173.408417,161.616577 173.152100,161.261749 
	C173.440948,161.099472 173.647568,161.254074 173.901947,161.641296 
z"/>
<path fill="#F1F5F9" opacity="1.000000" stroke="none" 
	d="
M116.545593,163.149399 
	C116.790184,163.357025 116.691483,163.633942 116.231857,163.967209 
	C116.039497,163.770264 116.149956,163.501968 116.545593,163.149399 
z"/>
<path fill="#F1F5F9" opacity="1.000000" stroke="none" 
	d="
M120.351936,164.902740 
	C120.137863,164.679108 120.268402,164.385971 120.753258,164.031555 
	C120.942070,164.248718 120.805061,164.536362 120.351936,164.902740 
z"/>
<path fill="#F1F5F9" opacity="1.000000" stroke="none" 
	d="
M65.682205,165.833603 
	C65.754562,165.640213 66.073936,165.499084 66.633911,165.484222 
	C66.559418,165.702286 66.244324,165.794083 65.682205,165.833603 
z"/>
<path fill="#F1F5F9" opacity="1.000000" stroke="none" 
	d="
M37.199284,165.727966 
	C37.117603,165.655792 37.501747,165.446289 37.687164,165.562469 
	C37.872578,165.678665 37.595024,165.838379 37.595024,165.838379 
	C37.595024,165.838379 37.280964,165.800156 37.199284,165.727966 
z"/>
<path fill="#F1F5F9" opacity="1.000000" stroke="none" 
	d="
M49.900570,152.774200 
	C49.714260,152.825043 49.434528,152.653992 49.100311,152.234818 
	C49.365444,152.086624 49.619217,152.275162 49.900570,152.774200 
z"/>
<path fill="#45577F" opacity="1.000000" stroke="none" 
	d="
M56.373962,50.118263 
	C56.345070,49.879044 56.619583,49.571163 57.212143,49.224922 
	C57.245911,49.474243 56.961639,49.761917 56.373962,50.118263 
z"/>
<path fill="#43547D" opacity="1.000000" stroke="none" 
	d="
M45.090012,101.652580 
	C44.865662,101.691925 44.560242,101.447853 44.198349,100.906982 
	C44.430901,100.863174 44.719921,101.116173 45.090012,101.652580 
z"/>
<path fill="#43547D" opacity="1.000000" stroke="none" 
	d="
M57.329079,112.559410 
	C57.107121,112.678230 56.728504,112.532806 56.201488,112.112381 
	C56.426197,111.989967 56.799309,112.142570 57.329079,112.559410 
z"/>
<path fill="#F1F5F9" opacity="1.000000" stroke="none" 
	d="
M87.500305,144.875549 
	C87.378197,144.965775 87.227425,144.499435 87.310516,144.268921 
	C87.707863,144.224869 87.784134,144.473846 87.500305,144.875549 
z"/>
<path fill="#F1F5F9" opacity="1.000000" stroke="none" 
	d="
M157.646942,146.911316 
	C157.588318,146.721451 157.881622,146.429794 158.390594,146.268845 
	C158.403793,146.536209 158.201340,146.672867 157.646942,146.911316 
z"/>
<path fill="#F1F5F9" opacity="1.000000" stroke="none" 
	d="
M124.519867,148.143768 
	C124.756371,148.348938 124.655708,148.609756 124.199524,148.913330 
	C124.026176,148.724808 124.139076,148.472580 124.519867,148.143768 
z"/>
<path fill="#F1F5F9" opacity="1.000000" stroke="none" 
	d="
M123.470062,150.139359 
	C123.690582,150.334106 123.595253,150.575485 123.165863,150.850235 
	C123.007729,150.672455 123.115196,150.439911 123.470062,150.139359 
z"/>
<path fill="#F1F5F9" opacity="1.000000" stroke="none" 
	d="
M48.923595,151.737183 
	C48.672180,151.904861 48.409126,151.735611 48.166168,151.207886 
	C48.410133,151.075821 48.652031,151.259430 48.923595,151.737183 
z"/>
<path fill="#F1F5F9" opacity="1.000000" stroke="none" 
	d="
M137.878784,151.972168 
	C137.672089,151.988480 137.429352,151.759628 137.184784,151.272385 
	C137.497040,151.164520 137.716980,151.402206 137.878784,151.972168 
z"/>
<path fill="#F1F5F9" opacity="1.000000" stroke="none" 
	d="
M49.119949,158.166321 
	C49.312675,158.114197 49.594028,158.298203 49.941334,158.734848 
	C49.741051,158.792480 49.474815,158.597473 49.119949,158.166321 
z"/>
<path fill="#F1F5F9" opacity="1.000000" stroke="none" 
	d="
M113.254906,152.830322 
	C113.127083,152.632370 113.234932,152.260742 113.592285,151.727402 
	C113.724716,151.929337 113.607643,152.292984 113.254906,152.830322 
z"/>
<path fill="#F1F5F9" opacity="1.000000" stroke="none" 
	d="
M50.889526,153.812897 
	C50.700066,153.865082 50.417294,153.686005 50.068977,153.256561 
	C50.339977,153.098450 50.604237,153.290268 50.889526,153.812897 
z"/>
<path fill="#F1F5F9" opacity="1.000000" stroke="none" 
	d="
M112.522568,153.856979 
	C112.300476,153.662598 112.396255,153.415131 112.826660,153.126328 
	C112.989922,153.304886 112.882965,153.544525 112.522568,153.856979 
z"/>
<path fill="#F1F5F9" opacity="1.000000" stroke="none" 
	d="
M138.899460,153.922302 
	C138.598434,154.056137 138.359863,153.841614 138.221298,153.264313 
	C138.518341,153.157913 138.731888,153.382050 138.899460,153.922302 
z"/>
<path fill="#F1F5F9" opacity="1.000000" stroke="none" 
	d="
M26.193310,154.938965 
	C26.040688,154.837601 26.055836,154.668320 26.150410,154.256744 
	C26.349430,154.207703 26.490129,154.392395 26.574030,154.600037 
	C26.595448,154.653046 26.436924,154.778748 26.193310,154.938965 
z"/>
<path fill="#F1F5F9" opacity="1.000000" stroke="none" 
	d="
M107.491440,154.144302 
	C107.732216,154.345612 107.638359,154.600296 107.188583,154.893036 
	C107.017021,154.708160 107.125061,154.463684 107.491440,154.144302 
z"/>
<path fill="#F1F5F9" opacity="1.000000" stroke="none" 
	d="
M139.916718,155.858978 
	C139.645081,155.977493 139.425385,155.778702 139.288086,155.250854 
	C139.559280,155.151489 139.758667,155.358109 139.916718,155.858978 
z"/>
<path fill="#F1F5F9" opacity="1.000000" stroke="none" 
	d="
M173.441238,155.936798 
	C173.167374,155.667191 173.258362,155.435135 173.767609,155.366333 
	C173.891373,155.638123 173.764771,155.786392 173.441238,155.936798 
z"/>
<path fill="#F1F5F9" opacity="1.000000" stroke="none" 
	d="
M105.721443,157.133362 
	C105.852402,157.322784 105.767868,157.660095 105.449173,158.125366 
	C105.311989,157.929306 105.408966,157.605286 105.721443,157.133362 
z"/>
<path fill="#F1F5F9" opacity="1.000000" stroke="none" 
	d="
M110.426826,157.850662 
	C110.148949,157.629074 110.246590,157.339890 110.746643,157.003296 
	C110.950691,157.212311 110.835129,157.488022 110.426826,157.850662 
z"/>
<path fill="#45577F" opacity="1.000000" stroke="none" 
	d="
M47.330009,57.280243 
	C47.114391,57.203461 46.894535,57.068138 46.674679,56.932816 
	C46.844475,56.922245 47.014271,56.911674 47.313446,57.056969 
	C47.442829,57.212833 47.325771,57.221699 47.330009,57.280243 
z"/>
<path fill="#EBF2F8" opacity="1.000000" stroke="none" 
	d="
M128.246231,156.967468 
	C127.006050,156.926849 126.189468,156.884445 124.577614,156.800720 
	C126.403152,153.237000 128.043884,150.034027 130.148422,145.925659 
	C132.232224,149.925797 133.848511,153.028458 135.899521,156.965668 
	C133.045502,156.965668 130.857666,156.965668 128.246231,156.967468 
z"/>
<path fill="#FDFEFE" opacity="1.000000" stroke="none" 
	d="
M99.915955,162.692276 
	C99.698700,162.695389 99.449501,162.401596 99.161331,161.812820 
	C99.376251,161.810349 99.630135,162.102859 99.915955,162.692276 
z"/>
</svg>