<svg version="1.1" id="Layer_1" xmlns="http://www.w3.org/2000/svg" xmlns:xlink="http://www.w3.org/1999/xlink" x="0px" y="0px"
	 width="100%" viewBox="0 0 768 166" enable-background="new 0 0 768 166" xml:space="preserve">
<path fill="#000000" opacity="1.000000" stroke="none" 
	d="
M71.000000,167.000000 
	C47.700733,167.000000 24.401464,167.000000 1.051098,167.000000 
	C1.051098,111.781555 1.051098,56.563053 1.051098,1.000000 
	C22.019640,1.000000 43.041161,1.000000 64.823799,1.328943 
	C65.260399,2.031137 65.009438,2.574169 64.600052,2.751531 
	C60.222473,4.648080 61.513973,8.391011 62.866482,10.920156 
	C63.502827,12.110108 67.917595,12.711082 69.362946,11.728880 
	C72.092484,9.873996 73.603935,6.707773 70.159065,3.568932 
	C69.521660,2.988152 69.373802,1.870085 69.000000,1.000000 
	C71.370560,1.000000 73.741112,1.000000 76.855255,1.337995 
	C75.282043,4.611840 74.774666,7.761115 77.868988,10.233150 
	C80.615822,12.427582 84.286606,12.694654 85.942673,9.194459 
	C87.002144,6.955204 86.050201,3.764280 86.000000,1.000000 
	C313.666656,1.000000 541.333313,1.000000 769.000000,1.000000 
	C769.000000,14.745819 769.000000,28.404251 768.694214,42.821236 
	C767.914917,42.964390 767.446289,42.345100 766.966919,41.734264 
	C764.135010,38.126083 761.801575,33.921371 758.359863,31.041183 
	C751.780884,25.535494 743.187317,24.439857 735.159912,24.252922 
	C722.708069,23.962954 710.133362,24.666288 697.771362,26.223404 
	C688.633667,27.374376 680.583008,31.862125 677.801575,41.738708 
	C673.375793,57.454159 672.988586,73.395401 678.246033,88.896347 
	C679.695374,93.169502 683.884888,97.082397 687.754822,99.848755 
	C696.201111,105.886429 706.574402,105.169983 716.289001,105.815659 
	C724.637573,106.370552 733.148926,105.830025 741.485413,104.875389 
	C752.268066,103.640640 761.966064,100.017075 766.696655,88.856468 
	C767.035950,88.056015 768.212646,87.610512 769.000000,86.999985 
	C769.000000,113.651253 769.000000,140.302505 769.000000,167.000000 
	C543.645752,167.000000 318.291534,167.000000 92.149933,166.668701 
	C91.144958,164.868057 91.302902,163.145035 90.553154,162.035202 
	C90.171921,161.470886 87.371490,161.559586 87.038048,162.140884 
	C86.253304,163.508926 86.293541,165.350204 86.000000,167.000000 
	C83.299988,167.000000 80.599968,167.000000 77.449921,166.578674 
	C76.861809,163.871307 77.830734,160.876984 73.822533,161.010162 
	C70.179123,161.131195 71.157753,163.912857 71.003288,166.025848 
	C70.979675,166.348923 71.000000,166.675201 71.000000,167.000000 
M49.689251,119.633736 
	C49.402344,121.654709 49.115433,123.675690 48.816906,125.778503 
	C52.359413,126.130173 55.911144,126.900047 55.869987,122.513138 
	C55.826382,117.865311 52.157742,118.952156 49.214958,119.355362 
	C49.111374,119.369560 48.975021,119.144623 49.126770,118.343483 
	C50.961647,113.459305 47.611748,112.645912 44.257187,111.212578 
	C43.915508,109.394600 44.155701,106.925163 43.062424,105.948669 
	C42.044762,105.039688 39.246033,105.104431 37.905479,105.890350 
	C36.771122,106.555374 35.881599,110.116692 36.116753,110.251907 
	C38.241158,111.473465 40.637230,112.222549 42.670464,113.862511 
	C42.393108,115.823860 42.115753,117.785217 41.715797,120.613541 
	C44.747627,119.907280 46.859711,119.415268 49.689251,119.633736 
M445.000336,74.500000 
	C445.000336,84.263908 445.000336,94.027809 445.000336,103.712242 
	C449.647614,103.712242 453.720245,103.712242 458.178650,103.712242 
	C458.178650,94.020531 458.178650,84.610718 458.178650,75.000381 
	C470.883911,75.000381 483.192444,74.931755 495.497467,75.106827 
	C496.724243,75.124283 498.287659,76.367386 499.088013,77.478691 
	C504.838043,85.462593 510.409698,93.574699 516.102600,101.600273 
	C516.769958,102.541061 517.795776,103.835831 518.714783,103.886360 
	C523.090515,104.126991 527.486877,103.994057 532.831665,103.994057 
	C525.520020,93.196953 518.821167,83.304680 512.224976,73.564095 
	C518.349670,71.509125 524.591431,70.651093 527.957458,64.535751 
	C532.595764,56.108913 531.445007,47.223381 530.007080,38.357594 
	C529.756104,36.810703 528.684998,35.299206 527.706238,33.984711 
	C523.165283,27.886267 516.522217,26.128605 509.474304,26.063553 
	C489.816010,25.882101 470.154968,26.000544 450.494995,26.000584 
	C448.731262,26.000587 446.967499,26.000584 445.000305,26.000584 
	C445.000305,42.219723 445.000305,57.859859 445.000336,74.500000 
M330.000031,75.500000 
	C330.000031,84.930290 330.000031,94.360580 330.000031,103.718246 
	C357.310913,103.718246 384.047760,103.718246 410.713867,103.718246 
	C410.713867,100.023140 410.713867,96.616524 410.713867,92.828323 
	C388.026306,92.828323 365.622223,92.828323 343.286957,92.828323 
	C343.286957,85.021622 343.286957,77.616203 343.286957,69.825531 
	C363.645416,69.825531 383.719116,69.825531 403.711609,69.825531 
	C403.711609,65.684990 403.711609,61.944366 403.711609,57.821888 
	C383.354248,57.821888 363.282471,57.821888 343.290405,57.821888 
	C343.290405,50.682205 343.290405,43.942619 343.290405,36.819916 
	C364.985748,36.819916 386.392944,36.819916 407.709076,36.819916 
	C407.709076,33.013542 407.709076,29.606647 407.709076,26.288670 
	C381.682617,26.288670 355.948364,26.288670 330.000000,26.288670 
	C330.000000,42.551037 330.000000,58.525517 330.000031,75.500000 
M291.999756,62.590919 
	C292.436005,59.894707 291.547150,58.868095 288.580933,58.926785 
	C278.752960,59.121223 268.918762,59.000256 259.086945,59.000275 
	C250.815048,59.000294 242.543137,59.000278 234.260223,59.000278 
	C234.260223,51.411865 234.260223,44.340618 234.260223,36.877403 
	C255.258987,36.877403 276.000580,36.877403 296.737183,36.877403 
	C296.737183,33.069626 296.737183,29.664726 296.737183,26.263405 
	C271.404053,26.263405 246.334579,26.263405 221.262207,26.263405 
	C221.262207,52.264771 221.262207,78.001724 221.262207,103.734131 
	C225.602798,103.734131 229.675400,103.734131 234.137466,103.734131 
	C234.137466,92.397163 234.137466,81.320656 234.137466,69.860634 
	C253.609970,69.860634 272.685913,69.860634 291.999756,69.860634 
	C291.999756,67.493530 291.999756,65.519676 291.999756,62.590919 
M572.549683,62.036510 
	C572.735474,62.821743 572.783142,63.674202 573.127747,64.382111 
	C578.311951,75.032204 583.804565,85.542717 588.639954,96.347717 
	C591.208252,102.086777 594.379517,105.254982 601.087402,104.101845 
	C604.484009,103.517952 608.090149,103.732574 611.553406,104.074272 
	C615.098511,104.424042 616.600342,102.937126 618.114441,99.841347 
	C626.224365,83.259026 634.686035,66.849159 642.952454,50.342785 
	C646.959778,42.341015 650.805908,34.258587 654.828003,26.001167 
	C650.839844,26.001167 647.168701,25.796652 643.542664,26.111532 
	C642.264526,26.222523 640.580078,27.322922 639.964661,28.452816 
	C636.612976,34.606266 633.442078,40.863911 630.385376,47.171146 
	C623.140503,62.120300 615.994690,77.117493 608.930176,91.842529 
	C600.676453,92.149925 600.700317,92.139305 597.591553,85.146034 
	C595.907288,81.357285 594.161560,77.594788 592.381409,73.850014 
	C586.002747,60.432449 579.244080,47.179783 573.370728,33.545296 
	C570.909790,27.832493 568.122131,24.743946 561.679504,25.942556 
	C559.676392,26.315220 557.545349,26.000555 554.923767,26.000555 
	C560.797180,38.162064 566.418762,49.802170 572.549683,62.036510 
M414.344421,149.000122 
	C412.681793,148.995773 410.951691,149.283661 409.372345,148.918839 
	C406.982269,148.366760 404.368439,147.543961 405.034668,144.174149 
	C405.511658,141.761566 406.009247,137.527130 407.019226,137.365570 
	C411.139008,136.706482 417.544708,135.661392 419.233154,137.807404 
	C421.989410,141.310501 424.333862,138.962494 426.830017,140.172256 
	C427.350433,135.976990 426.691864,132.250458 422.977661,131.221268 
	C418.805054,130.065079 414.178711,129.754623 409.851532,130.160599 
	C405.078857,130.608353 399.360504,130.645157 398.025757,137.205231 
	C395.379883,150.209229 399.378784,155.001251 412.753937,154.999908 
	C413.419006,154.999847 414.084930,154.977020 414.748993,155.003082 
	C425.918610,155.441254 428.497650,150.308945 426.580017,141.193420 
	C420.878479,141.193420 415.135773,141.193420 409.353516,141.193420 
	C409.353516,142.893478 409.353516,144.393677 409.353516,146.500015 
	C413.135071,146.500015 416.552887,146.500015 421.328033,146.500015 
	C419.246857,147.775726 418.512939,148.385406 417.668976,148.695114 
	C416.920258,148.969849 416.049347,148.911392 414.344421,149.000122 
M283.039185,144.554916 
	C282.367065,143.455902 281.665070,142.373917 281.027496,141.255219 
	C274.996124,130.672318 273.734528,129.973114 263.231506,131.497635 
	C263.231506,139.227722 263.231506,146.966141 263.231506,154.775986 
	C265.535339,154.775986 267.603607,154.775986 270.056183,154.775986 
	C270.056183,149.527557 270.056183,144.487579 270.056183,139.447601 
	C274.094330,143.681946 277.184448,148.304047 280.403381,152.834610 
	C281.043793,153.735947 282.128174,154.810486 283.092834,154.901199 
	C285.990326,155.173691 288.929810,154.999344 291.708801,154.999344 
	C291.708801,146.629974 291.708801,138.887955 291.708801,131.294632 
	C289.342621,131.294632 287.273163,131.294632 284.998993,131.294632 
	C284.998993,135.727203 285.033600,139.869003 284.939301,144.007874 
	C284.930969,144.375031 284.082947,144.723068 283.039185,144.554916 
M329.370026,138.999985 
	C325.262329,138.999985 321.154633,138.999985 317.046936,138.999985 
	C317.047760,138.396408 317.048553,137.792816 317.049377,137.189240 
	C322.982208,137.189240 328.915070,137.189240 334.722687,137.189240 
	C334.722687,134.709656 334.722687,132.973251 334.722687,131.263535 
	C326.382843,131.263535 318.321716,131.263535 310.248474,131.263535 
	C310.248474,139.255859 310.248474,146.981781 310.248474,154.776733 
	C318.899811,154.776733 327.300873,154.776733 335.787170,154.776733 
	C335.787170,152.811401 335.787170,151.075638 335.787170,148.975647 
	C329.498596,148.975647 323.410034,148.975647 316.991943,148.975647 
	C317.137360,147.398102 317.245026,146.230194 317.386047,144.700287 
	C323.154327,144.700287 328.556763,144.700287 333.842285,144.700287 
	C333.842285,142.674438 333.842285,141.050568 333.842285,138.999954 
	C332.583069,138.999954 331.455597,138.999954 329.370026,138.999985 
M224.651581,130.999908 
	C223.055206,131.191986 220.882385,130.116043 220.953247,133.348328 
	C221.108826,140.445175 221.001465,147.547760 221.001465,154.805450 
	C229.498032,154.805450 237.563232,154.805450 245.813766,154.805450 
	C245.813766,152.875870 245.813766,151.140808 245.813766,149.031555 
	C239.574478,149.031555 233.486313,149.031555 227.022415,149.031555 
	C227.129089,147.462631 227.208481,146.295197 227.312103,144.771271 
	C233.090088,144.771271 238.507355,144.771271 244.075821,144.771271 
	C243.960312,142.636917 243.866104,140.896317 243.740952,138.584045 
	C237.930161,138.584045 232.483719,138.584045 227.037292,138.584045 
	C227.036957,138.134903 227.036621,137.685776 227.036301,137.236633 
	C232.958664,137.236633 238.881042,137.236633 244.746796,137.236633 
	C244.746796,134.747910 244.746796,133.011932 244.746796,130.999863 
	C238.206146,130.999863 231.914185,130.999863 224.651581,130.999908 
M381.000000,138.555542 
	C381.408966,134.861298 380.259918,131.433975 376.401001,131.159943 
	C369.022095,130.635941 361.579590,131.007706 354.279419,131.007706 
	C354.279419,139.363068 354.279419,147.109650 354.279419,155.046280 
	C356.315674,154.954636 358.062225,154.876038 359.854767,154.795364 
	C359.977051,152.020416 360.083496,149.604477 360.201843,146.918869 
	C364.443390,147.611511 369.444641,144.916168 371.613586,150.315231 
	C373.686188,155.474655 377.351349,155.631241 382.327820,154.531326 
	C380.588409,151.644043 378.934479,148.898666 377.280548,146.153275 
	C377.766449,146.224533 378.252350,146.295807 378.738281,146.367065 
	C379.492188,144.054047 380.246094,141.741028 381.000000,138.555542 
M458.994965,153.419617 
	C458.598938,149.123474 459.592926,145.585510 462.927185,142.347107 
	C466.114655,139.251282 468.416626,135.243790 471.147034,131.584442 
	C461.691742,127.961594 460.339111,137.349991 455.382416,140.740707 
	C446.433899,129.984879 446.433899,129.984879 440.098724,131.821548 
	C443.899536,139.739502 454.318878,144.045700 451.824890,155.419281 
	C454.814301,154.960770 456.876648,154.644455 458.994965,153.419617 
M120.678001,105.044922 
	C120.325317,107.402771 119.972633,109.760612 119.619957,112.118469 
	C121.507378,112.382027 124.639740,113.425423 125.053055,112.765594 
	C126.390327,110.630745 126.728889,107.870293 127.184105,106.284744 
	C128.700531,104.119705 130.354965,102.602325 130.793884,100.790474 
	C131.029022,99.819862 129.374802,97.602676 128.207138,97.282326 
	C126.771950,96.888588 123.815384,97.510696 123.534561,98.360565 
	C122.906281,100.261948 123.528404,102.576492 123.655998,105.003334 
	C123.447372,105.003334 122.481277,105.003334 120.678001,105.044922 
M146.631226,120.050690 
	C146.087570,121.863991 145.125931,123.668327 145.086792,125.492462 
	C145.003677,129.364639 148.964828,131.555557 152.487549,130.178009 
	C156.673157,128.541275 156.858551,125.264755 155.483749,122.145599 
	C153.970184,118.711655 150.730942,118.537178 146.631226,120.050690 
M18.000299,123.702240 
	C18.367395,119.158020 14.431634,119.152481 12.062131,119.241333 
	C9.040405,119.354637 6.892019,121.827515 7.032844,125.264709 
	C7.189732,129.093979 10.503552,130.734711 13.179395,130.678329 
	C15.925655,130.620468 19.115355,128.747299 18.000299,123.702240 
M138.204193,121.969360 
	C142.178101,120.905945 142.800644,117.851578 141.767105,114.679871 
	C140.648071,111.245750 137.158707,111.451736 134.610870,112.209679 
	C133.103821,112.658012 131.077591,115.231720 131.237701,116.625336 
	C131.595047,119.735886 133.288589,122.572395 138.204193,121.969360 
M31.966452,115.759460 
	C31.645863,115.194847 31.457006,114.323959 30.981525,114.119446 
	C29.078382,113.300835 26.964960,111.938370 25.163969,112.229362 
	C23.617643,112.479202 21.740238,114.504494 21.237331,116.125641 
	C20.863874,117.329514 22.103397,119.505112 23.240812,120.617867 
	C26.639309,123.942696 30.701170,121.986725 31.966452,115.759460 
M86.535080,20.021528 
	C85.690788,16.896156 83.163185,16.320612 80.756256,17.142601 
	C78.955528,17.757568 76.632446,19.437828 76.299866,21.014544 
	C75.978348,22.538818 77.486877,25.054190 78.929657,26.223454 
	C82.248550,28.913174 86.419937,25.930527 86.535080,20.021528 
M19.710926,141.997803 
	C20.374714,141.998627 21.046537,141.932571 21.700979,142.011185 
	C25.799488,142.503525 26.987413,139.750305 26.890642,136.640945 
	C26.781139,133.122482 24.188902,131.730408 20.855354,132.026016 
	C16.567602,132.406235 15.705893,136.802490 19.710926,141.997803 
M152.002213,113.299141 
	C154.788406,116.828949 159.448654,117.361031 160.848953,114.046806 
	C161.609253,112.247330 161.783371,109.185852 160.737625,107.914444 
	C159.625854,106.562775 156.101868,105.594315 154.825607,106.385437 
	C153.242554,107.366730 152.886185,110.326935 152.002213,113.299141 
M139.350052,110.031425 
	C142.242401,112.247307 144.306473,110.290520 145.889084,108.327469 
	C147.713760,106.064194 146.751816,103.574837 144.552261,102.247887 
	C143.107574,101.376335 139.720062,100.909248 139.419571,101.463356 
	C138.340652,103.452744 138.138016,105.942932 137.765396,108.269653 
	C137.684647,108.773880 138.273819,109.385391 139.350052,110.031425 
M65.301201,25.830769 
	C65.984741,26.236416 66.716888,27.048727 67.343002,26.973892 
	C69.495720,26.716604 73.033394,26.665131 73.425476,25.584986 
	C74.103439,23.717241 73.454491,20.583752 72.124794,19.063627 
	C71.319359,18.142845 67.721611,18.611797 66.249786,19.669258 
	C65.129524,20.474127 65.380890,23.188103 65.301201,25.830769 
M51.641640,7.002370 
	C48.477077,7.549314 46.643066,9.456793 47.091419,12.627297 
	C47.520756,15.663324 50.162441,16.729593 52.650055,15.838186 
	C54.377460,15.219192 56.894775,12.838839 56.680489,11.688524 
	C56.352070,9.925504 53.975712,8.543982 51.641640,7.002370 
M32.580635,130.999802 
	C35.767696,131.571640 38.613613,130.586441 38.716522,127.262779 
	C38.769398,125.554939 36.643787,122.963295 34.906494,122.274384 
	C33.513794,121.722130 30.229185,122.929436 29.550432,124.258141 
	C28.384327,126.540878 28.104918,129.698181 32.580635,130.999802 
M162.852036,92.324585 
	C161.875549,92.216385 160.889618,92.161568 159.924301,91.990356 
	C156.523178,91.387138 155.061920,94.039711 155.282303,96.208931 
	C155.457092,97.929337 157.766907,99.941422 159.606003,100.791840 
	C160.694717,101.295273 163.815308,100.091454 164.073959,99.130783 
	C164.576416,97.264534 163.706024,95.028671 162.852036,92.324585 
M31.759590,143.001709 
	C28.337854,143.520767 27.122772,146.160995 28.245808,148.680176 
	C28.965654,150.294907 31.805605,151.382858 33.870258,151.767792 
	C34.663303,151.915665 36.503391,149.605042 36.886623,148.155609 
	C37.763889,144.837708 36.193645,142.924698 31.759590,143.001709 
M148.034866,92.368652 
	C146.187317,91.642227 144.339752,90.915802 142.492203,90.189377 
	C141.828064,92.133133 140.362015,94.266441 140.762009,95.958672 
	C141.063843,97.235619 144.003479,98.996666 145.324966,98.681313 
	C147.665878,98.122696 149.981323,96.315857 148.034866,92.368652 
M47.000767,152.018906 
	C44.829163,152.401932 41.477303,150.634705 41.151737,154.469421 
	C41.001770,156.235809 41.907478,159.134430 43.159756,159.703476 
	C44.604172,160.359787 47.559288,159.612854 48.779724,158.394638 
	C50.654953,156.522842 50.422848,153.943253 47.000767,152.018906 
M41.494835,131.000244 
	C37.718437,130.888718 37.778893,133.645493 38.106533,136.046692 
	C38.426163,138.389175 40.239059,139.853714 42.582783,138.896103 
	C44.257492,138.211853 45.540009,136.567734 46.997528,135.351913 
	C45.446022,133.901291 43.894520,132.450653 41.494835,131.000244 
M162.212067,85.969322 
	C165.010651,84.486412 165.899231,81.974449 164.577896,79.378654 
	C163.959045,78.162926 161.386917,76.862556 160.273804,77.249802 
	C158.875229,77.736366 156.922745,80.288239 157.248138,81.279709 
	C157.848709,83.109634 159.934418,84.452141 162.212067,85.969322 
M59.948753,30.560371 
	C62.276726,28.622488 63.216988,26.060955 61.056446,23.838123 
	C59.996014,22.747122 57.342140,22.526451 55.689423,22.965654 
	C54.816494,23.197630 53.665054,26.323393 54.177673,27.035889 
	C55.376026,28.701509 57.503288,29.698809 59.948753,30.560371 
M34.439354,17.051022 
	C34.019913,20.979160 36.437943,23.898430 39.441368,22.748756 
	C40.851604,22.208937 42.290146,20.708626 42.840187,19.301327 
	C43.240604,18.276850 42.220455,15.551090 41.809372,15.546006 
	C39.552074,15.518089 37.287300,16.095181 34.439354,17.051022 
M83.140762,34.001266 
	C81.536491,34.001266 79.932228,34.001266 77.445442,34.001266 
	C78.106606,36.704960 78.093536,39.308704 79.369659,40.833511 
	C80.089043,41.693085 83.469856,41.470848 84.708458,40.514378 
	C87.374207,38.455814 85.901131,36.036854 83.140762,34.001266 
M48.442707,28.003189 
	C44.831478,27.694111 42.876492,29.324104 43.610874,32.930439 
	C43.852051,34.114792 45.539272,35.639160 46.743683,35.820084 
	C48.029621,36.013256 50.709431,34.813519 50.715302,34.202003 
	C50.734974,32.152813 49.832645,30.094769 48.442707,28.003189 
M141.003632,82.552055 
	C141.294403,85.745102 143.422668,86.708702 146.013077,85.861618 
	C147.252457,85.456345 148.943207,83.449440 148.778763,82.435707 
	C148.535385,80.935234 146.639252,78.441536 145.774292,78.570312 
	C144.064713,78.824837 142.579529,80.586426 141.003632,82.552055 
M24.542183,24.976936 
	C24.244432,26.701262 23.238060,28.775715 23.864437,30.043430 
	C24.403177,31.133783 27.317116,32.202541 28.260857,31.665180 
	C29.606464,30.898994 31.038898,28.484423 30.778393,27.081396 
	C30.269981,24.343197 27.964714,23.254957 24.542183,24.976936 
M72.405174,35.000305 
	C69.376091,34.742836 68.413673,36.667946 69.134277,38.988060 
	C69.612457,40.527664 71.300919,42.646645 72.560013,42.726147 
	C73.882111,42.809631 76.584610,40.606625 76.465096,39.693100 
	C76.245796,38.016762 74.397339,36.553551 72.405174,35.000305 
M63.611557,44.997696 
	C65.073608,43.793709 66.768570,42.762257 67.862503,41.285568 
	C68.212173,40.813553 67.031616,38.256107 66.443848,38.215733 
	C64.498207,38.082073 61.700863,37.961052 60.695255,39.113476 
	C58.617535,41.494541 60.540314,43.540600 63.611557,44.997696 
M157.579361,63.002758 
	C153.968918,63.544514 154.486038,66.554222 155.367371,68.297180 
	C155.940872,69.431351 158.699982,69.858200 160.464020,69.822212 
	C161.327103,69.804604 162.997955,67.282806 162.866547,67.130020 
	C161.555649,65.605835 159.944962,64.339493 157.579361,63.002758 
M56.447773,159.032455 
	C54.174965,160.912796 54.498146,163.072540 56.832909,164.081833 
	C58.417465,164.766815 60.828362,164.372650 62.476315,163.610489 
	C63.025909,163.356323 62.949509,160.008652 62.093464,158.892685 
	C61.008015,157.477631 58.893787,155.803314 56.447773,159.032455 
M126.580978,88.950386 
	C126.387886,90.797256 125.600655,92.891304 126.227150,94.397179 
	C126.596001,95.283745 129.208649,95.236801 130.812119,95.609718 
	C131.200211,93.762878 132.267365,91.680389 131.737061,90.152237 
	C131.384995,89.137695 128.747940,88.916077 126.580978,88.950386 
M51.629414,138.002960 
	C50.444248,139.988968 49.259083,141.974976 47.636124,144.694611 
	C51.559513,144.694611 53.748531,144.694611 56.106380,144.694611 
	C55.452663,141.902252 57.735832,137.932205 51.629414,138.002960 
M140.000427,70.486664 
	C139.720978,73.560081 142.073624,74.027351 144.052948,73.805817 
	C145.132477,73.684982 146.582092,71.994873 146.833328,70.796280 
	C147.059631,69.716675 146.083939,67.457809 145.279053,67.271523 
	C143.249817,66.801849 140.441544,66.001099 140.000427,70.486664 
M40.969593,37.818153 
	C39.380962,35.004768 37.161922,35.574924 35.189323,37.074688 
	C34.442009,37.642872 33.811264,39.731693 34.200478,40.166233 
	C35.286617,41.378857 36.934109,42.088688 38.359989,42.997009 
	C39.239193,41.548935 40.118397,40.100861 40.969593,37.818153 
M66.996460,145.468201 
	C65.485260,144.648468 64.042114,143.572052 62.427101,143.143799 
	C61.836380,142.987152 60.101154,144.455536 60.169003,145.031769 
	C60.343590,146.514496 60.834797,148.508987 61.914352,149.232910 
	C65.120338,151.382782 66.037735,148.583023 66.996460,145.468201 
M13.035976,40.296749 
	C14.652715,41.190514 16.209415,42.262779 17.931910,42.842117 
	C18.322056,42.973343 19.948584,41.303028 19.855780,40.617729 
	C19.641893,39.038326 18.721605,37.554577 18.087921,36.032021 
	C16.393677,37.188026 14.699431,38.344036 13.035976,40.296749 
M155.258942,55.964447 
	C155.671936,53.973331 156.213684,51.989864 156.333038,49.981293 
	C156.347763,49.733440 153.787735,48.755901 152.998840,49.183334 
	C152.018387,49.714550 150.869400,51.643402 151.172012,52.453770 
	C151.691544,53.845100 153.279388,54.837509 155.258942,55.964447 
M58.028263,130.522949 
	C60.473869,131.321640 62.992954,131.613098 62.842239,128.094742 
	C62.782452,126.698967 60.972439,124.220093 59.966648,124.223816 
	C55.663620,124.239738 57.026485,127.430473 58.028263,130.522949 
M58.997749,44.642853 
	C57.554974,43.787796 56.112202,42.932739 54.669430,42.077679 
	C54.113365,43.331207 52.941296,44.712273 53.167294,45.803894 
	C53.413769,46.994427 54.955959,47.916702 55.933319,48.955917 
	C56.955452,47.795670 57.977589,46.635422 58.997749,44.642853 
M128.583649,80.000084 
	C125.161270,79.515846 125.391403,82.499527 126.198982,83.650986 
	C127.219635,85.106270 129.552887,85.640953 131.319977,86.572731 
	C131.606567,86.110329 131.893173,85.647934 132.179779,85.185532 
	C130.836166,83.658150 134.286392,79.977837 128.583649,80.000084 
M141.165359,61.968769 
	C141.403442,60.152122 141.641541,58.335480 141.879639,56.518833 
	C140.323273,56.462326 138.617813,56.006264 137.270172,56.509132 
	C136.539474,56.781796 135.761047,59.344288 136.148026,59.731922 
	C137.221710,60.807407 138.894958,61.284321 141.165359,61.968769 
M32.528320,47.017147 
	C31.146889,46.429974 29.765457,45.842800 28.384027,45.255627 
	C27.927189,46.719006 26.964998,48.266060 27.188656,49.616756 
	C27.341368,50.539028 29.149439,51.187195 30.217403,51.957912 
	C31.132963,50.547855 32.048523,49.137798 32.528320,47.017147 
M76.158546,145.024734 
	C75.105888,146.248245 73.616135,147.334259 73.171120,148.748917 
	C72.920341,149.546158 74.373207,151.765198 75.090828,151.779968 
	C76.257874,151.804016 78.351250,150.635208 78.433403,149.808777 
	C78.574432,148.390106 77.466736,146.847290 76.158546,145.024734 
M66.776367,133.966339 
	C71.909561,134.439011 71.163818,131.282227 70.693512,128.113480 
	C64.634384,128.032928 64.101967,128.699997 66.776367,133.966339 
M46.666840,48.050262 
	C45.642097,50.413101 44.935627,52.959755 48.214787,53.805599 
	C49.203178,54.060547 51.599003,52.454830 51.832172,51.373993 
	C52.558369,48.007679 49.983898,47.864471 46.666840,48.050262 
M129.248367,71.036095 
	C127.839973,71.743797 126.185829,72.213173 125.149536,73.281738 
	C124.759293,73.684128 125.502502,76.130638 126.260880,76.475449 
	C127.335724,76.964134 129.905960,76.688332 130.067795,76.178078 
	C130.518295,74.757629 130.056335,73.047798 129.248367,71.036095 
M21.001781,59.354504 
	C22.110847,60.203285 23.170578,61.602203 24.346306,61.707645 
	C25.131517,61.778069 26.614115,60.097095 26.792519,59.033497 
	C26.939512,58.157143 25.304527,56.086300 25.018606,56.183872 
	C23.579054,56.675140 22.322926,57.703884 21.001781,59.354504 
M148.997742,38.636772 
	C147.878250,37.791443 146.758774,36.946114 145.639282,36.100788 
	C144.827805,37.256721 143.719116,38.325207 143.341476,39.608780 
	C143.174988,40.174732 144.805145,41.961159 145.085052,41.849804 
	C146.486435,41.292278 147.710678,40.289509 148.997742,38.636772 
M11.999546,52.496208 
	C10.724982,51.405483 9.450418,50.314762 8.175856,49.224037 
	C7.845194,49.629639 7.514533,50.035236 7.183871,50.440834 
	C7.183871,51.833977 7.183871,53.227116 7.183871,55.733070 
	C9.098168,54.805462 10.547204,54.103306 11.999546,52.496208 
z"/>
<path fill="#FFFFFF" opacity="1.000000" stroke="none" 
	d="
M769.000000,86.531326 
	C768.212646,87.610512 767.035950,88.056015 766.696655,88.856468 
	C761.966064,100.017075 752.268066,103.640640 741.485413,104.875389 
	C733.148926,105.830025 724.637573,106.370552 716.289001,105.815659 
	C706.574402,105.169983 696.201111,105.886429 687.754822,99.848755 
	C683.884888,97.082397 679.695374,93.169502 678.246033,88.896347 
	C672.988586,73.395401 673.375793,57.454159 677.801575,41.738708 
	C680.583008,31.862125 688.633667,27.374376 697.771362,26.223404 
	C710.133362,24.666288 722.708069,23.962954 735.159912,24.252922 
	C743.187317,24.439857 751.780884,25.535494 758.359863,31.041183 
	C761.801575,33.921371 764.135010,38.126083 766.966919,41.734264 
	C767.446289,42.345100 767.914917,42.964390 768.694214,43.289894 
	C769.000000,57.354229 769.000000,71.708458 769.000000,86.531326 
M713.827515,93.998276 
	C722.060425,93.665398 730.297302,93.408463 738.525024,92.976250 
	C745.443298,92.612839 754.827209,86.231888 755.535522,79.571526 
	C756.563721,69.902969 756.473938,59.964222 755.405945,50.301521 
	C755.001587,46.643517 751.236023,41.839977 747.799438,40.368538 
	C741.742249,37.775047 734.808289,36.635361 728.154114,36.189095 
	C720.807800,35.696411 713.314575,36.251320 705.974426,37.110931 
	C697.485840,38.105038 689.815002,43.594021 689.114624,50.576553 
	C688.312561,58.573872 687.796936,66.677750 688.150146,74.691544 
	C688.512878,82.919800 692.458313,89.316124 701.078430,91.554810 
	C704.963440,92.563766 708.951050,93.177261 713.827515,93.998276 
z"/>
<path fill="#FFFFFF" opacity="1.000000" stroke="none" 
	d="
M85.550018,1.000000 
	C86.050201,3.764280 87.002144,6.955204 85.942673,9.194459 
	C84.286606,12.694654 80.615822,12.427582 77.868988,10.233150 
	C74.774666,7.761115 75.282043,4.611840 77.299416,1.337995 
	C79.700012,1.000000 82.400032,1.000000 85.550018,1.000000 
z"/>
<path fill="#FFFFFF" opacity="1.000000" stroke="none" 
	d="
M68.600006,1.000000 
	C69.373802,1.870085 69.521660,2.988152 70.159065,3.568932 
	C73.603935,6.707773 72.092484,9.873996 69.362946,11.728880 
	C67.917595,12.711082 63.502827,12.110108 62.866482,10.920156 
	C61.513973,8.391011 60.222473,4.648080 64.600052,2.751531 
	C65.009438,2.574169 65.260399,2.031137 65.292458,1.328943 
	C66.066673,1.000000 67.133339,1.000000 68.600006,1.000000 
z"/>
<path fill="#FFFFFF" opacity="1.000000" stroke="none" 
	d="
M71.428467,167.000000 
	C71.000000,166.675201 70.979675,166.348923 71.003288,166.025848 
	C71.157753,163.912857 70.179123,161.131195 73.822533,161.010162 
	C77.830734,160.876984 76.861809,163.871307 76.999939,166.578674 
	C75.285645,167.000000 73.571281,167.000000 71.428467,167.000000 
z"/>
<path fill="#FFFFFF" opacity="1.000000" stroke="none" 
	d="
M86.428459,167.000000 
	C86.293541,165.350204 86.253304,163.508926 87.038048,162.140884 
	C87.371490,161.559586 90.171921,161.470886 90.553154,162.035202 
	C91.302902,163.145035 91.144958,164.868057 91.681274,166.668701 
	C90.285645,167.000000 88.571281,167.000000 86.428459,167.000000 
z"/>
<path fill="#FFFFFF" opacity="1.000000" stroke="none" 
	d="
M445.000305,74.000000 
	C445.000305,57.859859 445.000305,42.219723 445.000305,26.000584 
	C446.967499,26.000584 448.731262,26.000587 450.494995,26.000584 
	C470.154968,26.000544 489.816010,25.882101 509.474304,26.063553 
	C516.522217,26.128605 523.165283,27.886267 527.706238,33.984711 
	C528.684998,35.299206 529.756104,36.810703 530.007080,38.357594 
	C531.445007,47.223381 532.595764,56.108913 527.957458,64.535751 
	C524.591431,70.651093 518.349670,71.509125 512.224976,73.564095 
	C518.821167,83.304680 525.520020,93.196953 532.831665,103.994057 
	C527.486877,103.994057 523.090515,104.126991 518.714783,103.886360 
	C517.795776,103.835831 516.769958,102.541061 516.102600,101.600273 
	C510.409698,93.574699 504.838043,85.462593 499.088013,77.478691 
	C498.287659,76.367386 496.724243,75.124283 495.497467,75.106827 
	C483.192444,74.931755 470.883911,75.000381 458.178650,75.000381 
	C458.178650,84.610718 458.178650,94.020531 458.178650,103.712242 
	C453.720245,103.712242 449.647614,103.712242 445.000336,103.712242 
	C445.000336,94.027809 445.000336,84.263908 445.000305,74.000000 
M500.336853,37.000404 
	C486.274841,37.000404 472.212830,37.000404 458.303040,37.000404 
	C458.303040,46.031719 458.303040,54.427273 458.303040,63.000233 
	C472.726074,63.000233 486.848480,63.120815 500.965942,62.910721 
	C504.265472,62.861614 507.644257,61.989883 510.817688,60.970829 
	C516.439575,59.165539 518.106628,55.627926 518.048523,48.103603 
	C518.007019,42.726437 515.083252,39.681080 510.431213,38.256886 
	C507.528046,37.368095 504.346588,37.388203 500.336853,37.000404 
z"/>
<path fill="#FFFFFF" opacity="1.000000" stroke="none" 
	d="
M330.000000,75.000000 
	C330.000000,58.525517 330.000000,42.551037 330.000000,26.288670 
	C355.948364,26.288670 381.682617,26.288670 407.709076,26.288670 
	C407.709076,29.606647 407.709076,33.013542 407.709076,36.819916 
	C386.392944,36.819916 364.985748,36.819916 343.290405,36.819916 
	C343.290405,43.942619 343.290405,50.682205 343.290405,57.821888 
	C363.282471,57.821888 383.354248,57.821888 403.711609,57.821888 
	C403.711609,61.944366 403.711609,65.684990 403.711609,69.825531 
	C383.719116,69.825531 363.645416,69.825531 343.286957,69.825531 
	C343.286957,77.616203 343.286957,85.021622 343.286957,92.828323 
	C365.622223,92.828323 388.026306,92.828323 410.713867,92.828323 
	C410.713867,96.616524 410.713867,100.023140 410.713867,103.718246 
	C384.047760,103.718246 357.310913,103.718246 330.000031,103.718246 
	C330.000031,94.360580 330.000031,84.930290 330.000000,75.000000 
z"/>
<path fill="#FFFFFF" opacity="1.000000" stroke="none" 
	d="
M291.999756,63.068367 
	C291.999756,65.519676 291.999756,67.493530 291.999756,69.860634 
	C272.685913,69.860634 253.609970,69.860634 234.137466,69.860634 
	C234.137466,81.320656 234.137466,92.397163 234.137466,103.734131 
	C229.675400,103.734131 225.602798,103.734131 221.262207,103.734131 
	C221.262207,78.001724 221.262207,52.264771 221.262207,26.263405 
	C246.334579,26.263405 271.404053,26.263405 296.737183,26.263405 
	C296.737183,29.664726 296.737183,33.069626 296.737183,36.877403 
	C276.000580,36.877403 255.258987,36.877403 234.260223,36.877403 
	C234.260223,44.340618 234.260223,51.411865 234.260223,59.000278 
	C242.543137,59.000278 250.815048,59.000294 259.086945,59.000275 
	C268.918762,59.000256 278.752960,59.121223 288.580933,58.926785 
	C291.547150,58.868095 292.436005,59.894707 291.999756,63.068367 
z"/>
<path fill="#FFFFFF" opacity="1.000000" stroke="none" 
	d="
M572.295044,61.739391 
	C566.418762,49.802170 560.797180,38.162064 554.923767,26.000555 
	C557.545349,26.000555 559.676392,26.315220 561.679504,25.942556 
	C568.122131,24.743946 570.909790,27.832493 573.370728,33.545296 
	C579.244080,47.179783 586.002747,60.432449 592.381409,73.850014 
	C594.161560,77.594788 595.907288,81.357285 597.591553,85.146034 
	C600.700317,92.139305 600.676453,92.149925 608.930176,91.842529 
	C615.994690,77.117493 623.140503,62.120300 630.385376,47.171146 
	C633.442078,40.863911 636.612976,34.606266 639.964661,28.452816 
	C640.580078,27.322922 642.264526,26.222523 643.542664,26.111532 
	C647.168701,25.796652 650.839844,26.001167 654.828003,26.001167 
	C650.805908,34.258587 646.959778,42.341015 642.952454,50.342785 
	C634.686035,66.849159 626.224365,83.259026 618.114441,99.841347 
	C616.600342,102.937126 615.098511,104.424042 611.553406,104.074272 
	C608.090149,103.732574 604.484009,103.517952 601.087402,104.101845 
	C594.379517,105.254982 591.208252,102.086777 588.639954,96.347717 
	C583.804565,85.542717 578.311951,75.032204 573.127747,64.382111 
	C572.783142,63.674202 572.735474,62.821743 572.295044,61.739391 
z"/>
<path fill="#FFFFFF" opacity="1.000000" stroke="none" 
	d="
M414.788391,149.000061 
	C416.049347,148.911392 416.920258,148.969849 417.668976,148.695114 
	C418.512939,148.385406 419.246857,147.775726 421.328033,146.500015 
	C416.552887,146.500015 413.135071,146.500015 409.353516,146.500015 
	C409.353516,144.393677 409.353516,142.893478 409.353516,141.193420 
	C415.135773,141.193420 420.878479,141.193420 426.580017,141.193420 
	C428.497650,150.308945 425.918610,155.441254 414.748993,155.003082 
	C414.084930,154.977020 413.419006,154.999847 412.753937,154.999908 
	C399.378784,155.001251 395.379883,150.209229 398.025757,137.205231 
	C399.360504,130.645157 405.078857,130.608353 409.851532,130.160599 
	C414.178711,129.754623 418.805054,130.065079 422.977661,131.221268 
	C426.691864,132.250458 427.350433,135.976990 426.830017,140.172256 
	C424.333862,138.962494 421.989410,141.310501 419.233154,137.807404 
	C417.544708,135.661392 411.139008,136.706482 407.019226,137.365570 
	C406.009247,137.527130 405.511658,141.761566 405.034668,144.174149 
	C404.368439,147.543961 406.982269,148.366760 409.372345,148.918839 
	C410.951691,149.283661 412.681793,148.995773 414.788391,149.000061 
z"/>
<path fill="#FFFFFF" opacity="1.000000" stroke="none" 
	d="
M283.332031,144.817444 
	C284.082947,144.723068 284.930969,144.375031 284.939301,144.007874 
	C285.033600,139.869003 284.998993,135.727203 284.998993,131.294632 
	C287.273163,131.294632 289.342621,131.294632 291.708801,131.294632 
	C291.708801,138.887955 291.708801,146.629974 291.708801,154.999344 
	C288.929810,154.999344 285.990326,155.173691 283.092834,154.901199 
	C282.128174,154.810486 281.043793,153.735947 280.403381,152.834610 
	C277.184448,148.304047 274.094330,143.681946 270.056183,139.447601 
	C270.056183,144.487579 270.056183,149.527557 270.056183,154.775986 
	C267.603607,154.775986 265.535339,154.775986 263.231506,154.775986 
	C263.231506,146.966141 263.231506,139.227722 263.231506,131.497635 
	C273.734528,129.973114 274.996124,130.672318 281.027496,141.255219 
	C281.665070,142.373917 282.367065,143.455902 283.332031,144.817444 
z"/>
<path fill="#FFFFFF" opacity="1.000000" stroke="none" 
	d="
M329.849060,138.999969 
	C331.455597,138.999954 332.583069,138.999954 333.842285,138.999954 
	C333.842285,141.050568 333.842285,142.674438 333.842285,144.700287 
	C328.556763,144.700287 323.154327,144.700287 317.386047,144.700287 
	C317.245026,146.230194 317.137360,147.398102 316.991943,148.975647 
	C323.410034,148.975647 329.498596,148.975647 335.787170,148.975647 
	C335.787170,151.075638 335.787170,152.811401 335.787170,154.776733 
	C327.300873,154.776733 318.899811,154.776733 310.248474,154.776733 
	C310.248474,146.981781 310.248474,139.255859 310.248474,131.263535 
	C318.321716,131.263535 326.382843,131.263535 334.722687,131.263535 
	C334.722687,132.973251 334.722687,134.709656 334.722687,137.189240 
	C328.915070,137.189240 322.982208,137.189240 317.049377,137.189240 
	C317.048553,137.792816 317.047760,138.396408 317.046936,138.999985 
	C321.154633,138.999985 325.262329,138.999985 329.849060,138.999969 
z"/>
<path fill="#FFFFFF" opacity="1.000000" stroke="none" 
	d="
M225.136902,130.999878 
	C231.914185,130.999863 238.206146,130.999863 244.746796,130.999863 
	C244.746796,133.011932 244.746796,134.747910 244.746796,137.236633 
	C238.881042,137.236633 232.958664,137.236633 227.036301,137.236633 
	C227.036621,137.685776 227.036957,138.134903 227.037292,138.584045 
	C232.483719,138.584045 237.930161,138.584045 243.740952,138.584045 
	C243.866104,140.896317 243.960312,142.636917 244.075821,144.771271 
	C238.507355,144.771271 233.090088,144.771271 227.312103,144.771271 
	C227.208481,146.295197 227.129089,147.462631 227.022415,149.031555 
	C233.486313,149.031555 239.574478,149.031555 245.813766,149.031555 
	C245.813766,151.140808 245.813766,152.875870 245.813766,154.805450 
	C237.563232,154.805450 229.498032,154.805450 221.001465,154.805450 
	C221.001465,147.547760 221.108826,140.445175 220.953247,133.348328 
	C220.882385,130.116043 223.055206,131.191986 225.136902,130.999878 
z"/>
<path fill="#FFFFFF" opacity="1.000000" stroke="none" 
	d="
M381.000000,138.991776 
	C380.246094,141.741028 379.492188,144.054047 378.738281,146.367065 
	C378.252350,146.295807 377.766449,146.224533 377.280548,146.153275 
	C378.934479,148.898666 380.588409,151.644043 382.327820,154.531326 
	C377.351349,155.631241 373.686188,155.474655 371.613586,150.315231 
	C369.444641,144.916168 364.443390,147.611511 360.201843,146.918869 
	C360.083496,149.604477 359.977051,152.020416 359.854767,154.795364 
	C358.062225,154.876038 356.315674,154.954636 354.279419,155.046280 
	C354.279419,147.109650 354.279419,139.363068 354.279419,131.007706 
	C361.579590,131.007706 369.022095,130.635941 376.401001,131.159943 
	C380.259918,131.433975 381.408966,134.861298 381.000000,138.991776 
M360.004547,140.425919 
	C363.422455,143.332047 371.379120,142.528885 374.932617,138.919052 
	C372.847626,137.093536 362.238556,136.054001 360.201630,137.599045 
	C359.855560,137.861557 360.053864,138.841766 360.004547,140.425919 
z"/>
<path fill="#FFFFFF" opacity="1.000000" stroke="none" 
	d="
M458.966980,153.873871 
	C456.876648,154.644455 454.814301,154.960770 451.824890,155.419281 
	C454.318878,144.045700 443.899536,139.739502 440.098755,131.821533 
	C446.433899,129.984879 446.433899,129.984879 455.382416,140.740707 
	C460.339111,137.349991 461.691742,127.961594 471.147034,131.584442 
	C468.416626,135.243790 466.114655,139.251282 462.927185,142.347107 
	C459.592926,145.585510 458.598938,149.123474 458.966980,153.873871 
z"/>
<path fill="#FFFFFF" opacity="1.000000" stroke="none" 
	d="
M121.096588,105.024124 
	C122.481277,105.003334 123.447372,105.003334 123.655998,105.003334 
	C123.528404,102.576492 122.906281,100.261948 123.534561,98.360565 
	C123.815384,97.510696 126.771950,96.888588 128.207138,97.282326 
	C129.374802,97.602676 131.029022,99.819862 130.793884,100.790474 
	C130.354965,102.602325 128.700531,104.119705 127.184105,106.284744 
	C126.728889,107.870293 126.390327,110.630745 125.053055,112.765594 
	C124.639740,113.425423 121.507378,112.382027 119.619949,112.118469 
	C119.972633,109.760612 120.325317,107.402771 121.096588,105.024124 
z"/>
<path fill="#FFFFFF" opacity="1.000000" stroke="none" 
	d="
M147.045822,120.026100 
	C150.730942,118.537178 153.970184,118.711655 155.483749,122.145599 
	C156.858551,125.264755 156.673157,128.541275 152.487549,130.178009 
	C148.964828,131.555557 145.003677,129.364639 145.086792,125.492462 
	C145.125931,123.668327 146.087570,121.863991 147.045822,120.026100 
z"/>
<path fill="#FFFFFF" opacity="1.000000" stroke="none" 
	d="
M18.000324,124.134949 
	C19.115355,128.747299 15.925655,130.620468 13.179395,130.678329 
	C10.503552,130.734711 7.189732,129.093979 7.032844,125.264709 
	C6.892019,121.827515 9.040405,119.354637 12.062131,119.241333 
	C14.431634,119.152481 18.367395,119.158020 18.000324,124.134949 
z"/>
<path fill="#FFFFFF" opacity="1.000000" stroke="none" 
	d="
M137.797211,121.983383 
	C133.288589,122.572395 131.595047,119.735886 131.237701,116.625336 
	C131.077591,115.231720 133.103821,112.658012 134.610870,112.209679 
	C137.158707,111.451736 140.648071,111.245750 141.767105,114.679871 
	C142.800644,117.851578 142.178101,120.905945 137.797211,121.983383 
z"/>
<path fill="#FFFFFF" opacity="1.000000" stroke="none" 
	d="
M31.981606,116.170013 
	C30.701170,121.986725 26.639309,123.942696 23.240812,120.617867 
	C22.103397,119.505112 20.863874,117.329514 21.237331,116.125641 
	C21.740238,114.504494 23.617643,112.479202 25.163969,112.229362 
	C26.964960,111.938370 29.078382,113.300835 30.981525,114.119446 
	C31.457006,114.323959 31.645863,115.194847 31.981606,116.170013 
z"/>
<path fill="#FFFFFF" opacity="1.000000" stroke="none" 
	d="
M86.749733,20.368023 
	C86.419937,25.930527 82.248550,28.913174 78.929657,26.223454 
	C77.486877,25.054190 75.978348,22.538818 76.299866,21.014544 
	C76.632446,19.437828 78.955528,17.757568 80.756256,17.142601 
	C83.163185,16.320612 85.690788,16.896156 86.749733,20.368023 
z"/>
<path fill="#FFFFFF" opacity="1.000000" stroke="none" 
	d="
M19.280308,141.982315 
	C15.705893,136.802490 16.567602,132.406235 20.855354,132.026016 
	C24.188902,131.730408 26.781139,133.122482 26.890642,136.640945 
	C26.987413,139.750305 25.799488,142.503525 21.700979,142.011185 
	C21.046537,141.932571 20.374714,141.998627 19.280308,141.982315 
z"/>
<path fill="#FFFFFF" opacity="1.000000" stroke="none" 
	d="
M152.001068,112.865738 
	C152.886185,110.326935 153.242554,107.366730 154.825607,106.385437 
	C156.101868,105.594315 159.625854,106.562775 160.737625,107.914444 
	C161.783371,109.185852 161.609253,112.247330 160.848953,114.046806 
	C159.448654,117.361031 154.788406,116.828949 152.001068,112.865738 
z"/>
<path fill="#FFFFFF" opacity="1.000000" stroke="none" 
	d="
M138.952240,109.989456 
	C138.273819,109.385391 137.684647,108.773880 137.765396,108.269653 
	C138.138016,105.942932 138.340652,103.452744 139.419571,101.463356 
	C139.720062,100.909248 143.107574,101.376335 144.552261,102.247887 
	C146.751816,103.574837 147.713760,106.064194 145.889084,108.327469 
	C144.306473,110.290520 142.242401,112.247307 138.952240,109.989456 
z"/>
<path fill="#FFFFFF" opacity="1.000000" stroke="none" 
	d="
M65.161606,25.441734 
	C65.380890,23.188103 65.129524,20.474127 66.249786,19.669258 
	C67.721611,18.611797 71.319359,18.142845 72.124794,19.063627 
	C73.454491,20.583752 74.103439,23.717241 73.425476,25.584986 
	C73.033394,26.665131 69.495720,26.716604 67.343002,26.973892 
	C66.716888,27.048727 65.984741,26.236416 65.161606,25.441734 
z"/>
<path fill="#FFFFFF" opacity="1.000000" stroke="none" 
	d="
M52.055092,7.001457 
	C53.975712,8.543982 56.352070,9.925504 56.680489,11.688524 
	C56.894775,12.838839 54.377460,15.219192 52.650055,15.838186 
	C50.162441,16.729593 47.520756,15.663324 47.091419,12.627297 
	C46.643066,9.456793 48.477077,7.549314 52.055092,7.001457 
z"/>
<path fill="#FFFFFF" opacity="1.000000" stroke="none" 
	d="
M32.151443,130.998764 
	C28.104918,129.698181 28.384327,126.540878 29.550432,124.258141 
	C30.229185,122.929436 33.513794,121.722130 34.906494,122.274384 
	C36.643787,122.963295 38.769398,125.554939 38.716522,127.262779 
	C38.613613,130.586441 35.767696,131.571640 32.151443,130.998764 
z"/>
<path fill="#FFFFFF" opacity="1.000000" stroke="none" 
	d="
M163.128204,92.635254 
	C163.706024,95.028671 164.576416,97.264534 164.073959,99.130783 
	C163.815308,100.091454 160.694717,101.295273 159.606003,100.791840 
	C157.766907,99.941422 155.457092,97.929337 155.282303,96.208931 
	C155.061920,94.039711 156.523178,91.387138 159.924301,91.990356 
	C160.889618,92.161568 161.875549,92.216385 163.128204,92.635254 
z"/>
<path fill="#FFFFFF" opacity="1.000000" stroke="none" 
	d="
M32.180195,143.001068 
	C36.193645,142.924698 37.763889,144.837708 36.886623,148.155609 
	C36.503391,149.605042 34.663303,151.915665 33.870258,151.767792 
	C31.805605,151.382858 28.965654,150.294907 28.245808,148.680176 
	C27.122772,146.160995 28.337854,143.520767 32.180195,143.001068 
z"/>
<path fill="#FFFFFF" opacity="1.000000" stroke="none" 
	d="
M148.278183,92.691635 
	C149.981323,96.315857 147.665878,98.122696 145.324966,98.681313 
	C144.003479,98.996666 141.063843,97.235619 140.762009,95.958672 
	C140.362015,94.266441 141.828064,92.133133 142.492203,90.189377 
	C144.339752,90.915802 146.187317,91.642227 148.278183,92.691635 
z"/>
<path fill="#FFFFFF" opacity="1.000000" stroke="none" 
	d="
M47.394012,152.138794 
	C50.422848,153.943253 50.654953,156.522842 48.779724,158.394638 
	C47.559288,159.612854 44.604172,160.359787 43.159756,159.703476 
	C41.907478,159.134430 41.001770,156.235809 41.151737,154.469421 
	C41.477303,150.634705 44.829163,152.401932 47.394012,152.138794 
z"/>
<path fill="#FFFFFF" opacity="1.000000" stroke="none" 
	d="
M41.918926,131.000137 
	C43.894520,132.450653 45.446022,133.901291 46.997528,135.351913 
	C45.540009,136.567734 44.257492,138.211853 42.582783,138.896103 
	C40.239059,139.853714 38.426163,138.389175 38.106533,136.046692 
	C37.778893,133.645493 37.718437,130.888718 41.918926,131.000137 
z"/>
<path fill="#FFFFFF" opacity="1.000000" stroke="none" 
	d="
M42.953663,113.110146 
	C40.637230,112.222549 38.241158,111.473465 36.116753,110.251907 
	C35.881599,110.116692 36.771122,106.555374 37.905479,105.890350 
	C39.246033,105.104431 42.044762,105.039688 43.062424,105.948669 
	C44.155701,106.925163 43.915508,109.394600 43.932945,111.711838 
	C43.390362,112.510773 43.172012,112.810463 42.953663,113.110146 
z"/>
<path fill="#FFFFFF" opacity="1.000000" stroke="none" 
	d="
M161.806717,85.983521 
	C159.934418,84.452141 157.848709,83.109634 157.248138,81.279709 
	C156.922745,80.288239 158.875229,77.736366 160.273804,77.249802 
	C161.386917,76.862556 163.959045,78.162926 164.577896,79.378654 
	C165.899231,81.974449 165.010651,84.486412 161.806717,85.983521 
z"/>
<path fill="#FFFFFF" opacity="1.000000" stroke="none" 
	d="
M59.601566,30.763561 
	C57.503288,29.698809 55.376026,28.701509 54.177673,27.035889 
	C53.665054,26.323393 54.816494,23.197630 55.689423,22.965654 
	C57.342140,22.526451 59.996014,22.747122 61.056446,23.838123 
	C63.216988,26.060955 62.276726,28.622488 59.601566,30.763561 
z"/>
<path fill="#FFFFFF" opacity="1.000000" stroke="none" 
	d="
M34.732224,16.757793 
	C37.287300,16.095181 39.552074,15.518089 41.809372,15.546006 
	C42.220455,15.551090 43.240604,18.276850 42.840187,19.301327 
	C42.290146,20.708626 40.851604,22.208937 39.441368,22.748756 
	C36.437943,23.898430 34.019913,20.979160 34.732224,16.757793 
z"/>
<path fill="#FFFFFF" opacity="1.000000" stroke="none" 
	d="
M83.576080,34.011795 
	C85.901131,36.036854 87.374207,38.455814 84.708458,40.514378 
	C83.469856,41.470848 80.089043,41.693085 79.369659,40.833511 
	C78.093536,39.308704 78.106606,36.704960 77.445442,34.001266 
	C79.932228,34.001266 81.536491,34.001266 83.576080,34.011795 
z"/>
<path fill="#FFFFFF" opacity="1.000000" stroke="none" 
	d="
M42.812065,113.486328 
	C43.172012,112.810463 43.390362,112.510773 43.858841,112.081818 
	C47.611748,112.645912 50.961647,113.459305 49.032978,118.674721 
	C48.939186,119.005959 48.971794,118.923264 48.971794,118.923264 
	C46.859711,119.415268 44.747627,119.907280 41.715797,120.613541 
	C42.115753,117.785217 42.393108,115.823860 42.812065,113.486328 
z"/>
<path fill="#FFFFFF" opacity="1.000000" stroke="none" 
	d="
M48.863010,28.021652 
	C49.832645,30.094769 50.734974,32.152813 50.715302,34.202003 
	C50.709431,34.813519 48.029621,36.013256 46.743683,35.820084 
	C45.539272,35.639160 43.852051,34.114792 43.610874,32.930439 
	C42.876492,29.324104 44.831478,27.694111 48.863010,28.021652 
z"/>
<path fill="#FFFFFF" opacity="1.000000" stroke="none" 
	d="
M141.002594,82.138474 
	C142.579529,80.586426 144.064713,78.824837 145.774292,78.570312 
	C146.639252,78.441536 148.535385,80.935234 148.778763,82.435707 
	C148.943207,83.449440 147.252457,85.456345 146.013077,85.861618 
	C143.422668,86.708702 141.294403,85.745102 141.002594,82.138474 
z"/>
<path fill="#FFFFFF" opacity="1.000000" stroke="none" 
	d="
M24.817034,24.681534 
	C27.964714,23.254957 30.269981,24.343197 30.778393,27.081396 
	C31.038898,28.484423 29.606464,30.898994 28.260857,31.665180 
	C27.317116,32.202541 24.403177,31.133783 23.864437,30.043430 
	C23.238060,28.775715 24.244432,26.701262 24.817034,24.681534 
z"/>
<path fill="#FFFFFF" opacity="1.000000" stroke="none" 
	d="
M72.816620,35.000896 
	C74.397339,36.553551 76.245796,38.016762 76.465096,39.693100 
	C76.584610,40.606625 73.882111,42.809631 72.560013,42.726147 
	C71.300919,42.646645 69.612457,40.527664 69.134277,38.988060 
	C68.413673,36.667946 69.376091,34.742836 72.816620,35.000896 
z"/>
<path fill="#FFFFFF" opacity="1.000000" stroke="none" 
	d="
M63.208252,44.984146 
	C60.540314,43.540600 58.617535,41.494541 60.695255,39.113476 
	C61.700863,37.961052 64.498207,38.082073 66.443848,38.215733 
	C67.031616,38.256107 68.212173,40.813553 67.862503,41.285568 
	C66.768570,42.762257 65.073608,43.793709 63.208252,44.984146 
z"/>
<path fill="#FFFFFF" opacity="1.000000" stroke="none" 
	d="
M157.999115,63.001572 
	C159.944962,64.339493 161.555649,65.605835 162.866547,67.130020 
	C162.997955,67.282806 161.327103,69.804604 160.464020,69.822212 
	C158.699982,69.858200 155.940872,69.431351 155.367371,68.297180 
	C154.486038,66.554222 153.968918,63.544514 157.999115,63.001572 
z"/>
<path fill="#FFFFFF" opacity="1.000000" stroke="none" 
	d="
M56.723396,158.767334 
	C58.893787,155.803314 61.008015,157.477631 62.093464,158.892685 
	C62.949509,160.008652 63.025909,163.356323 62.476315,163.610489 
	C60.828362,164.372650 58.417465,164.766815 56.832909,164.081833 
	C54.498146,163.072540 54.174965,160.912796 56.723396,158.767334 
z"/>
<path fill="#FFFFFF" opacity="1.000000" stroke="none" 
	d="
M126.857353,88.644958 
	C128.747940,88.916077 131.384995,89.137695 131.737061,90.152237 
	C132.267365,91.680389 131.200211,93.762878 130.812119,95.609711 
	C129.208649,95.236801 126.596001,95.283745 126.227150,94.397179 
	C125.600655,92.891304 126.387886,90.797256 126.857353,88.644958 
z"/>
<path fill="#FFFFFF" opacity="1.000000" stroke="none" 
	d="
M52.064705,138.001770 
	C57.735832,137.932205 55.452663,141.902252 56.106380,144.694611 
	C53.748531,144.694611 51.559513,144.694611 47.636124,144.694611 
	C49.259083,141.974976 50.444248,139.988968 52.064705,138.001770 
z"/>
<path fill="#FFFFFF" opacity="1.000000" stroke="none" 
	d="
M48.896561,119.018555 
	C48.975021,119.144623 49.111374,119.369560 49.214958,119.355362 
	C52.157742,118.952156 55.826382,117.865311 55.869987,122.513138 
	C55.911144,126.900047 52.359413,126.130173 48.816906,125.778503 
	C49.115433,123.675690 49.402344,121.654709 49.330521,119.278503 
	C48.971794,118.923264 48.939186,119.005959 48.896561,119.018555 
z"/>
<path fill="#FFFFFF" opacity="1.000000" stroke="none" 
	d="
M140.001526,70.062454 
	C140.441544,66.001099 143.249817,66.801849 145.279053,67.271523 
	C146.083939,67.457809 147.059631,69.716675 146.833328,70.796280 
	C146.582092,71.994873 145.132477,73.684982 144.052948,73.805817 
	C142.073624,74.027351 139.720978,73.560081 140.001526,70.062454 
z"/>
<path fill="#FFFFFF" opacity="1.000000" stroke="none" 
	d="
M40.983597,38.235470 
	C40.118397,40.100861 39.239193,41.548935 38.359989,42.997009 
	C36.934109,42.088688 35.286617,41.378857 34.200478,40.166233 
	C33.811264,39.731693 34.442009,37.642872 35.189323,37.074688 
	C37.161922,35.574924 39.380962,35.004768 40.983597,38.235470 
z"/>
<path fill="#FFFFFF" opacity="1.000000" stroke="none" 
	d="
M66.997253,145.875641 
	C66.037735,148.583023 65.120338,151.382782 61.914352,149.232910 
	C60.834797,148.508987 60.343590,146.514496 60.169003,145.031769 
	C60.101154,144.455536 61.836380,142.987152 62.427101,143.143799 
	C64.042114,143.572052 65.485260,144.648468 66.997253,145.875641 
z"/>
<path fill="#FFFFFF" opacity="1.000000" stroke="none" 
	d="
M13.020582,39.898396 
	C14.699431,38.344036 16.393677,37.188026 18.087921,36.032021 
	C18.721605,37.554577 19.641893,39.038326 19.855780,40.617729 
	C19.948584,41.303028 18.322056,42.973343 17.931910,42.842117 
	C16.209415,42.262779 14.652715,41.190514 13.020582,39.898396 
z"/>
<path fill="#FFFFFF" opacity="1.000000" stroke="none" 
	d="
M154.838852,55.980919 
	C153.279388,54.837509 151.691544,53.845100 151.172012,52.453770 
	C150.869400,51.643402 152.018387,49.714550 152.998840,49.183334 
	C153.787735,48.755901 156.347763,49.733440 156.333038,49.981293 
	C156.213684,51.989864 155.671936,53.973331 154.838852,55.980919 
z"/>
<path fill="#FFFFFF" opacity="1.000000" stroke="none" 
	d="
M57.726875,130.229950 
	C57.026485,127.430473 55.663620,124.239738 59.966648,124.223816 
	C60.972439,124.220093 62.782452,126.698967 62.842239,128.094742 
	C62.992954,131.613098 60.473869,131.321640 57.726875,130.229950 
z"/>
<path fill="#FFFFFF" opacity="1.000000" stroke="none" 
	d="
M58.998734,45.059013 
	C57.977589,46.635422 56.955452,47.795670 55.933319,48.955917 
	C54.955959,47.916702 53.413769,46.994427 53.167294,45.803894 
	C52.941296,44.712273 54.113365,43.331207 54.669430,42.077679 
	C56.112202,42.932739 57.554974,43.787796 58.998734,45.059013 
z"/>
<path fill="#FFFFFF" opacity="1.000000" stroke="none" 
	d="
M129.037827,80.000153 
	C134.286392,79.977837 130.836166,83.658150 132.179779,85.185532 
	C131.893173,85.647934 131.606567,86.110329 131.319977,86.572731 
	C129.552887,85.640953 127.219635,85.106270 126.198982,83.650986 
	C125.391403,82.499527 125.161270,79.515846 129.037827,80.000153 
z"/>
<path fill="#FFFFFF" opacity="1.000000" stroke="none" 
	d="
M140.748322,61.983257 
	C138.894958,61.284321 137.221710,60.807407 136.148026,59.731922 
	C135.761047,59.344288 136.539474,56.781796 137.270172,56.509132 
	C138.617813,56.006264 140.323273,56.462326 141.879639,56.518833 
	C141.641541,58.335480 141.403442,60.152122 140.748322,61.983257 
z"/>
<path fill="#FFFFFF" opacity="1.000000" stroke="none" 
	d="
M32.746201,47.372444 
	C32.048523,49.137798 31.132963,50.547855 30.217403,51.957912 
	C29.149439,51.187195 27.341368,50.539028 27.188656,49.616756 
	C26.964998,48.266060 27.927189,46.719006 28.384027,45.255627 
	C29.765457,45.842800 31.146889,46.429974 32.746201,47.372444 
z"/>
<path fill="#FFFFFF" opacity="1.000000" stroke="none" 
	d="
M76.520905,145.190674 
	C77.466736,146.847290 78.574432,148.390106 78.433403,149.808777 
	C78.351250,150.635208 76.257874,151.804016 75.090828,151.779968 
	C74.373207,151.765198 72.920341,149.546158 73.171120,148.748917 
	C73.616135,147.334259 75.105888,146.248245 76.520905,145.190674 
z"/>
<path fill="#FFFFFF" opacity="1.000000" stroke="none" 
	d="
M66.412277,133.759216 
	C64.101967,128.699997 64.634384,128.032928 70.693512,128.113480 
	C71.163818,131.282227 71.909561,134.439011 66.412277,133.759216 
z"/>
<path fill="#FFFFFF" opacity="1.000000" stroke="none" 
	d="
M47.094719,48.027130 
	C49.983898,47.864471 52.558369,48.007679 51.832172,51.373993 
	C51.599003,52.454830 49.203178,54.060547 48.214787,53.805599 
	C44.935627,52.959755 45.642097,50.413101 47.094719,48.027130 
z"/>
<path fill="#FFFFFF" opacity="1.000000" stroke="none" 
	d="
M129.601562,71.244171 
	C130.056335,73.047798 130.518295,74.757629 130.067795,76.178078 
	C129.905960,76.688332 127.335724,76.964134 126.260880,76.475449 
	C125.502502,76.130638 124.759293,73.684128 125.149536,73.281738 
	C126.185829,72.213173 127.839973,71.743797 129.601562,71.244171 
z"/>
<path fill="#FFFFFF" opacity="1.000000" stroke="none" 
	d="
M21.002094,58.949226 
	C22.322926,57.703884 23.579054,56.675140 25.018606,56.183872 
	C25.304527,56.086300 26.939512,58.157143 26.792519,59.033497 
	C26.614115,60.097095 25.131517,61.778069 24.346306,61.707645 
	C23.170578,61.602203 22.110847,60.203285 21.002094,58.949226 
z"/>
<path fill="#FFFFFF" opacity="1.000000" stroke="none" 
	d="
M148.997467,39.040016 
	C147.710678,40.289509 146.486435,41.292278 145.085052,41.849804 
	C144.805145,41.961159 143.174988,40.174732 143.341476,39.608780 
	C143.719116,38.325207 144.827805,37.256721 145.639282,36.100788 
	C146.758774,36.946114 147.878250,37.791443 148.997467,39.040016 
z"/>
<path fill="#FFFFFF" opacity="1.000000" stroke="none" 
	d="
M11.997892,52.948677 
	C10.547204,54.103306 9.098168,54.805462 7.183871,55.733070 
	C7.183871,53.227116 7.183871,51.833977 7.183871,50.440834 
	C7.514533,50.035236 7.845194,49.629639 8.175856,49.224037 
	C9.450418,50.314762 10.724982,51.405483 11.997892,52.948677 
z"/>
<path fill="#000000" opacity="1.000000" stroke="none" 
	d="
M713.359863,93.984230 
	C708.951050,93.177261 704.963440,92.563766 701.078430,91.554810 
	C692.458313,89.316124 688.512878,82.919800 688.150146,74.691544 
	C687.796936,66.677750 688.312561,58.573872 689.114624,50.576553 
	C689.815002,43.594021 697.485840,38.105038 705.974426,37.110931 
	C713.314575,36.251320 720.807800,35.696411 728.154114,36.189095 
	C734.808289,36.635361 741.742249,37.775047 747.799438,40.368538 
	C751.236023,41.839977 755.001587,46.643517 755.405945,50.301521 
	C756.473938,59.964222 756.563721,69.902969 755.535522,79.571526 
	C754.827209,86.231888 745.443298,92.612839 738.525024,92.976250 
	C730.297302,93.408463 722.060425,93.665398 713.359863,93.984230 
z"/>
<path fill="#000000" opacity="1.000000" stroke="none" 
	d="
M500.813416,37.000427 
	C504.346588,37.388203 507.528046,37.368095 510.431213,38.256886 
	C515.083252,39.681080 518.007019,42.726437 518.048523,48.103603 
	C518.106628,55.627926 516.439575,59.165539 510.817688,60.970829 
	C507.644257,61.989883 504.265472,62.861614 500.965942,62.910721 
	C486.848480,63.120815 472.726074,63.000233 458.303040,63.000233 
	C458.303040,54.427273 458.303040,46.031719 458.303040,37.000404 
	C472.212830,37.000404 486.274841,37.000404 500.813416,37.000427 
z"/>
<path fill="#000000" opacity="1.000000" stroke="none" 
	d="
M360.002625,139.958160 
	C360.053864,138.841766 359.855560,137.861557 360.201630,137.599045 
	C362.238556,136.054001 372.847626,137.093536 374.932617,138.919052 
	C371.379120,142.528885 363.422455,143.332047 360.002625,139.958160 
z"/>
</svg>