<svg version="1.1" id="Layer_1" xmlns="http://www.w3.org/2000/svg" xmlns:xlink="http://www.w3.org/1999/xlink" x="0px" y="0px"
	 width="100%" viewBox="0 0 1366 768" enable-background="new 0 0 1366 768" xml:space="preserve">
<path fill="#FEFEFE" opacity="1.000000" stroke="none" 
	d="
M888.000000,769.000000 
	C592.034546,769.000000 296.569122,769.000000 1.051836,769.000000 
	C1.051836,513.064514 1.051836,257.128998 1.051836,1.000000 
	C228.575500,1.000000 456.151062,1.000000 683.726624,1.000000 
	C911.366638,1.000000 1139.006714,1.000000 1366.823364,1.000000 
	C1366.823364,256.999908 1366.823364,512.999939 1366.823364,769.000000 
	C1207.462036,769.000000 1047.981079,769.000000 888.000000,769.000000 
M738.131714,674.857788 
	C744.341858,675.045227 750.563354,675.479004 756.751709,675.193298 
	C757.868103,675.141724 759.686157,672.163513 759.749207,670.482788 
	C760.060791,662.172974 759.904907,653.845093 759.887573,645.523621 
	C759.874329,639.176086 759.772278,639.058838 753.478455,639.055115 
	C729.512573,639.040894 705.545227,638.887512 681.581299,639.102905 
	C664.220581,639.258972 667.486389,635.811890 667.085815,654.367737 
	C667.005432,658.090454 668.627441,660.226074 672.425232,659.785156 
	C676.824341,659.274414 677.229736,661.589600 677.205994,665.112732 
	C677.088135,682.587036 677.024292,700.064209 677.244751,717.536560 
	C677.298096,721.767090 676.389343,723.844666 671.786865,723.173340 
	C668.446655,722.686096 666.861816,724.203064 667.056152,727.732422 
	C667.248047,731.217102 667.115723,734.720093 667.107666,738.215088 
	C667.100464,741.322266 668.699219,742.787781 671.739197,742.789062 
	C685.219971,742.794739 698.700806,742.813171 712.181519,742.785400 
	C715.506958,742.778503 716.755737,741.257812 715.216248,737.109253 
	C715.151184,733.063049 715.086121,729.016846 714.892090,724.181396 
	C712.042786,723.829285 709.163208,723.625916 706.358154,723.056030 
	C705.140564,722.808655 703.084473,721.791504 703.094421,721.150085 
	C703.205933,713.954651 703.646118,706.764282 704.933228,699.520386 
	C712.147278,699.518188 719.361267,699.515991 727.374268,699.752197 
	C728.222717,698.398682 729.618164,697.116211 729.805176,695.676758 
	C730.186829,692.739563 729.847717,689.715698 729.933960,686.731262 
	C730.050232,682.708740 728.154297,681.044128 724.175415,681.136780 
	C718.370605,681.271973 712.555420,681.294495 706.755859,681.072327 
	C705.459290,681.022644 703.136536,679.804077 703.105103,679.048157 
	C702.819763,672.174316 702.937744,665.283691 702.937744,657.994934 
	C706.537109,657.994934 709.335938,658.042358 712.132568,657.985779 
	C720.236145,657.822083 728.338928,657.616577 737.076538,658.101135 
	C737.364136,663.431396 737.651794,668.761658 738.131714,674.857788 
M505.915649,678.128723 
	C504.225647,678.573486 502.542450,679.369202 500.844452,679.402161 
	C493.517883,679.544434 486.186981,679.463135 478.857635,679.463135 
	C464.503876,679.463135 464.503906,679.463135 464.537811,665.233582 
	C464.553223,658.760315 464.554596,658.590210 471.048523,658.643066 
	C475.242859,658.677185 477.276215,657.325928 476.844574,652.827759 
	C476.543518,649.690918 476.722229,646.502686 476.773834,643.338928 
	C476.817444,640.665955 475.717682,639.382996 472.919220,639.394409 
	C460.093170,639.446716 447.266174,639.354675 434.441589,639.498718 
	C433.216248,639.512451 431.002197,640.736267 430.950684,641.511536 
	C430.621887,646.457886 430.067230,651.602600 431.180756,656.304504 
	C431.525391,657.759644 436.836945,658.030334 439.866821,658.870605 
	C440.155670,658.950684 440.390320,659.226074 440.894104,659.584351 
	C440.894104,680.654114 440.894104,701.882446 440.894104,723.055115 
	C430.316071,724.680908 430.316071,724.680908 430.397095,735.411865 
	C430.399628,735.744995 430.434235,736.082092 430.396667,736.410706 
	C429.929993,740.488281 431.623505,742.027100 435.811859,741.935364 
	C446.134613,741.709229 456.465729,741.889160 466.793304,741.854492 
	C477.968414,741.816956 476.719238,742.846008 476.780090,732.016663 
	C476.825897,723.867004 476.791138,723.722839 468.860931,723.651733 
	C465.665649,723.623047 464.369080,722.684875 464.485321,719.365723 
	C464.683350,713.709106 464.723145,708.032288 464.472321,702.379822 
	C464.310913,698.741699 465.396973,697.377502 469.224152,697.472534 
	C478.879547,697.712341 488.545715,697.484436 498.205841,697.593262 
	C500.983704,697.624573 503.755798,698.164185 506.469330,699.343750 
	C506.490204,707.075378 506.511108,714.807007 505.770325,722.953064 
	C501.815460,723.727417 496.242676,723.221558 494.343018,725.622192 
	C492.282410,728.226318 493.641785,733.536987 493.511383,737.667419 
	C493.506134,737.833252 493.446808,738.067139 493.531464,738.155579 
	C494.710632,739.386353 495.889069,741.628723 497.108734,741.654236 
	C510.064484,741.924377 523.028137,741.892639 535.987061,741.733459 
	C536.797913,741.723511 537.587097,739.955200 538.542725,738.083984 
	C538.402588,733.692871 538.262451,729.301697 537.853882,724.204529 
	C536.907227,723.998169 535.908447,723.485046 535.022461,723.635620 
	C529.653870,724.548218 528.744995,721.961914 528.816467,717.166321 
	C529.078735,699.566711 529.018066,681.959961 528.850098,664.358032 
	C528.810120,660.170410 529.913940,658.170898 534.453308,658.443787 
	C535.722046,658.520020 537.094971,656.862976 538.575195,655.084167 
	C538.542297,651.054199 538.509399,647.024292 538.849121,642.423218 
	C539.019165,638.994690 536.536194,639.410889 534.410645,639.406311 
	C525.300171,639.386536 516.188904,639.319946 507.079376,639.414368 
	C491.510437,639.575745 493.763489,637.130005 493.443512,653.205139 
	C493.358978,657.451538 495.273773,658.601501 499.150909,658.687622 
	C501.619385,658.742432 504.065033,659.824829 506.459961,661.320618 
	C506.486267,666.737427 506.512604,672.154236 505.915649,678.128723 
M1040.027588,382.527252 
	C1082.067627,340.482361 1124.107422,298.437103 1166.148193,256.393005 
	C1171.044922,251.495819 1171.046387,251.499954 1166.308960,246.760834 
	C1098.685181,179.112244 1031.042847,111.482231 963.494812,43.758167 
	C960.138672,40.393230 958.078735,39.682983 954.292786,43.480492 
	C886.385132,111.596230 818.352966,179.588028 750.248169,247.506775 
	C747.018555,250.727600 747.483459,252.600388 750.442566,255.544052 
	C780.667480,285.611786 810.773682,315.798920 840.926147,345.939606 
	C845.838806,350.850342 846.253906,350.797821 851.229614,345.815765 
	C884.089355,312.913635 916.903076,279.965210 949.854370,247.154984 
	C960.496399,236.558533 956.841492,236.910309 968.158813,247.289444 
	C971.642090,250.483887 971.263733,252.521179 968.078247,255.691559 
	C928.884583,294.699677 889.813599,333.831085 850.706116,372.925873 
	C846.095276,377.535278 846.080872,377.523560 841.321289,372.766327 
	C806.925903,338.387787 772.533203,304.006592 738.133667,269.632202 
	C733.220276,264.722412 733.189880,264.721832 728.334167,269.574463 
	C698.371155,299.518494 668.414978,329.469391 638.458435,359.419861 
	C634.037659,363.839752 634.042969,364.444275 638.557007,368.956360 
	C705.938171,436.307648 773.320312,503.657776 840.703796,571.006714 
	C846.096680,576.396851 846.091431,576.381470 851.535828,570.939087 
	C914.197510,508.299774 976.862610,445.663849 1040.027588,382.527252 
M728.874512,43.376835 
	C698.796082,73.439873 668.719910,103.505203 638.636841,133.563629 
	C633.855408,138.341110 633.821533,138.895752 638.470825,143.547363 
	C668.501648,173.592789 698.534668,203.635956 728.573730,233.673141 
	C733.023804,238.122955 733.197815,238.106476 737.622437,233.682373 
	C767.956665,203.351608 798.237671,172.967117 828.701416,142.767029 
	C832.036926,139.460342 831.843018,137.600845 828.665039,134.443420 
	C798.050903,104.027100 767.545715,73.500839 737.100342,42.915451 
	C734.243591,40.045567 731.996033,39.468792 728.874512,43.376835 
M548.678284,449.179291 
	C540.453857,457.397186 532.216980,465.602600 524.010132,473.837982 
	C519.592224,478.271271 519.584473,478.722137 523.848816,482.984009 
	C554.128357,513.245911 584.413452,543.502197 614.721436,573.735596 
	C616.087952,575.098816 617.691711,576.223999 618.652161,577.019043 
	C651.658630,544.044739 684.278015,511.457092 717.264404,478.502838 
	C715.694458,476.804565 713.973816,474.812225 712.117737,472.955200 
	C682.680908,443.502380 653.225525,414.068024 623.777466,384.626312 
	C618.514587,379.364594 618.520691,379.357605 613.326660,384.547943 
	C591.939575,405.920013 570.552856,427.292389 548.678284,449.179291 
M477.115814,67.616585 
	C464.177063,80.684731 451.297089,93.811691 438.285767,106.807205 
	C418.943451,126.126068 399.465485,145.309097 380.125732,164.630539 
	C363.711304,181.029419 347.440704,197.572205 331.052429,213.997391 
	C309.763733,235.334061 288.438873,256.634735 267.097168,277.918335 
	C248.914642,296.051361 230.654144,314.106232 212.491348,332.258911 
	C203.123550,341.621460 193.907013,351.135223 184.590851,360.549683 
	C182.330139,362.834259 181.310120,364.465698 184.383713,367.436768 
	C196.620102,379.264893 208.480927,391.480927 220.512848,403.521301 
	C247.757004,430.784729 275.020660,458.028656 302.275391,485.281494 
	C331.404205,514.408325 360.534241,543.533936 389.657654,572.666199 
	C394.345062,577.355042 395.983124,577.398071 400.655273,572.726257 
	C468.643738,504.743134 536.627991,436.755768 604.608643,368.764862 
	C609.192444,364.180359 609.184143,363.762573 604.610718,359.186707 
	C575.283020,329.843323 545.953674,300.501678 516.619324,271.164978 
	C508.492920,263.037964 508.335144,262.894745 500.165771,270.918335 
	C482.464111,288.304077 464.888611,305.819000 447.341644,323.361237 
	C432.826935,337.872040 418.445038,352.515594 403.960571,367.056793 
	C401.235596,369.792450 398.304810,372.323090 395.147980,375.245514 
	C392.388000,372.326569 390.243011,369.749573 387.776825,367.529388 
	C384.821686,364.869080 384.054504,362.795746 387.948303,360.193726 
	C390.244781,358.659119 391.987366,356.293945 393.973145,354.296448 
	C410.321136,337.851715 426.645721,321.383667 443.020996,304.966156 
	C459.281982,288.663239 475.578461,272.395630 491.891510,256.144836 
	C497.124481,250.931824 502.459778,245.821579 508.346222,240.081177 
	C513.643005,245.579163 518.406616,250.677780 523.333862,255.613022 
	C554.064270,286.393158 584.829285,317.138763 615.588501,347.890137 
	C619.787476,352.088043 621.183594,352.179016 625.061401,348.305450 
	C656.184204,317.216492 687.268311,286.088776 718.433411,255.042358 
	C721.063660,252.422089 721.619995,250.426270 718.745911,247.568405 
	C702.884033,231.796265 687.166382,215.879242 671.341614,200.069595 
	C656.601379,185.343414 641.750000,170.728424 627.018860,155.993149 
	C611.209167,140.178909 595.514282,124.249771 579.711304,108.428741 
	C561.354553,90.050980 542.954285,71.716492 524.529968,53.406342 
	C519.161621,48.071232 513.646545,42.883797 507.902832,37.343323 
	C497.411255,47.656639 487.511078,57.388565 477.115814,67.616585 
M779.936096,663.315186 
	C779.770996,663.960815 779.675964,664.634460 779.430542,665.247925 
	C771.992065,683.843811 764.589355,702.454529 756.984070,720.982056 
	C756.423462,722.347717 754.505005,723.770325 753.015503,724.037292 
	C745.290894,725.421753 745.266968,725.293884 745.272827,732.984009 
	C745.273987,734.483826 745.336548,735.985352 745.283325,737.483032 
	C745.189087,740.132874 746.256836,741.498840 749.072144,741.489685 
	C761.737427,741.448425 774.402954,741.461975 787.068237,741.496338 
	C789.940369,741.504150 791.813354,740.164795 791.368225,737.330994 
	C790.696899,733.056396 794.028870,727.853394 788.712341,724.641235 
	C787.962463,724.188171 786.752930,724.465149 785.755737,724.458313 
	C783.145874,724.440308 780.535767,724.452209 777.980591,724.452209 
	C777.420837,715.466125 781.155334,711.225098 788.940674,711.221924 
	C794.940125,711.219421 801.024170,711.857971 806.919373,711.074219 
	C816.073608,709.857178 821.996216,712.504456 823.779907,722.058472 
	C823.866516,722.522461 823.791077,723.016724 823.791077,723.810547 
	C822.680542,724.021057 821.604187,724.353088 820.513184,724.412109 
	C808.972595,725.036804 809.087830,725.021484 809.438721,737.065063 
	C809.540894,740.574951 810.784790,741.598022 814.204102,741.554321 
	C827.200684,741.388367 840.202393,741.588989 853.197693,741.377014 
	C855.138855,741.345459 858.631592,739.977478 858.716309,738.995483 
	C859.120178,734.315247 858.620239,729.553223 858.320496,724.828003 
	C858.306519,724.607178 857.078735,724.202026 856.503845,724.317688 
	C848.859253,725.857239 846.999084,720.321777 844.876648,714.983276 
	C835.455994,691.287720 826.003906,667.604736 816.550842,643.922058 
	C815.335388,640.877014 813.477966,639.191650 809.753479,639.498291 
	C804.953186,639.893555 800.065857,639.927185 795.271362,639.497986 
	C790.683777,639.087341 788.759644,641.290222 787.331421,645.151733 
	C785.153931,651.039001 782.600098,656.787109 779.936096,663.315186 
M396.345856,716.462402 
	C396.335785,724.037842 396.341248,724.178406 388.851929,724.468689 
	C382.719696,724.706299 376.553070,724.874084 370.436676,724.500061 
	C362.384613,724.007812 356.881561,718.864380 354.414551,711.094849 
	C350.831573,699.810791 352.156372,688.262146 352.879608,676.915344 
	C353.435699,668.190491 357.437653,659.898560 367.091187,658.020386 
	C374.141205,656.648865 381.635406,657.608459 388.928925,657.423157 
	C393.522247,657.306519 395.112366,659.547180 394.679993,663.903809 
	C394.450867,666.212830 394.238739,668.664062 394.786652,670.859497 
	C395.144440,672.293030 396.795410,674.348511 398.014038,674.455750 
	C402.807251,674.877563 407.658844,674.666443 412.488342,674.632385 
	C415.102142,674.613892 416.340729,673.411499 416.293091,670.600220 
	C416.166138,663.107178 416.242371,655.610596 416.253845,648.115417 
	C416.258911,644.814209 414.799561,642.967407 411.421021,642.265625 
	C395.645538,638.988464 379.659363,638.105835 363.746643,639.813782 
	C348.147308,641.488037 337.322754,648.793823 332.775146,663.378418 
	C327.329193,680.844177 327.595581,698.798828 332.132416,716.558533 
	C335.736755,730.668030 347.745544,740.580750 362.106964,741.703674 
	C378.088745,742.953125 393.957581,742.739441 409.799042,739.650757 
	C414.911041,738.653992 416.466339,736.447510 416.309998,731.663330 
	C416.087036,724.841797 416.300201,718.006897 416.235199,711.178650 
	C416.211273,708.666565 416.813385,706.669983 419.750092,707.003113 
	C424.091797,707.495544 424.839966,705.226685 424.525787,701.644592 
	C424.337311,699.495850 424.386139,697.311035 424.512878,695.153198 
	C424.727142,691.504272 423.198700,690.211426 419.493347,690.283020 
	C409.004059,690.485901 398.497742,690.631287 388.019562,690.234253 
	C382.956573,690.042419 381.823090,691.916748 381.928894,696.538818 
	C382.156372,706.475159 381.950836,706.609863 391.596100,706.879211 
	C395.287476,706.982300 396.783936,708.382263 396.365997,712.007690 
	C396.233368,713.158264 396.345978,714.337158 396.345856,716.462402 
M562.418518,710.667969 
	C561.082397,714.051575 560.004272,717.573608 558.295410,720.757141 
	C557.504639,722.230286 555.601807,723.770996 554.000549,724.030273 
	C546.794556,725.197144 546.768005,725.035522 546.773743,732.174744 
	C546.774658,733.340332 546.805054,734.506409 546.779114,735.671326 
	C546.688293,739.752625 548.323059,741.674316 552.747620,741.557861 
	C562.065796,741.312561 571.395142,741.521057 580.719543,741.475342 
	C593.551331,741.412415 592.502380,743.290161 592.581665,729.250366 
	C592.600891,725.846497 591.272400,724.328796 587.874817,724.438293 
	C584.946350,724.532654 582.012329,724.457825 578.152771,724.457825 
	C579.435852,720.740417 579.896912,717.662781 581.482483,715.359009 
	C582.764832,713.495789 585.356384,711.490784 587.445007,711.403137 
	C597.251892,710.991577 607.086914,711.143433 616.908386,711.306030 
	C618.346130,711.329773 620.436768,712.106873 621.065918,713.201660 
	C622.903259,716.398987 624.153870,719.933533 625.820068,723.762146 
	C623.873047,724.080444 622.780640,724.372803 621.677490,724.421936 
	C609.998291,724.941956 610.102905,724.927246 610.558960,737.060120 
	C610.689636,740.537842 611.946899,741.608398 615.370056,741.551758 
	C626.356812,741.369995 637.348450,741.484314 648.338196,741.484375 
	C660.766785,741.484436 660.592834,741.482483 660.725891,729.157959 
	C660.769531,725.123108 659.482300,723.609192 655.604614,724.177002 
	C651.669434,724.753235 649.601501,722.971924 648.145386,719.298035 
	C638.144104,694.063782 627.955261,668.903992 617.845154,643.712830 
	C616.755005,640.996399 615.196716,639.391724 611.901978,639.531128 
	C606.250732,639.770203 600.566223,639.362000 594.930298,639.740784 
	C593.232971,639.854797 590.935486,641.299072 590.151245,642.786804 
	C587.922546,647.014526 586.290710,651.562195 584.499023,656.014160 
	C577.258362,674.004822 570.046082,692.006897 562.418518,710.667969 
M1013.364624,712.488525 
	C1013.366150,695.990479 1013.367554,679.492371 1013.369568,662.994324 
	C1013.369873,660.238525 1013.235657,657.773560 1017.354370,657.673462 
	C1025.286987,657.480713 1025.282104,657.271545 1025.278687,649.109558 
	C1025.278198,647.943054 1025.242310,646.775513 1025.278320,645.610168 
	C1025.397705,641.749084 1023.938965,639.894348 1019.684326,639.992493 
	C1009.524292,640.226746 999.355164,640.066589 989.189697,640.066284 
	C978.535583,640.065918 978.535583,640.066223 978.538818,650.589600 
	C978.541016,657.686279 978.547668,657.895813 985.481079,657.675476 
	C989.525940,657.546814 991.144714,658.768616 991.111938,662.991028 
	C990.964539,681.987610 991.014038,700.986145 991.086731,719.983643 
	C991.097717,722.842590 990.340393,724.147949 987.163757,724.242493 
	C978.528259,724.499695 978.532227,724.641541 978.539001,733.556702 
	C978.539917,734.723206 978.637451,735.898560 978.528687,737.054626 
	C978.196716,740.583130 979.797791,741.620911 983.225098,741.556458 
	C993.220398,741.368469 1003.222168,741.566833 1013.220093,741.470520 
	C1025.752075,741.349854 1025.253784,743.839722 1025.348267,728.890320 
	C1025.370483,725.382324 1024.113281,724.221191 1020.741821,724.121948 
	C1013.365967,723.905029 1013.369629,723.780579 1013.364685,716.484863 
	C1013.364014,715.484985 1013.364075,714.485107 1013.364624,712.488525 
M961.622986,664.904907 
	C960.221558,657.324585 958.770813,649.258362 951.354126,645.458008 
	C945.475525,642.445801 938.647827,640.060608 932.131165,639.755737 
	C914.677917,638.939392 897.165344,639.375183 879.676331,639.343018 
	C866.156982,639.318176 866.288757,639.337952 866.295410,652.800781 
	C866.297485,657.124329 867.843445,659.047729 872.141052,658.664856 
	C874.921326,658.417175 876.537537,659.270874 876.526794,662.473328 
	C876.462341,681.628601 876.548584,700.784790 876.368530,719.938599 
	C876.357361,721.129822 874.663940,723.135620 873.494751,723.349548 
	C866.396240,724.648315 866.370972,724.511292 866.371643,731.904907 
	C866.371765,733.404053 866.512756,734.918457 866.348816,736.399353 
	C865.898865,740.464905 867.488464,742.085144 871.695679,741.974854 
	C880.351318,741.747864 889.017151,741.909912 897.678833,741.910461 
	C909.879028,741.911255 909.714722,741.909607 909.798157,729.697205 
	C909.827698,725.382874 908.547363,723.378357 904.110352,724.042053 
	C900.479675,724.585083 899.506348,722.810425 899.688293,719.458069 
	C899.913696,715.305786 899.516418,711.110657 899.901733,706.981934 
	C900.014221,705.775818 901.779907,703.885803 902.953796,703.750610 
	C911.668335,702.747253 919.946899,703.002747 924.135803,712.903137 
	C925.007629,714.963745 926.946594,716.569641 928.377625,718.397766 
	C930.179565,720.699829 932.420349,722.943115 927.758972,724.802124 
	C926.973328,725.115417 926.532349,727.020935 926.450867,728.225830 
	C926.260193,731.044861 926.568359,733.900269 926.337036,736.713196 
	C926.007812,740.716431 927.836670,742.000427 931.606018,741.947510 
	C940.765564,741.819031 949.928772,741.980957 959.089294,741.892944 
	C971.238953,741.776245 971.528442,744.228394 971.601013,729.479614 
	C971.621216,725.361938 970.159973,723.279785 966.288330,723.625366 
	C961.304138,724.070129 958.176025,722.092712 955.839478,717.837219 
	C954.500244,715.398193 952.386230,713.395935 950.742065,711.110107 
	C948.298889,707.713379 945.962891,704.239563 944.196716,701.687744 
	C948.895203,697.665649 953.513367,694.657715 956.890625,690.613464 
	C962.889832,683.429626 961.714844,674.417480 961.622986,664.904907 
z"/>
<path fill="#11AE02" opacity="1.000000" stroke="none" 
	d="
M1039.777100,382.777161 
	C976.862610,445.663849 914.197510,508.299774 851.535828,570.939087 
	C846.091431,576.381470 846.096680,576.396851 840.703796,571.006714 
	C773.320312,503.657776 705.938171,436.307648 638.557007,368.956360 
	C634.042969,364.444275 634.037659,363.839752 638.458435,359.419861 
	C668.414978,329.469391 698.371155,299.518494 728.334167,269.574463 
	C733.189880,264.721832 733.220276,264.722412 738.133667,269.632202 
	C772.533203,304.006592 806.925903,338.387787 841.321289,372.766327 
	C846.080872,377.523560 846.095276,377.535278 850.706116,372.925873 
	C889.813599,333.831085 928.884583,294.699677 968.078247,255.691559 
	C971.263733,252.521179 971.642090,250.483887 968.158813,247.289444 
	C956.841492,236.910309 960.496399,236.558533 949.854370,247.154984 
	C916.903076,279.965210 884.089355,312.913635 851.229614,345.815765 
	C846.253906,350.797821 845.838806,350.850342 840.926147,345.939606 
	C810.773682,315.798920 780.667480,285.611786 750.442566,255.544052 
	C747.483459,252.600388 747.018555,250.727600 750.248169,247.506775 
	C818.352966,179.588028 886.385132,111.596230 954.292786,43.480492 
	C958.078735,39.682983 960.138672,40.393230 963.494812,43.758167 
	C1031.042847,111.482231 1098.685181,179.112244 1166.308960,246.760834 
	C1171.046387,251.499954 1171.044922,251.495819 1166.148193,256.393005 
	C1124.107422,298.437103 1082.067627,340.482361 1039.777100,382.777161 
z"/>
<path fill="#0366B6" opacity="1.000000" stroke="none" 
	d="
M729.158447,43.150963 
	C731.996033,39.468792 734.243591,40.045567 737.100342,42.915451 
	C767.545715,73.500839 798.050903,104.027100 828.665039,134.443420 
	C831.843018,137.600845 832.036926,139.460342 828.701416,142.767029 
	C798.237671,172.967117 767.956665,203.351608 737.622437,233.682373 
	C733.197815,238.106476 733.023804,238.122955 728.573730,233.673141 
	C698.534668,203.635956 668.501648,173.592789 638.470825,143.547363 
	C633.821533,138.895752 633.855408,138.341110 638.636841,133.563629 
	C668.719910,103.505203 698.796082,73.439873 729.158447,43.150963 
z"/>
<path fill="#12AE04" opacity="1.000000" stroke="none" 
	d="
M548.922119,448.921967 
	C570.552856,427.292389 591.939575,405.920013 613.326660,384.547943 
	C618.520691,379.357605 618.514587,379.364594 623.777466,384.626312 
	C653.225525,414.068024 682.680908,443.502380 712.117737,472.955200 
	C713.973816,474.812225 715.694458,476.804565 717.264404,478.502838 
	C684.278015,511.457092 651.658630,544.044739 618.652161,577.019043 
	C617.691711,576.223999 616.087952,575.098816 614.721436,573.735596 
	C584.413452,543.502197 554.128357,513.245911 523.848816,482.984009 
	C519.584473,478.722137 519.592224,478.271271 524.010132,473.837982 
	C532.216980,465.602600 540.453857,457.397186 548.922119,448.921967 
z"/>
<path fill="#ADCDE7" opacity="1.000000" stroke="none" 
	d="
M477.363373,67.368538 
	C487.511078,57.388565 497.411255,47.656639 507.902832,37.343323 
	C513.646545,42.883797 519.161621,48.071232 524.529968,53.406342 
	C542.954285,71.716492 561.354553,90.050980 579.711304,108.428741 
	C595.514282,124.249771 611.209167,140.178909 627.018860,155.993149 
	C641.750000,170.728424 656.601379,185.343414 671.341614,200.069595 
	C687.166382,215.879242 702.884033,231.796265 718.745911,247.568405 
	C721.619995,250.426270 721.063660,252.422089 718.433411,255.042358 
	C687.268311,286.088776 656.184204,317.216492 625.061401,348.305450 
	C621.183594,352.179016 619.787476,352.088043 615.588501,347.890137 
	C584.829285,317.138763 554.064270,286.393158 523.333862,255.613022 
	C518.406616,250.677780 513.643005,245.579163 508.346222,240.081177 
	C502.459778,245.821579 497.124481,250.931824 491.891510,256.144836 
	C475.578461,272.395630 459.281982,288.663239 443.020996,304.966156 
	C426.645721,321.383667 410.321136,337.851715 393.973145,354.296448 
	C391.987366,356.293945 390.244781,358.659119 387.948303,360.193726 
	C384.054504,362.795746 384.821686,364.869080 387.776825,367.529388 
	C390.243011,369.749573 392.388000,372.326569 395.147980,375.245514 
	C398.304810,372.323090 401.235596,369.792450 403.960571,367.056793 
	C418.445038,352.515594 432.826935,337.872040 447.341644,323.361237 
	C464.888611,305.819000 482.464111,288.304077 500.165771,270.918335 
	C508.335144,262.894745 508.492920,263.037964 516.619324,271.164978 
	C545.953674,300.501678 575.283020,329.843323 604.610718,359.186707 
	C609.184143,363.762573 609.192444,364.180359 604.608643,368.764862 
	C536.627991,436.755768 468.643738,504.743134 400.655273,572.726257 
	C395.983124,577.398071 394.345062,577.355042 389.657654,572.666199 
	C360.534241,543.533936 331.404205,514.408325 302.275391,485.281494 
	C275.020660,458.028656 247.757004,430.784729 220.512848,403.521301 
	C208.480927,391.480927 196.620102,379.264893 184.383713,367.436768 
	C181.310120,364.465698 182.330139,362.834259 184.590851,360.549683 
	C193.907013,351.135223 203.123550,341.621460 212.491348,332.258911 
	C230.654144,314.106232 248.914642,296.051361 267.097168,277.918335 
	C288.438873,256.634735 309.763733,235.334061 331.052429,213.997391 
	C347.440704,197.572205 363.711304,181.029419 380.125732,164.630539 
	C399.465485,145.309097 418.943451,126.126068 438.285767,106.807205 
	C451.297089,93.811691 464.177063,80.684731 477.363373,67.368538 
M483.297729,290.797607 
	C457.372650,316.719635 431.473480,342.667664 405.510773,368.551910 
	C393.926666,380.101013 396.966400,379.839691 385.212341,368.400909 
	C380.933472,364.236877 381.056366,363.408447 385.236328,359.229614 
	C418.357391,326.117462 451.452240,292.979065 484.575256,259.868866 
	C492.175751,252.271317 499.854218,244.751740 507.529053,237.164398 
	C509.085571,238.262695 510.303162,238.885086 511.221405,239.806015 
	C521.513855,250.128281 531.726501,260.530212 542.025696,270.845673 
	C566.860474,295.719757 591.778320,320.511322 616.526917,345.470703 
	C619.777100,348.748566 621.933716,348.526764 625.032166,345.404449 
	C654.912476,315.293732 684.842224,285.231323 714.913940,255.311966 
	C718.312317,251.930801 717.924133,249.837448 714.790283,246.745667 
	C700.508057,232.655106 686.377258,218.410751 672.211548,204.202316 
	C644.649231,176.557037 617.121521,148.877167 589.538818,121.252258 
	C564.062439,95.736885 538.521851,70.285751 513.037964,44.777878 
	C508.940399,40.676464 508.061035,40.549904 503.830841,44.772354 
	C474.325531,74.223923 444.840302,103.695625 415.357574,133.169815 
	C375.772064,172.743866 336.190826,212.322235 296.614746,251.905762 
	C260.678986,287.848297 224.803497,323.851471 188.745193,359.670593 
	C185.051300,363.339996 185.399261,365.437897 188.882706,368.912018 
	C256.254822,436.104858 323.517365,503.407562 390.817139,570.672974 
	C392.174530,572.029663 393.706970,573.211121 395.196716,574.508301 
	C396.751373,573.196716 397.966980,572.315491 399.014404,571.266479 
	C432.146881,538.084229 465.230804,504.853455 498.390594,471.698547 
	C533.194763,436.899536 568.038940,402.140320 602.967529,367.466370 
	C605.931152,364.524353 605.348877,362.692444 602.700195,360.150696 
	C596.720398,354.412292 590.945618,348.460327 585.079712,342.602997 
	C560.673767,318.232635 536.228943,293.900879 511.906921,269.447083 
	C509.161926,266.687225 507.352997,266.500275 504.597229,269.386871 
	C497.809937,276.496338 490.746155,283.341858 483.297729,290.797607 
z"/>
<path fill="#0D6CB9" opacity="1.000000" stroke="none" 
	d="
M780.071045,662.954712 
	C782.600098,656.787109 785.153931,651.039001 787.331421,645.151733 
	C788.759644,641.290222 790.683777,639.087341 795.271362,639.497986 
	C800.065857,639.927185 804.953186,639.893555 809.753479,639.498291 
	C813.477966,639.191650 815.335388,640.877014 816.550842,643.922058 
	C826.003906,667.604736 835.455994,691.287720 844.876648,714.983276 
	C846.999084,720.321777 848.859253,725.857239 856.503845,724.317688 
	C857.078735,724.202026 858.306519,724.607178 858.320496,724.828003 
	C858.620239,729.553223 859.120178,734.315247 858.716309,738.995483 
	C858.631592,739.977478 855.138855,741.345459 853.197693,741.377014 
	C840.202393,741.588989 827.200684,741.388367 814.204102,741.554321 
	C810.784790,741.598022 809.540894,740.574951 809.438721,737.065063 
	C809.087830,725.021484 808.972595,725.036804 820.513184,724.412109 
	C821.604187,724.353088 822.680542,724.021057 823.791077,723.810547 
	C823.791077,723.016724 823.866516,722.522461 823.779907,722.058472 
	C821.996216,712.504456 816.073608,709.857178 806.919373,711.074219 
	C801.024170,711.857971 794.940125,711.219421 788.940674,711.221924 
	C781.155334,711.225098 777.420837,715.466125 777.980591,724.452209 
	C780.535767,724.452209 783.145874,724.440308 785.755737,724.458313 
	C786.752930,724.465149 787.962463,724.188171 788.712341,724.641235 
	C794.028870,727.853394 790.696899,733.056396 791.368225,737.330994 
	C791.813354,740.164795 789.940369,741.504150 787.068237,741.496338 
	C774.402954,741.461975 761.737427,741.448425 749.072144,741.489685 
	C746.256836,741.498840 745.189087,740.132874 745.283325,737.483032 
	C745.336548,735.985352 745.273987,734.483826 745.272827,732.984009 
	C745.266968,725.293884 745.290894,725.421753 753.015503,724.037292 
	C754.505005,723.770325 756.423462,722.347717 756.984070,720.982056 
	C764.589355,702.454529 771.992065,683.843811 779.430542,665.247925 
	C779.675964,664.634460 779.770996,663.960815 780.071045,662.954712 
M787.899048,696.259216 
	C796.515015,697.569702 805.068970,697.022217 814.267578,696.579468 
	C809.679871,684.584473 805.572571,673.845703 801.465332,663.106873 
	C800.937195,663.045837 800.409058,662.984802 799.880859,662.923767 
	C795.755554,673.811096 791.630249,684.698486 787.899048,696.259216 
z"/>
<path fill="#0E6CB9" opacity="1.000000" stroke="none" 
	d="
M396.346130,715.982727 
	C396.345978,714.337158 396.233368,713.158264 396.365997,712.007690 
	C396.783936,708.382263 395.287476,706.982300 391.596100,706.879211 
	C381.950836,706.609863 382.156372,706.475159 381.928894,696.538818 
	C381.823090,691.916748 382.956573,690.042419 388.019562,690.234253 
	C398.497742,690.631287 409.004059,690.485901 419.493347,690.283020 
	C423.198700,690.211426 424.727142,691.504272 424.512878,695.153198 
	C424.386139,697.311035 424.337311,699.495850 424.525787,701.644592 
	C424.839966,705.226685 424.091797,707.495544 419.750092,707.003113 
	C416.813385,706.669983 416.211273,708.666565 416.235199,711.178650 
	C416.300201,718.006897 416.087036,724.841797 416.309998,731.663330 
	C416.466339,736.447510 414.911041,738.653992 409.799042,739.650757 
	C393.957581,742.739441 378.088745,742.953125 362.106964,741.703674 
	C347.745544,740.580750 335.736755,730.668030 332.132416,716.558533 
	C327.595581,698.798828 327.329193,680.844177 332.775146,663.378418 
	C337.322754,648.793823 348.147308,641.488037 363.746643,639.813782 
	C379.659363,638.105835 395.645538,638.988464 411.421021,642.265625 
	C414.799561,642.967407 416.258911,644.814209 416.253845,648.115417 
	C416.242371,655.610596 416.166138,663.107178 416.293091,670.600220 
	C416.340729,673.411499 415.102142,674.613892 412.488342,674.632385 
	C407.658844,674.666443 402.807251,674.877563 398.014038,674.455750 
	C396.795410,674.348511 395.144440,672.293030 394.786652,670.859497 
	C394.238739,668.664062 394.450867,666.212830 394.679993,663.903809 
	C395.112366,659.547180 393.522247,657.306519 388.928925,657.423157 
	C381.635406,657.608459 374.141205,656.648865 367.091187,658.020386 
	C357.437653,659.898560 353.435699,668.190491 352.879608,676.915344 
	C352.156372,688.262146 350.831573,699.810791 354.414551,711.094849 
	C356.881561,718.864380 362.384613,724.007812 370.436676,724.500061 
	C376.553070,724.874084 382.719696,724.706299 388.851929,724.468689 
	C396.341248,724.178406 396.335785,724.037842 396.346130,715.982727 
z"/>
<path fill="#0D6CB9" opacity="1.000000" stroke="none" 
	d="
M562.620911,710.336365 
	C570.046082,692.006897 577.258362,674.004822 584.499023,656.014160 
	C586.290710,651.562195 587.922546,647.014526 590.151245,642.786804 
	C590.935486,641.299072 593.232971,639.854797 594.930298,639.740784 
	C600.566223,639.362000 606.250732,639.770203 611.901978,639.531128 
	C615.196716,639.391724 616.755005,640.996399 617.845154,643.712830 
	C627.955261,668.903992 638.144104,694.063782 648.145386,719.298035 
	C649.601501,722.971924 651.669434,724.753235 655.604614,724.177002 
	C659.482300,723.609192 660.769531,725.123108 660.725891,729.157959 
	C660.592834,741.482483 660.766785,741.484436 648.338196,741.484375 
	C637.348450,741.484314 626.356812,741.369995 615.370056,741.551758 
	C611.946899,741.608398 610.689636,740.537842 610.558960,737.060120 
	C610.102905,724.927246 609.998291,724.941956 621.677490,724.421936 
	C622.780640,724.372803 623.873047,724.080444 625.820068,723.762146 
	C624.153870,719.933533 622.903259,716.398987 621.065918,713.201660 
	C620.436768,712.106873 618.346130,711.329773 616.908386,711.306030 
	C607.086914,711.143433 597.251892,710.991577 587.445007,711.403137 
	C585.356384,711.490784 582.764832,713.495789 581.482483,715.359009 
	C579.896912,717.662781 579.435852,720.740417 578.152771,724.457825 
	C582.012329,724.457825 584.946350,724.532654 587.874817,724.438293 
	C591.272400,724.328796 592.600891,725.846497 592.581665,729.250366 
	C592.502380,743.290161 593.551331,741.412415 580.719543,741.475342 
	C571.395142,741.521057 562.065796,741.312561 552.747620,741.557861 
	C548.323059,741.674316 546.688293,739.752625 546.779114,735.671326 
	C546.805054,734.506409 546.774658,733.340332 546.773743,732.174744 
	C546.768005,725.035522 546.794556,725.197144 554.000549,724.030273 
	C555.601807,723.770996 557.504639,722.230286 558.295410,720.757141 
	C560.004272,717.573608 561.082397,714.051575 562.620911,710.336365 
M597.832642,671.898560 
	C594.773560,679.303772 591.543884,686.645203 588.738098,694.145203 
	C587.588074,697.219177 589.887146,697.284546 593.033325,696.847839 
	C599.635925,696.776062 606.238525,696.704346 613.515808,696.897644 
	C613.972900,695.742798 615.082764,694.369324 614.781189,693.468567 
	C612.804810,687.566406 610.580261,681.744324 608.323547,675.940125 
	C606.526550,671.318237 604.568420,666.759033 602.681824,662.171997 
	C602.179626,662.160583 601.677429,662.149170 601.175232,662.137817 
	C600.347717,664.757751 599.520203,667.377686 598.519897,670.484924 
	C598.477905,670.826416 598.435913,671.167847 597.832642,671.898560 
z"/>
<path fill="#0165B5" opacity="1.000000" stroke="none" 
	d="
M538.476501,642.994324 
	C538.509399,647.024292 538.542297,651.054199 538.017822,655.577393 
	C536.465271,656.082764 535.470093,656.101746 534.474854,656.105713 
	C526.263367,656.138245 526.102295,656.293274 526.100342,664.490967 
	C526.096497,680.913879 525.974548,697.338074 526.141418,713.759277 
	C526.258972,725.333069 523.260010,725.382019 538.122314,724.910583 
	C538.262451,729.301697 538.402588,733.692871 537.968628,738.569946 
	C525.433533,739.065125 513.472473,739.094177 501.511627,739.064636 
	C499.471649,739.059570 496.872742,739.712830 496.867279,736.248779 
	C496.861633,732.664734 496.866028,729.080688 496.866028,725.031616 
	C499.755707,725.031616 501.930573,725.285645 503.995148,724.918823 
	C504.951538,724.748901 505.693085,723.369629 506.532013,722.538635 
	C506.511108,714.807007 506.490204,707.075378 506.606628,698.489441 
	C505.692291,697.092651 504.644653,696.087341 503.588379,696.078186 
	C491.096252,695.969360 478.602875,696.008789 466.109802,696.010376 
	C462.520660,696.010803 461.093964,697.914551 461.136292,701.380127 
	C461.213623,707.709045 461.292847,714.043518 461.106445,720.367859 
	C461.001404,723.932251 462.614471,725.149536 465.890625,725.048523 
	C468.477905,724.968628 471.069611,725.032410 474.058807,725.032410 
	C474.058807,729.006042 474.418152,732.209473 473.899231,735.263672 
	C473.658508,736.680542 471.734833,738.870789 470.530029,738.900085 
	C459.043243,739.179749 447.545746,739.145264 436.055573,738.951355 
	C434.988403,738.933289 433.153778,737.281006 433.043335,736.242126 
	C432.665680,732.689209 432.898590,729.071289 432.898590,725.290894 
	C435.124451,725.183594 436.611176,724.943298 438.064270,725.074829 
	C441.831665,725.415710 442.977600,723.682617 442.957397,720.080872 
	C442.847168,700.425720 442.848602,680.769348 442.950256,661.114136 
	C442.968658,657.558350 441.890503,655.595764 438.102722,656.127930 
	C433.923004,656.715027 432.281281,655.011719 432.850464,650.862976 
	C433.052399,649.391296 432.967957,647.863708 432.870148,646.371155 
	C432.704498,643.843445 433.710175,642.781799 436.333221,642.800659 
	C447.826233,642.883240 459.320435,642.806030 470.813354,642.894470 
	C471.810455,642.902161 473.631897,643.643311 473.662842,644.132690 
	C473.892151,647.760315 474.149384,651.487366 473.447723,654.993042 
	C473.294586,655.758057 469.309723,656.078796 467.099518,656.040039 
	C462.874420,655.965942 460.968018,657.664001 461.118744,661.979919 
	C461.293060,666.971130 461.098297,671.973999 461.180939,676.969910 
	C461.243591,680.758606 463.266144,682.839905 467.089325,682.853271 
	C478.915955,682.894470 490.743073,682.824097 502.569458,682.892456 
	C506.489197,682.915100 507.685638,681.187500 506.538910,677.571045 
	C506.512604,672.154236 506.486267,666.737427 506.660553,660.477722 
	C507.148224,655.606873 504.191559,655.927307 501.787811,656.171570 
	C497.759796,656.580811 496.313690,654.963623 496.818115,651.078369 
	C497.009216,649.606934 496.948212,648.082458 496.830994,646.595642 
	C496.611664,643.813599 497.781555,642.764893 500.581879,642.795898 
	C513.212585,642.935791 525.844849,642.940735 538.476501,642.994324 
z"/>
<path fill="#0769B7" opacity="1.000000" stroke="none" 
	d="
M715.021057,724.970642 
	C715.086121,729.016846 715.151184,733.063049 714.924072,737.824219 
	C713.362793,739.121460 712.098694,740.196594 710.823792,740.209595 
	C698.506287,740.335388 686.186951,740.274902 673.868103,740.285950 
	C670.548340,740.288940 668.983521,738.636353 669.023865,735.357666 
	C669.042297,733.859680 669.198425,732.336121 668.987976,730.867676 
	C668.312988,726.156189 670.019104,724.064575 674.959290,724.727112 
	C677.945068,725.127502 680.059814,724.332397 680.037292,720.486633 
	C679.922180,700.843750 679.952820,681.199829 679.999939,661.556396 
	C680.007446,658.430725 678.748657,656.701172 675.571289,657.052795 
	C670.238159,657.642883 668.198914,655.368286 668.990845,650.162964 
	C669.188904,648.861267 669.074402,647.501465 669.011658,646.172668 
	C668.846130,642.670166 670.357361,640.912720 673.987915,640.916931 
	C700.290283,640.947388 726.592834,640.964600 752.894958,640.890320 
	C756.225647,640.880920 757.246338,642.354065 757.212341,645.435608 
	C757.120422,653.758118 757.099365,662.083557 757.227783,670.405151 
	C757.271790,673.255859 756.178833,674.209229 753.417664,674.133850 
	C748.261719,673.993164 743.099243,674.092468 737.939453,674.091919 
	C737.651794,668.761658 737.364136,663.431396 736.490356,657.495728 
	C725.273682,656.820740 714.643188,656.738770 704.012512,656.689819 
	C701.174072,656.676697 699.914978,657.931519 700.018555,660.992065 
	C700.226807,667.145386 700.167419,673.312073 700.053711,679.470215 
	C699.991089,682.864136 701.658264,684.414856 704.817139,684.521301 
	C708.309692,684.639038 711.808594,684.579956 715.304688,684.581055 
	C728.438843,684.585327 729.676331,686.222107 726.575317,699.513794 
	C719.361267,699.515991 712.147278,699.518188 704.164307,699.349731 
	C700.576294,698.741150 700.032593,700.330627 700.060242,702.702332 
	C700.129639,708.663635 700.173035,714.628174 700.044128,720.587463 
	C699.980103,723.545837 701.123657,724.829895 704.099792,724.787903 
	C707.738586,724.736450 711.380493,724.900085 715.021057,724.970642 
z"/>
<path fill="#0E6CB9" opacity="1.000000" stroke="none" 
	d="
M1013.364258,712.986877 
	C1013.364075,714.485107 1013.364014,715.484985 1013.364685,716.484863 
	C1013.369629,723.780579 1013.365967,723.905029 1020.741821,724.121948 
	C1024.113281,724.221191 1025.370483,725.382324 1025.348267,728.890320 
	C1025.253784,743.839722 1025.752075,741.349854 1013.220093,741.470520 
	C1003.222168,741.566833 993.220398,741.368469 983.225098,741.556458 
	C979.797791,741.620911 978.196716,740.583130 978.528687,737.054626 
	C978.637451,735.898560 978.539917,734.723206 978.539001,733.556702 
	C978.532227,724.641541 978.528259,724.499695 987.163757,724.242493 
	C990.340393,724.147949 991.097717,722.842590 991.086731,719.983643 
	C991.014038,700.986145 990.964539,681.987610 991.111938,662.991028 
	C991.144714,658.768616 989.525940,657.546814 985.481079,657.675476 
	C978.547668,657.895813 978.541016,657.686279 978.538818,650.589600 
	C978.535583,640.066223 978.535583,640.065918 989.189697,640.066284 
	C999.355164,640.066589 1009.524292,640.226746 1019.684326,639.992493 
	C1023.938965,639.894348 1025.397705,641.749084 1025.278320,645.610168 
	C1025.242310,646.775513 1025.278198,647.943054 1025.278687,649.109558 
	C1025.282104,657.271545 1025.286987,657.480713 1017.354370,657.673462 
	C1013.235657,657.773560 1013.369873,660.238525 1013.369568,662.994324 
	C1013.367554,679.492371 1013.366150,695.990479 1013.364258,712.986877 
z"/>
<path fill="#5F9ED1" opacity="1.000000" stroke="none" 
	d="
M961.644287,665.362305 
	C961.714844,674.417480 962.889832,683.429626 956.890625,690.613464 
	C953.513367,694.657715 948.895203,697.665649 944.196716,701.687744 
	C945.962891,704.239563 948.298889,707.713379 950.742065,711.110107 
	C952.386230,713.395935 954.500244,715.398193 955.839478,717.837219 
	C958.176025,722.092712 961.304138,724.070129 966.288330,723.625366 
	C970.159973,723.279785 971.621216,725.361938 971.601013,729.479614 
	C971.528442,744.228394 971.238953,741.776245 959.089294,741.892944 
	C949.928772,741.980957 940.765564,741.819031 931.606018,741.947510 
	C927.836670,742.000427 926.007812,740.716431 926.337036,736.713196 
	C926.568359,733.900269 926.260193,731.044861 926.450867,728.225830 
	C926.532349,727.020935 926.973328,725.115417 927.758972,724.802124 
	C932.420349,722.943115 930.179565,720.699829 928.377625,718.397766 
	C926.946594,716.569641 925.007629,714.963745 924.135803,712.903137 
	C919.946899,703.002747 911.668335,702.747253 902.953796,703.750610 
	C901.779907,703.885803 900.014221,705.775818 899.901733,706.981934 
	C899.516418,711.110657 899.913696,715.305786 899.688293,719.458069 
	C899.506348,722.810425 900.479675,724.585083 904.110352,724.042053 
	C908.547363,723.378357 909.827698,725.382874 909.798157,729.697205 
	C909.714722,741.909607 909.879028,741.911255 897.678833,741.910461 
	C889.017151,741.909912 880.351318,741.747864 871.695679,741.974854 
	C867.488464,742.085144 865.898865,740.464905 866.348816,736.399353 
	C866.512756,734.918457 866.371765,733.404053 866.371643,731.904907 
	C866.370972,724.511292 866.396240,724.648315 873.494751,723.349548 
	C874.663940,723.135620 876.357361,721.129822 876.368530,719.938599 
	C876.548584,700.784790 876.462341,681.628601 876.526794,662.473328 
	C876.537537,659.270874 874.921326,658.417175 872.141052,658.664856 
	C867.843445,659.047729 866.297485,657.124329 866.295410,652.800781 
	C866.288757,639.337952 866.156982,639.318176 879.676331,639.343018 
	C897.165344,639.375183 914.677917,638.939392 932.131165,639.755737 
	C938.647827,640.060608 945.475525,642.445801 951.354126,645.458008 
	C958.770813,649.258362 960.221558,657.324585 961.644287,665.362305 
M879.862671,709.492554 
	C879.862671,712.490784 879.597778,715.518005 879.922180,718.480713 
	C880.468079,723.466431 878.653137,725.782898 873.533813,725.003967 
	C869.620422,724.408569 868.446777,726.296936 868.922913,729.866516 
	C869.053955,730.848389 869.050171,731.876343 868.924255,732.859619 
	C868.326599,737.526794 870.023071,739.472168 875.010742,739.232178 
	C882.655029,738.864380 890.330139,739.135742 897.992126,739.135742 
	C908.889343,739.135742 908.892517,739.135376 907.860596,728.274231 
	C907.832703,727.980347 907.548767,727.710815 907.167419,727.059937 
	C905.773071,726.993774 903.864929,727.422729 902.584656,726.715393 
	C900.846558,725.755249 898.456482,724.019165 898.326660,722.451782 
	C897.833618,716.497009 897.987244,710.469055 898.274109,704.486389 
	C898.329773,703.325012 900.012024,701.339050 901.035950,701.278137 
	C906.345947,700.962097 911.690735,701.029907 917.010803,701.258057 
	C918.052795,701.302795 919.275757,702.462097 920.012634,703.417786 
	C924.645874,709.426331 929.265259,715.452698 933.611938,721.667175 
	C934.242798,722.569153 933.790955,725.561890 933.157410,725.804565 
	C927.909241,727.814880 930.312927,732.180542 929.845642,735.603943 
	C929.502380,738.119263 930.702820,739.180847 933.301147,739.161011 
	C943.794128,739.080872 954.289124,739.190979 964.780396,739.033081 
	C965.887024,739.016418 967.852417,737.772949 967.921021,736.970337 
	C968.252197,733.098083 968.070190,729.181885 968.070190,727.098511 
	C962.941406,724.858459 958.231750,724.151367 955.720337,721.421753 
	C950.596497,715.852600 946.557068,709.260254 942.338379,702.911621 
	C941.725830,701.989807 942.091187,699.646484 942.889465,698.744263 
	C944.016235,697.470642 945.952820,696.896362 947.570801,696.077576 
	C953.739380,692.955933 957.838257,688.261658 958.087341,681.121033 
	C958.322754,674.372559 958.249329,667.605286 958.073853,660.852478 
	C957.853455,652.370361 949.100281,643.420837 940.518127,642.988892 
	C930.568176,642.488220 920.606262,642.126160 910.645386,641.968384 
	C899.821289,641.796936 888.992432,641.929321 878.165649,641.929565 
	C868.750916,641.929749 868.879944,641.930054 868.872986,651.533752 
	C868.870605,654.876160 869.665161,656.519592 873.323914,656.197876 
	C878.167542,655.772034 880.039185,658.006836 879.954346,663.023865 
	C879.697876,678.177002 879.862061,693.337280 879.862671,709.492554 
z"/>
<path fill="#5497CD" opacity="1.000000" stroke="none" 
	d="
M506.227295,677.849854 
	C507.685638,681.187500 506.489197,682.915100 502.569458,682.892456 
	C490.743073,682.824097 478.915955,682.894470 467.089325,682.853271 
	C463.266144,682.839905 461.243591,680.758606 461.180939,676.969910 
	C461.098297,671.973999 461.293060,666.971130 461.118744,661.979919 
	C460.968018,657.664001 462.874420,655.965942 467.099518,656.040039 
	C469.309723,656.078796 473.294586,655.758057 473.447723,654.993042 
	C474.149384,651.487366 473.892151,647.760315 473.662842,644.132690 
	C473.631897,643.643311 471.810455,642.902161 470.813354,642.894470 
	C459.320435,642.806030 447.826233,642.883240 436.333221,642.800659 
	C433.710175,642.781799 432.704498,643.843445 432.870148,646.371155 
	C432.967957,647.863708 433.052399,649.391296 432.850464,650.862976 
	C432.281281,655.011719 433.923004,656.715027 438.102722,656.127930 
	C441.890503,655.595764 442.968658,657.558350 442.950256,661.114136 
	C442.848602,680.769348 442.847168,700.425720 442.957397,720.080872 
	C442.977600,723.682617 441.831665,725.415710 438.064270,725.074829 
	C436.611176,724.943298 435.124451,725.183594 432.898590,725.290894 
	C432.898590,729.071289 432.665680,732.689209 433.043335,736.242126 
	C433.153778,737.281006 434.988403,738.933289 436.055573,738.951355 
	C447.545746,739.145264 459.043243,739.179749 470.530029,738.900085 
	C471.734833,738.870789 473.658508,736.680542 473.899231,735.263672 
	C474.418152,732.209473 474.058807,729.006042 474.058807,725.032410 
	C471.069611,725.032410 468.477905,724.968628 465.890625,725.048523 
	C462.614471,725.149536 461.001404,723.932251 461.106445,720.367859 
	C461.292847,714.043518 461.213623,707.709045 461.136292,701.380127 
	C461.093964,697.914551 462.520660,696.010803 466.109802,696.010376 
	C478.602875,696.008789 491.096252,695.969360 503.588379,696.078186 
	C504.644653,696.087341 505.692291,697.092651 506.637268,698.052856 
	C503.755798,698.164185 500.983704,697.624573 498.205841,697.593262 
	C488.545715,697.484436 478.879547,697.712341 469.224152,697.472534 
	C465.396973,697.377502 464.310913,698.741699 464.472321,702.379822 
	C464.723145,708.032288 464.683350,713.709106 464.485321,719.365723 
	C464.369080,722.684875 465.665649,723.623047 468.860931,723.651733 
	C476.791138,723.722839 476.825897,723.867004 476.780090,732.016663 
	C476.719238,742.846008 477.968414,741.816956 466.793304,741.854492 
	C456.465729,741.889160 446.134613,741.709229 435.811859,741.935364 
	C431.623505,742.027100 429.929993,740.488281 430.396667,736.410706 
	C430.434235,736.082092 430.399628,735.744995 430.397095,735.411865 
	C430.316071,724.680908 430.316071,724.680908 440.894104,723.055115 
	C440.894104,701.882446 440.894104,680.654114 440.894104,659.584351 
	C440.390320,659.226074 440.155670,658.950684 439.866821,658.870605 
	C436.836945,658.030334 431.525391,657.759644 431.180756,656.304504 
	C430.067230,651.602600 430.621887,646.457886 430.950684,641.511536 
	C431.002197,640.736267 433.216248,639.512451 434.441589,639.498718 
	C447.266174,639.354675 460.093170,639.446716 472.919220,639.394409 
	C475.717682,639.382996 476.817444,640.665955 476.773834,643.338928 
	C476.722229,646.502686 476.543518,649.690918 476.844574,652.827759 
	C477.276215,657.325928 475.242859,658.677185 471.048523,658.643066 
	C464.554596,658.590210 464.553223,658.760315 464.537811,665.233582 
	C464.503906,679.463135 464.503876,679.463135 478.857635,679.463135 
	C486.186981,679.463135 493.517883,679.544434 500.844452,679.402161 
	C502.542450,679.369202 504.225647,678.573486 506.227295,677.849854 
z"/>
<path fill="#A2C6E4" opacity="1.000000" stroke="none" 
	d="
M738.035583,674.474854 
	C743.099243,674.092468 748.261719,673.993164 753.417664,674.133850 
	C756.178833,674.209229 757.271790,673.255859 757.227783,670.405151 
	C757.099365,662.083557 757.120422,653.758118 757.212341,645.435608 
	C757.246338,642.354065 756.225647,640.880920 752.894958,640.890320 
	C726.592834,640.964600 700.290283,640.947388 673.987915,640.916931 
	C670.357361,640.912720 668.846130,642.670166 669.011658,646.172668 
	C669.074402,647.501465 669.188904,648.861267 668.990845,650.162964 
	C668.198914,655.368286 670.238159,657.642883 675.571289,657.052795 
	C678.748657,656.701172 680.007446,658.430725 679.999939,661.556396 
	C679.952820,681.199829 679.922180,700.843750 680.037292,720.486633 
	C680.059814,724.332397 677.945068,725.127502 674.959290,724.727112 
	C670.019104,724.064575 668.312988,726.156189 668.987976,730.867676 
	C669.198425,732.336121 669.042297,733.859680 669.023865,735.357666 
	C668.983521,738.636353 670.548340,740.288940 673.868103,740.285950 
	C686.186951,740.274902 698.506287,740.335388 710.823792,740.209595 
	C712.098694,740.196594 713.362793,739.121460 714.963013,738.288025 
	C716.755737,741.257812 715.506958,742.778503 712.181519,742.785400 
	C698.700806,742.813171 685.219971,742.794739 671.739197,742.789062 
	C668.699219,742.787781 667.100464,741.322266 667.107666,738.215088 
	C667.115723,734.720093 667.248047,731.217102 667.056152,727.732422 
	C666.861816,724.203064 668.446655,722.686096 671.786865,723.173340 
	C676.389343,723.844666 677.298096,721.767090 677.244751,717.536560 
	C677.024292,700.064209 677.088135,682.587036 677.205994,665.112732 
	C677.229736,661.589600 676.824341,659.274414 672.425232,659.785156 
	C668.627441,660.226074 667.005432,658.090454 667.085815,654.367737 
	C667.486389,635.811890 664.220581,639.258972 681.581299,639.102905 
	C705.545227,638.887512 729.512573,639.040894 753.478455,639.055115 
	C759.772278,639.058838 759.874329,639.176086 759.887573,645.523621 
	C759.904907,653.845093 760.060791,662.172974 759.749207,670.482788 
	C759.686157,672.163513 757.868103,675.141724 756.751709,675.193298 
	C750.563354,675.479004 744.341858,675.045227 738.035583,674.474854 
z"/>
<path fill="#A2C6E4" opacity="1.000000" stroke="none" 
	d="
M726.974792,699.632996 
	C729.676331,686.222107 728.438843,684.585327 715.304688,684.581055 
	C711.808594,684.579956 708.309692,684.639038 704.817139,684.521301 
	C701.658264,684.414856 699.991089,682.864136 700.053711,679.470215 
	C700.167419,673.312073 700.226807,667.145386 700.018555,660.992065 
	C699.914978,657.931519 701.174072,656.676697 704.012512,656.689819 
	C714.643188,656.738770 725.273682,656.820740 736.173096,657.158875 
	C728.338928,657.616577 720.236145,657.822083 712.132568,657.985779 
	C709.335938,658.042358 706.537109,657.994934 702.937744,657.994934 
	C702.937744,665.283691 702.819763,672.174316 703.105103,679.048157 
	C703.136536,679.804077 705.459290,681.022644 706.755859,681.072327 
	C712.555420,681.294495 718.370605,681.271973 724.175415,681.136780 
	C728.154297,681.044128 730.050232,682.708740 729.933960,686.731262 
	C729.847717,689.715698 730.186829,692.739563 729.805176,695.676758 
	C729.618164,697.116211 728.222717,698.398682 726.974792,699.632996 
z"/>
<path fill="#5497CD" opacity="1.000000" stroke="none" 
	d="
M538.662842,642.708740 
	C525.844849,642.940735 513.212585,642.935791 500.581879,642.795898 
	C497.781555,642.764893 496.611664,643.813599 496.830994,646.595642 
	C496.948212,648.082458 497.009216,649.606934 496.818115,651.078369 
	C496.313690,654.963623 497.759796,656.580811 501.787811,656.171570 
	C504.191559,655.927307 507.148224,655.606873 506.691040,660.040649 
	C504.065033,659.824829 501.619385,658.742432 499.150909,658.687622 
	C495.273773,658.601501 493.358978,657.451538 493.443512,653.205139 
	C493.763489,637.130005 491.510437,639.575745 507.079376,639.414368 
	C516.188904,639.319946 525.300171,639.386536 534.410645,639.406311 
	C536.536194,639.410889 539.019165,638.994690 538.662842,642.708740 
z"/>
<path fill="#5497CD" opacity="1.000000" stroke="none" 
	d="
M537.988037,724.557556 
	C523.260010,725.382019 526.258972,725.333069 526.141418,713.759277 
	C525.974548,697.338074 526.096497,680.913879 526.100342,664.490967 
	C526.102295,656.293274 526.263367,656.138245 534.474854,656.105713 
	C535.470093,656.101746 536.465271,656.082764 537.940308,656.035828 
	C537.094971,656.862976 535.722046,658.520020 534.453308,658.443787 
	C529.913940,658.170898 528.810120,660.170410 528.850098,664.358032 
	C529.018066,681.959961 529.078735,699.566711 528.816467,717.166321 
	C528.744995,721.961914 529.653870,724.548218 535.022461,723.635620 
	C535.908447,723.485046 536.907227,723.998169 537.988037,724.557556 
z"/>
<path fill="#5497CD" opacity="1.000000" stroke="none" 
	d="
M506.151184,722.745850 
	C505.693085,723.369629 504.951538,724.748901 503.995148,724.918823 
	C501.930573,725.285645 499.755707,725.031616 496.866028,725.031616 
	C496.866028,729.080688 496.861633,732.664734 496.867279,736.248779 
	C496.872742,739.712830 499.471649,739.059570 501.511627,739.064636 
	C513.472473,739.094177 525.433533,739.065125 537.890442,739.030396 
	C537.587097,739.955200 536.797913,741.723511 535.987061,741.733459 
	C523.028137,741.892639 510.064484,741.924377 497.108734,741.654236 
	C495.889069,741.628723 494.710632,739.386353 493.531464,738.155579 
	C493.446808,738.067139 493.506134,737.833252 493.511383,737.667419 
	C493.641785,733.536987 492.282410,728.226318 494.343018,725.622192 
	C496.242676,723.221558 501.815460,723.727417 506.151184,722.745850 
z"/>
<path fill="#A2C6E4" opacity="1.000000" stroke="none" 
	d="
M714.956543,724.576050 
	C711.380493,724.900085 707.738586,724.736450 704.099792,724.787903 
	C701.123657,724.829895 699.980103,723.545837 700.044128,720.587463 
	C700.173035,714.628174 700.129639,708.663635 700.060242,702.702332 
	C700.032593,700.330627 700.576294,698.741150 703.696655,699.375854 
	C703.646118,706.764282 703.205933,713.954651 703.094421,721.150085 
	C703.084473,721.791504 705.140564,722.808655 706.358154,723.056030 
	C709.163208,723.625916 712.042786,723.829285 714.956543,724.576050 
z"/>
<path fill="#0165B5" opacity="1.000000" stroke="none" 
	d="
M483.545654,290.545563 
	C490.746155,283.341858 497.809937,276.496338 504.597229,269.386871 
	C507.352997,266.500275 509.161926,266.687225 511.906921,269.447083 
	C536.228943,293.900879 560.673767,318.232635 585.079712,342.602997 
	C590.945618,348.460327 596.720398,354.412292 602.700195,360.150696 
	C605.348877,362.692444 605.931152,364.524353 602.967529,367.466370 
	C568.038940,402.140320 533.194763,436.899536 498.390594,471.698547 
	C465.230804,504.853455 432.146881,538.084229 399.014404,571.266479 
	C397.966980,572.315491 396.751373,573.196716 395.196716,574.508301 
	C393.706970,573.211121 392.174530,572.029663 390.817139,570.672974 
	C323.517365,503.407562 256.254822,436.104858 188.882706,368.912018 
	C185.399261,365.437897 185.051300,363.339996 188.745193,359.670593 
	C224.803497,323.851471 260.678986,287.848297 296.614746,251.905762 
	C336.190826,212.322235 375.772064,172.743866 415.357574,133.169815 
	C444.840302,103.695625 474.325531,74.223923 503.830841,44.772354 
	C508.061035,40.549904 508.940399,40.676464 513.037964,44.777878 
	C538.521851,70.285751 564.062439,95.736885 589.538818,121.252258 
	C617.121521,148.877167 644.649231,176.557037 672.211548,204.202316 
	C686.377258,218.410751 700.508057,232.655106 714.790283,246.745667 
	C717.924133,249.837448 718.312317,251.930801 714.913940,255.311966 
	C684.842224,285.231323 654.912476,315.293732 625.032166,345.404449 
	C621.933716,348.526764 619.777100,348.748566 616.526917,345.470703 
	C591.778320,320.511322 566.860474,295.719757 542.025696,270.845673 
	C531.726501,260.530212 521.513855,250.128281 511.221405,239.806015 
	C510.303162,238.885086 509.085571,238.262695 507.529053,237.164398 
	C499.854218,244.751740 492.175751,252.271317 484.575256,259.868866 
	C451.452240,292.979065 418.357391,326.117462 385.236328,359.229614 
	C381.056366,363.408447 380.933472,364.236877 385.212341,368.400909 
	C396.966400,379.839691 393.926666,380.101013 405.510773,368.551910 
	C431.473480,342.667664 457.372650,316.719635 483.545654,290.545563 
z"/>
<path fill="#E9F1F9" opacity="1.000000" stroke="none" 
	d="
M787.702026,695.922485 
	C791.630249,684.698486 795.755554,673.811096 799.880859,662.923767 
	C800.409058,662.984802 800.937195,663.045837 801.465332,663.106873 
	C805.572571,673.845703 809.679871,684.584473 814.267578,696.579468 
	C805.068970,697.022217 796.515015,697.569702 787.702026,695.922485 
z"/>
<path fill="#FDFEFE" opacity="1.000000" stroke="none" 
	d="
M612.841125,696.632629 
	C606.238525,696.704346 599.635925,696.776062 592.511719,696.379883 
	C593.091797,691.581787 594.169922,687.245422 595.302307,682.923340 
	C596.301331,679.110413 597.361023,675.313354 598.393921,671.509338 
	C598.435913,671.167847 598.477905,670.826416 598.957092,670.207031 
	C600.355469,669.370361 601.316589,668.811646 602.865967,667.911011 
	C604.063477,671.033752 605.242981,673.843994 606.224243,676.721802 
	C608.481140,683.341248 610.641541,689.993652 612.841125,696.632629 
z"/>
<path fill="#ABCCE7" opacity="1.000000" stroke="none" 
	d="
M613.178467,696.765137 
	C610.641541,689.993652 608.481140,683.341248 606.224243,676.721802 
	C605.242981,673.843994 604.063477,671.033752 602.865967,667.911011 
	C601.316589,668.811646 600.355469,669.370361 599.043457,669.963379 
	C599.520203,667.377686 600.347717,664.757751 601.175232,662.137817 
	C601.677429,662.149170 602.179626,662.160583 602.681824,662.171997 
	C604.568420,666.759033 606.526550,671.318237 608.323547,675.940125 
	C610.580261,681.744324 612.804810,687.566406 614.781189,693.468567 
	C615.082764,694.369324 613.972900,695.742798 613.178467,696.765137 
z"/>
<path fill="#ABCCE7" opacity="1.000000" stroke="none" 
	d="
M598.113281,671.703979 
	C597.361023,675.313354 596.301331,679.110413 595.302307,682.923340 
	C594.169922,687.245422 593.091797,691.581787 592.054443,696.322388 
	C589.887146,697.284546 587.588074,697.219177 588.738098,694.145203 
	C591.543884,686.645203 594.773560,679.303772 598.113281,671.703979 
z"/>
<path fill="#0466B6" opacity="1.000000" stroke="none" 
	d="
M879.862549,708.993652 
	C879.862061,693.337280 879.697876,678.177002 879.954346,663.023865 
	C880.039185,658.006836 878.167542,655.772034 873.323914,656.197876 
	C869.665161,656.519592 868.870605,654.876160 868.872986,651.533752 
	C868.879944,641.930054 868.750916,641.929749 878.165649,641.929565 
	C888.992432,641.929321 899.821289,641.796936 910.645386,641.968384 
	C920.606262,642.126160 930.568176,642.488220 940.518127,642.988892 
	C949.100281,643.420837 957.853455,652.370361 958.073853,660.852478 
	C958.249329,667.605286 958.322754,674.372559 958.087341,681.121033 
	C957.838257,688.261658 953.739380,692.955933 947.570801,696.077576 
	C945.952820,696.896362 944.016235,697.470642 942.889465,698.744263 
	C942.091187,699.646484 941.725830,701.989807 942.338379,702.911621 
	C946.557068,709.260254 950.596497,715.852600 955.720337,721.421753 
	C958.231750,724.151367 962.941406,724.858459 968.070190,727.098511 
	C968.070190,729.181885 968.252197,733.098083 967.921021,736.970337 
	C967.852417,737.772949 965.887024,739.016418 964.780396,739.033081 
	C954.289124,739.190979 943.794128,739.080872 933.301147,739.161011 
	C930.702820,739.180847 929.502380,738.119263 929.845642,735.603943 
	C930.312927,732.180542 927.909241,727.814880 933.157410,725.804565 
	C933.790955,725.561890 934.242798,722.569153 933.611938,721.667175 
	C929.265259,715.452698 924.645874,709.426331 920.012634,703.417786 
	C919.275757,702.462097 918.052795,701.302795 917.010803,701.258057 
	C911.690735,701.029907 906.345947,700.962097 901.035950,701.278137 
	C900.012024,701.339050 898.329773,703.325012 898.274109,704.486389 
	C897.987244,710.469055 897.833618,716.497009 898.326660,722.451782 
	C898.456482,724.019165 900.846558,725.755249 902.584656,726.715393 
	C903.864929,727.422729 905.773071,726.993774 907.167419,727.059937 
	C907.548767,727.710815 907.832703,727.980347 907.860596,728.274231 
	C908.892517,739.135376 908.889343,739.135742 897.992126,739.135742 
	C890.330139,739.135742 882.655029,738.864380 875.010742,739.232178 
	C870.023071,739.472168 868.326599,737.526794 868.924255,732.859619 
	C869.050171,731.876343 869.053955,730.848389 868.922913,729.866516 
	C868.446777,726.296936 869.620422,724.408569 873.533813,725.003967 
	C878.653137,725.782898 880.468079,723.466431 879.922180,718.480713 
	C879.597778,715.518005 879.862671,712.490784 879.862549,708.993652 
M899.097534,662.691406 
	C899.098511,669.690857 899.148071,676.690857 899.075562,683.689575 
	C899.047974,686.351074 899.938171,687.682434 902.828857,687.643433 
	C910.826782,687.535583 918.827332,687.635071 926.826355,687.578369 
	C932.761719,687.536255 936.989502,684.357178 938.099060,678.867004 
	C939.020325,674.309143 938.786499,669.226746 937.797791,664.650452 
	C936.660339,659.385437 932.447449,657.015747 926.923889,657.087830 
	C919.092529,657.190002 911.252258,657.296204 903.428772,657.026001 
	C899.670410,656.896179 898.700256,658.481934 899.097534,662.691406 
z"/>
<path fill="#F5F9FC" opacity="1.000000" stroke="none" 
	d="
M899.097656,662.218323 
	C898.700256,658.481934 899.670410,656.896179 903.428772,657.026001 
	C911.252258,657.296204 919.092529,657.190002 926.923889,657.087830 
	C932.447449,657.015747 936.660339,659.385437 937.797791,664.650452 
	C938.786499,669.226746 939.020325,674.309143 938.099060,678.867004 
	C936.989502,684.357178 932.761719,687.536255 926.826355,687.578369 
	C918.827332,687.635071 910.826782,687.535583 902.828857,687.643433 
	C899.938171,687.682434 899.047974,686.351074 899.075562,683.689575 
	C899.148071,676.690857 899.098511,669.690857 899.097656,662.218323 
z"/>
</svg>