<svg version="1.1" id="Layer_1" xmlns="http://www.w3.org/2000/svg" xmlns:xlink="http://www.w3.org/1999/xlink" x="0px" y="0px"
	 width="100%" viewBox="0 0 1443 1001" enable-background="new 0 0 1443 1001" xml:space="preserve">
<path fill="#000000" opacity="1.000000" stroke="none" 
	d="
M1444.000000,280.000000 
	C1444.000000,304.687561 1444.000000,329.375122 1443.653076,354.683899 
	C1439.534058,348.237579 1433.266724,345.985443 1425.701172,345.986176 
	C1243.601440,346.003967 1061.501709,345.999390 879.401917,346.011078 
	C877.866089,346.011169 876.330261,346.178345 874.794495,346.267517 
	C881.089600,349.497803 887.338318,352.481598 893.924561,353.917664 
	C908.170654,357.023865 922.617981,359.193115 936.931152,362.008972 
	C957.213989,365.999268 977.704834,369.271881 997.642883,374.590515 
	C1023.631104,381.523102 1049.510864,389.200745 1074.796753,398.332062 
	C1099.806641,407.363739 1124.332520,417.922394 1148.502930,429.045166 
	C1179.058594,443.106384 1208.517944,459.214630 1234.683716,480.801086 
	C1247.519775,491.390625 1258.993530,503.122253 1269.128418,516.285278 
	C1278.758423,528.792603 1285.762939,542.727112 1292.118896,557.450256 
	C1295.914062,569.561157 1291.370117,579.343750 1280.425537,581.646973 
	C1275.795776,582.621277 1270.838013,582.037231 1265.568604,582.101562 
	C1253.550171,582.690430 1241.958862,582.982300 1230.442627,584.070801 
	C1212.748779,585.743164 1195.001587,587.306519 1177.469604,590.117676 
	C1155.930298,593.571289 1134.284302,597.108643 1113.231934,602.678711 
	C1079.452026,611.616028 1045.737061,621.135925 1012.718201,632.509766 
	C984.328552,642.289062 956.566956,654.164124 929.222229,666.635376 
	C895.460083,682.033447 863.535339,700.975830 833.667419,723.055115 
	C817.523682,734.989197 802.267700,748.130188 786.708374,760.845520 
	C781.211487,765.337830 775.837646,770.010315 770.711670,774.918030 
	C766.010376,779.419312 760.233398,783.332520 759.981873,790.919373 
	C759.882385,793.921387 760.315918,795.589844 764.089050,796.177673 
	C773.317322,797.615295 782.447205,799.735901 791.569275,801.791870 
	C805.286316,804.883423 816.944580,802.749268 827.077698,791.679077 
	C846.225464,770.760376 867.759888,752.334778 890.358337,735.230286 
	C915.319946,716.337097 941.639404,699.475220 969.390503,684.981018 
	C986.180054,676.211853 1003.108582,667.611450 1020.449951,660.020996 
	C1042.418457,650.405090 1064.649902,641.291992 1087.165527,633.048157 
	C1118.491943,621.578430 1150.675415,612.857117 1183.299805,605.816467 
	C1210.884888,599.863342 1238.453491,593.834106 1266.492676,587.903870 
	C1273.543701,587.979431 1280.212524,588.628723 1286.694336,587.805786 
	C1292.279297,587.096619 1297.651001,584.709961 1303.569458,583.040894 
	C1311.131958,582.674377 1318.244141,582.369812 1325.351440,581.976807 
	C1330.299683,581.703308 1335.241089,581.307312 1340.185669,580.967957 
	C1359.464722,579.644958 1378.730225,578.035461 1398.028809,577.127930 
	C1406.937012,576.708984 1415.924316,577.451416 1424.848877,578.060120 
	C1431.900269,578.541077 1438.307373,577.308777 1444.000000,573.000000 
	C1444.000000,593.020874 1444.000000,613.041809 1443.609131,633.535522 
	C1418.596558,644.100281 1393.550781,653.286377 1369.477417,664.550659 
	C1347.427612,674.868042 1326.136353,686.925293 1305.033691,699.120544 
	C1273.425171,717.387329 1244.392334,739.387207 1217.599609,764.117371 
	C1192.624390,787.170105 1169.768555,812.280945 1149.730835,839.833191 
	C1146.314209,844.531128 1143.079102,849.361206 1139.293945,854.799927 
	C1146.708252,855.246643 1152.962036,855.972412 1159.210449,855.927734 
	C1172.487793,855.832764 1185.763184,855.368042 1199.037720,854.995789 
	C1209.149048,854.712280 1219.269287,854.536011 1229.365112,853.955933 
	C1243.375977,853.150940 1257.390137,852.252747 1271.361572,850.951721 
	C1286.437988,849.547791 1301.586182,848.330017 1316.487915,845.775879 
	C1337.986816,842.090942 1359.560791,838.282104 1380.604736,832.661438 
	C1402.266235,826.875977 1425.326050,824.362366 1444.000000,810.000000 
	C1444.000000,830.020874 1444.000000,850.041809 1443.592773,870.660034 
	C1441.726807,871.367859 1440.215454,871.268921 1438.817505,871.620605 
	C1420.488892,876.230774 1402.239868,881.177307 1383.840576,885.481567 
	C1367.365845,889.335632 1350.810425,892.968323 1334.142456,895.837952 
	C1316.962280,898.795654 1299.628662,900.923096 1282.315063,903.025085 
	C1266.448608,904.951355 1250.542358,906.652466 1234.610718,907.907043 
	C1220.751221,908.998535 1206.835205,909.769775 1192.937866,909.881409 
	C1175.498169,910.021484 1158.037354,909.684631 1140.612183,908.936462 
	C1117.311646,907.936096 1094.022461,906.544617 1070.755737,904.928040 
	C1057.275757,903.991516 1043.795532,902.675354 1030.412231,900.828186 
	C1011.687561,898.243652 992.983459,895.382324 974.397400,891.952393 
	C949.682434,887.391357 925.060791,882.307312 900.452515,877.190857 
	C876.963135,872.307068 853.628235,866.644165 830.069458,862.140015 
	C801.173340,856.615356 772.141357,851.780212 743.117249,846.953247 
	C725.438416,844.013062 707.698608,841.377075 689.922363,839.103516 
	C671.620483,836.762695 653.263123,834.789612 634.889404,833.095825 
	C616.963745,831.443481 598.997742,830.167969 581.028809,829.062561 
	C565.819397,828.126953 550.580566,827.116211 535.354553,827.113037 
	C498.917114,827.105591 462.479523,827.671997 426.042053,828.008789 
	C425.542755,828.013428 425.042633,828.032471 424.544708,828.069092 
	C406.755615,829.377563 388.965393,830.670410 371.178436,832.007690 
	C362.615967,832.651428 354.034790,833.157288 345.506683,834.120667 
	C332.752502,835.561279 320.028259,837.281006 307.308594,839.009644 
	C292.796875,840.981812 278.247681,842.762634 263.816498,845.223328 
	C242.437683,848.868652 221.039520,852.535217 199.848251,857.112488 
	C172.709091,862.974609 145.523529,868.882202 118.810707,876.382629 
	C93.497734,883.490051 68.658195,892.363342 43.832291,901.091064 
	C31.930841,905.275085 20.541754,910.916565 8.641039,916.122559 
	C3.062935,927.780579 2.335927,939.660339 3.669384,952.103149 
	C4.600967,960.795837 4.229131,969.715820 3.562480,978.467468 
	C2.908142,987.057495 1.513831,995.438782 10.764688,1000.648621 
	C11.016836,1000.790649 10.929164,1001.536011 10.999995,1002.000000 
	C7.668646,1002.000000 4.337292,1002.000000 1.002969,1002.000000 
	C1.000000,759.979126 1.000000,517.958191 1.255565,275.135620 
	C2.331946,275.512787 3.241972,276.640228 3.957004,277.880096 
	C6.172305,281.721619 9.413205,283.825684 13.872548,284.000427 
	C22.300007,284.330627 30.724773,284.763580 39.155128,284.978516 
	C55.080219,285.384521 71.009605,285.992920 86.935204,285.937775 
	C131.694550,285.782837 176.452591,285.282776 221.211746,285.021820 
	C242.876541,284.895538 264.542664,285.000000 286.208191,285.000000 
	C288.628357,285.000000 291.048553,285.000000 294.670959,285.000000 
	C291.845978,282.450745 290.104095,280.481018 287.995850,279.051788 
	C281.933868,274.942230 275.143524,273.130737 267.815338,272.889191 
	C266.194275,272.835754 264.619141,271.388367 263.022858,270.582855 
	C264.027557,268.719818 264.590393,266.187836 266.146698,265.159851 
	C268.179443,263.817108 270.964630,263.298645 273.485291,263.065643 
	C282.754974,262.208862 291.773712,263.893860 300.679016,266.309601 
	C314.492218,270.056793 328.060669,275.080994 342.770996,274.083557 
	C343.855103,274.010071 345.017426,275.100769 346.144470,275.648010 
	C351.196442,278.101044 356.013794,281.608917 361.347656,282.796204 
	C374.282654,285.675476 387.408234,283.819183 401.154999,282.731110 
	C400.176331,281.857361 399.789917,281.265747 399.259247,281.074646 
	C384.677490,275.822632 371.824646,266.944092 356.296844,263.208679 
	C340.087524,259.309357 324.719574,251.901733 308.998901,245.987778 
	C304.038391,244.121689 299.126434,242.126526 294.320282,240.240662 
	C294.916046,235.254379 297.817841,232.385361 301.899078,232.224121 
	C313.582825,231.762543 325.307648,229.817902 336.874939,234.261841 
	C346.344696,237.899979 356.104675,241.008652 365.984375,243.264206 
	C371.428345,244.507080 376.849548,244.418915 380.241455,249.940323 
	C380.980194,251.142883 383.263367,251.729507 384.925293,251.965256 
	C388.802704,252.515259 392.732361,252.887695 396.645599,252.934082 
	C399.771362,252.971176 401.976105,253.743805 404.088379,256.386322 
	C409.655334,263.350677 418.090485,264.892517 425.578674,261.134125 
	C428.131897,259.852661 428.940979,258.643646 426.845123,256.314087 
	C425.983582,255.356537 425.381439,254.170868 424.594971,253.139572 
	C420.489777,247.756180 416.098572,242.010254 408.749268,242.193573 
	C400.435089,242.400955 393.706116,240.318329 386.941833,235.275467 
	C381.827271,231.462509 374.817047,230.302750 368.947632,227.367920 
	C358.209320,221.998550 347.697571,216.176819 337.077972,210.569092 
	C330.907990,207.311020 324.648193,204.215378 318.573334,200.790314 
	C317.092621,199.955475 314.966309,197.734100 315.254181,196.809357 
	C315.896881,194.744766 317.679352,191.759491 319.343231,191.516434 
	C325.458740,190.623108 332.237976,189.016693 337.811188,190.751251 
	C349.782745,194.477173 361.092590,200.283844 372.808167,204.896271 
	C378.944397,207.312103 385.416168,208.862869 391.635345,211.086838 
	C394.434692,212.087875 397.049683,213.672516 399.637054,215.182922 
	C403.960175,217.706619 407.907257,221.214249 412.529694,222.809067 
	C420.282776,225.484024 428.397339,227.195465 436.450348,228.879318 
	C440.160614,229.655121 444.084900,229.407333 448.980927,229.684067 
	C446.911804,228.027512 445.892059,227.260559 444.926727,226.430313 
	C437.707123,220.220993 430.760834,213.653381 423.191284,207.906113 
	C418.358124,204.236496 412.285889,202.225311 407.331146,198.684280 
	C394.226501,189.318649 381.350006,179.624847 368.640656,169.730331 
	C367.508118,168.848618 367.337219,164.960403 368.292725,163.492493 
	C371.448456,158.644653 377.013275,157.255280 383.170288,160.181702 
	C395.147369,165.874390 406.810303,172.223938 418.680908,178.145950 
	C432.281342,184.930969 445.921234,191.641678 459.653290,198.154160 
	C462.295288,199.407120 465.442719,199.594406 468.356964,200.273315 
	C468.404144,199.926743 468.451324,199.580170 468.498505,199.233597 
	C441.358368,170.071991 414.218231,140.910385 387.097168,111.769295 
	C390.904388,107.395073 396.268890,105.687988 399.158691,107.641655 
	C425.510651,125.457054 451.888245,143.234589 478.243378,161.045319 
	C482.524139,163.938232 488.225250,166.042542 490.652313,170.083511 
	C495.270691,177.772827 501.635712,182.150131 509.547485,185.188324 
	C515.279907,187.389618 520.956543,189.736389 527.323792,192.284729 
	C525.604187,188.225937 524.500488,184.995529 522.921997,182.016724 
	C518.787170,174.213791 516.330933,165.296219 508.441986,159.922791 
	C505.756500,158.093658 502.565948,156.531128 500.714569,154.027252 
	C485.536560,133.499847 470.612701,112.784393 455.628571,92.113777 
	C450.302521,84.766449 445.023224,77.385239 439.604828,69.855896 
	C441.743134,67.767754 443.611969,65.942711 445.249268,64.343819 
	C457.864166,75.750938 470.389618,87.011665 482.840332,98.354424 
	C495.045166,109.473221 507.211395,120.635033 519.324646,131.853409 
	C529.884521,141.633118 540.314087,151.553467 550.870667,161.336716 
	C554.468506,164.671005 558.277649,167.777328 562.244873,171.208054 
	C565.281677,166.371368 566.465881,160.948547 564.432007,156.171875 
	C558.483032,142.200165 552.254150,128.294083 545.159546,114.878067 
	C537.350830,100.111618 529.290833,85.522324 524.244507,69.520729 
	C522.250549,63.198009 524.408447,57.169006 529.537842,54.035240 
	C535.901428,62.083515 542.367920,70.075424 548.632385,78.222694 
	C562.636230,96.435532 576.669006,114.628716 590.435974,133.020050 
	C599.000427,144.461258 607.227051,156.162674 615.347839,167.925064 
	C618.688599,172.763977 622.476990,176.103607 628.147034,175.896637 
	C628.447632,170.305237 628.907471,165.173859 628.942261,160.039581 
	C628.970825,155.818741 627.809021,151.486679 623.870728,149.566620 
	C619.250854,147.314209 617.598633,144.047913 617.623901,139.283859 
	C617.633362,137.505569 617.381775,135.672684 616.920044,133.953094 
	C610.252197,109.123123 603.411743,84.338882 596.870850,59.475727 
	C593.949219,48.370106 591.925232,37.024696 588.888428,25.954174 
	C586.599609,17.610025 589.088318,7.573728 580.604126,1.305343 
	C580.736084,1.203562 580.868042,1.101781 581.000000,1.000000 
	C587.354431,1.000000 593.708801,1.000000 600.865967,1.266069 
	C592.782349,7.647228 594.082458,10.169746 596.436890,17.788589 
	C597.667053,21.769302 599.819336,25.480492 601.694397,29.244024 
	C615.606445,57.167595 629.546448,85.077248 643.492554,112.983818 
	C650.538940,127.083954 657.549072,141.203354 664.789001,155.203735 
	C665.470337,156.521286 667.853882,157.925110 669.138794,157.679077 
	C670.310303,157.454773 671.743225,155.106796 671.888367,153.583145 
	C672.776672,144.256775 673.537964,134.907639 673.945984,125.548836 
	C674.487122,113.137939 674.912903,100.711517 674.926941,88.291237 
	C674.939636,77.037636 674.318054,65.783775 674.003967,54.529255 
	C673.652771,41.944469 673.626038,29.341066 672.865784,16.781618 
	C672.526917,11.183474 671.358032,5.330194 664.855591,2.881648 
	C664.398926,2.709700 664.277405,1.647965 664.000000,0.999993 
	C673.354248,1.000000 682.708435,1.000000 692.864929,1.259778 
	C691.150085,3.919030 687.443604,5.902534 686.421631,8.824889 
	C685.186768,12.355896 685.556641,16.830235 686.397583,20.638937 
	C690.059387,37.224567 694.314758,53.678505 698.037109,70.251564 
	C703.868225,96.213570 710.345276,122.057281 713.037109,148.629333 
	C713.621643,154.399933 718.546692,158.382492 724.023804,157.995834 
	C729.648010,157.598801 733.011902,153.732620 732.950195,147.317245 
	C732.920471,144.227600 731.596008,140.989136 732.179382,138.083389 
	C734.441528,126.816422 737.327087,115.676468 739.805420,104.450569 
	C742.635925,91.629364 745.213379,78.752380 748.025452,65.926964 
	C750.363708,55.262539 752.882629,44.637722 755.344727,33.893967 
	C762.959351,37.375610 765.146790,41.400185 763.991638,48.724113 
	C763.507935,51.790836 763.003906,54.910332 763.060974,57.995617 
	C763.217102,66.426193 763.911743,74.850098 763.954102,83.278854 
	C764.081604,108.610062 763.987854,133.942337 764.010376,159.274155 
	C764.014832,164.279755 766.548401,167.441315 770.818909,167.995377 
	C775.608215,168.616791 778.149048,166.795502 779.713684,161.685074 
	C780.326172,159.684631 780.835815,157.620758 781.721863,155.741150 
	C788.085205,142.243286 794.483948,128.761612 800.965149,115.319969 
	C812.953552,90.456474 824.995850,65.618950 837.066650,40.795380 
	C837.579468,39.740826 838.427734,38.473488 839.420898,38.094383 
	C843.415894,36.569588 847.529419,35.355335 851.989807,33.898731 
	C851.989807,36.081585 852.319824,37.814430 851.936890,39.372013 
	C849.157410,50.678146 846.019531,61.899673 843.415405,73.244484 
	C840.698547,85.080704 838.294922,96.996155 836.109009,108.941864 
	C835.552856,111.981117 835.608704,114.697014 833.433105,117.518517 
	C830.863220,120.851341 829.004150,125.148804 828.141724,129.299194 
	C826.028320,139.470123 824.710999,149.804764 822.969971,160.055954 
	C822.474915,162.970840 821.624634,165.825409 820.937317,168.707642 
	C821.453491,169.100067 821.969727,169.492493 822.485962,169.884918 
	C828.473206,164.283508 835.002991,159.142639 840.273376,152.932785 
	C844.379211,148.095032 846.445557,141.578598 850.250305,136.422195 
	C858.384644,125.398460 867.090820,114.798027 875.503540,103.978188 
	C889.316650,86.212677 903.339661,68.600555 916.714172,50.509754 
	C920.804321,44.977402 925.048950,42.740955 932.322144,44.580051 
	C926.976624,57.181282 922.166016,69.919243 916.268066,82.132111 
	C904.262817,106.991432 891.652710,131.558334 879.329346,156.264465 
	C874.072144,166.804214 874.114807,166.825500 880.529602,172.900589 
	C916.520752,140.301880 952.519287,107.696503 988.503174,75.104416 
	C994.741211,81.137360 994.847656,84.105339 989.981079,90.569893 
	C983.824158,98.748451 978.412048,107.532768 971.817749,115.327484 
	C958.809265,130.704102 950.962585,150.063751 933.696350,162.305527 
	C926.267822,167.572357 928.017700,177.427078 928.139343,185.812973 
	C934.024719,183.736603 939.564819,182.317307 944.568176,179.821854 
	C947.714111,178.252747 950.950439,175.517319 952.473755,172.469269 
	C953.691223,170.033127 954.913025,168.378036 957.082764,166.954926 
	C972.281372,156.986542 987.443909,146.962891 1002.584656,136.906601 
	C1023.902222,122.747726 1045.190918,108.545341 1067.770630,93.510162 
	C1066.907227,98.459023 1067.495117,103.263222 1065.369629,105.712761 
	C1059.429443,112.558434 1052.311768,118.373306 1045.758423,124.698143 
	C1034.246704,135.808472 1022.814209,147.000885 1011.337585,158.147629 
	C1007.253723,162.114120 1003.611206,166.761566 998.943726,169.856186 
	C987.152649,177.673965 977.295166,186.898148 971.965454,200.672440 
	C972.803162,200.805466 973.404785,200.987671 974.005310,200.983658 
	C989.263794,200.881714 1002.247314,195.499878 1013.041321,184.598511 
	C1015.209778,182.408508 1018.124207,180.386398 1021.045349,179.615662 
	C1031.234619,176.927185 1040.178223,171.861755 1049.098022,166.518616 
	C1057.581543,161.436737 1066.169067,156.459579 1075.052979,152.139984 
	C1080.421631,149.529602 1086.210327,145.876328 1092.544189,149.147568 
	C1094.768677,150.296432 1096.604736,152.817993 1097.707275,155.144455 
	C1098.042603,155.851898 1095.550293,158.306259 1093.979492,159.445145 
	C1082.400024,167.840439 1070.750488,176.140106 1059.072998,184.399033 
	C1051.248535,189.932816 1043.938110,196.684692 1035.340820,200.526016 
	C1020.196167,207.292740 1009.655457,219.088211 998.355835,230.246979 
	C998.091736,230.507812 998.189819,231.135345 998.094238,231.751236 
	C1006.958069,229.479477 1015.629395,227.125977 1024.368042,225.057602 
	C1031.757202,223.308701 1038.421875,220.416229 1044.287598,215.408951 
	C1046.716675,213.335251 1050.076172,212.246582 1053.150146,211.069351 
	C1055.236694,210.270279 1057.707764,210.443604 1059.757690,209.586304 
	C1071.993774,204.469055 1084.157959,199.179428 1096.345459,193.945953 
	C1105.279419,190.109604 1114.550171,188.673630 1123.995850,191.236923 
	C1125.990601,191.778229 1127.862549,194.480652 1128.729370,196.617874 
	C1129.070190,197.458344 1126.789429,200.003525 1125.208008,200.874313 
	C1117.101929,205.337967 1108.810303,209.463058 1100.631470,213.796814 
	C1094.329346,217.136169 1088.111328,220.633514 1081.831177,224.014771 
	C1076.836670,226.703857 1072.031860,230.725677 1066.726562,231.584961 
	C1061.277100,232.467590 1057.352661,234.708542 1053.344727,237.873657 
	C1049.389893,240.996811 1044.915039,242.484970 1039.663208,242.127060 
	C1036.506592,241.911926 1033.107422,242.491867 1030.091309,243.518997 
	C1022.447754,246.122009 1020.085693,253.579971 1015.847412,259.350952 
	C1022.911316,264.328705 1032.175293,264.757172 1036.834351,259.422028 
	C1041.642090,253.916748 1047.428833,253.355087 1053.953979,252.811508 
	C1058.817017,252.406387 1064.347290,251.385010 1068.110718,248.630234 
	C1072.629272,245.322800 1076.782471,243.530228 1082.378052,242.473022 
	C1093.753052,240.323898 1104.917603,236.717514 1115.907227,232.948914 
	C1134.174194,226.684753 1152.292847,220.318939 1172.119629,221.898346 
	C1177.159790,222.299850 1180.025513,224.252548 1181.265503,229.940338 
	C1137.025269,245.854279 1092.827148,261.753052 1048.629150,277.651825 
	C1055.514404,280.127716 1062.579468,281.716003 1069.646851,283.293427 
	C1079.135254,285.411163 1087.949585,283.498718 1095.545654,277.716003 
	C1099.263428,274.885773 1103.189331,273.745911 1107.496582,273.000610 
	C1120.469116,270.755981 1133.441528,268.510498 1146.413208,266.260864 
	C1158.426392,264.177490 1170.441284,262.104675 1182.450195,259.997192 
	C1195.092529,257.778534 1207.703735,255.362488 1220.385986,253.403717 
	C1223.405884,252.937317 1226.653931,253.947464 1229.796997,254.278473 
	C1229.832397,254.854309 1229.867798,255.430145 1229.903076,256.005981 
	C1226.354858,258.301849 1223.091309,261.691742 1219.208496,262.702393 
	C1203.228760,266.861786 1187.056641,270.279999 1170.964478,274.010468 
	C1165.254883,275.334076 1159.571655,276.770721 1154.106079,278.099915 
	C1154.641113,280.888397 1155.001099,282.764771 1155.429932,284.999908 
	C1156.506470,284.999908 1157.648804,284.995483 1158.791138,285.000519 
	C1234.214478,285.333191 1309.637817,285.675537 1385.061157,285.991852 
	C1398.726807,286.049164 1412.392944,286.014954 1426.058838,285.980316 
	C1427.696533,285.976166 1429.464844,286.049469 1430.946289,285.488800 
	C1435.358032,283.819092 1439.656982,281.851288 1444.000000,280.000000 
M957.769470,387.279144 
	C948.837341,383.832672 940.082092,379.793945 930.936401,377.062439 
	C911.610962,371.290649 892.151550,365.929413 872.617371,360.903992 
	C849.603943,354.983521 826.136719,351.646576 802.433289,349.992584 
	C796.843750,349.602570 791.256531,349.176086 785.664490,348.826355 
	C779.131958,348.417786 772.595337,348.074951 766.060425,347.703613 
	C782.739624,352.133179 799.657043,354.861877 816.135437,359.241943 
	C849.944092,368.228577 883.529419,378.057831 917.178833,387.638428 
	C925.156372,389.909790 933.023560,392.568939 941.312744,395.656006 
	C942.637878,396.325226 943.948669,397.024689 945.290222,397.659210 
	C970.433350,409.551483 995.859009,420.886292 1020.653687,433.465118 
	C1049.973389,448.339600 1076.807251,466.942322 1097.881714,492.607300 
	C1105.985718,502.476593 1113.230713,513.170898 1119.866333,524.097107 
	C1128.796143,538.801270 1133.887451,555.224060 1138.891235,571.609131 
	C1140.843506,578.001770 1143.832886,580.351807 1150.530273,579.906067 
	C1160.708618,579.228699 1170.878296,578.170776 1180.988525,576.806763 
	C1187.483032,575.930542 1189.350952,572.210693 1187.310181,565.728027 
	C1186.276489,562.444824 1184.870728,559.263672 1184.034180,555.935608 
	C1178.282593,533.053833 1167.062134,513.276978 1150.780396,496.246704 
	C1130.578247,475.115906 1107.766235,457.240479 1082.873535,442.054718 
	C1070.671265,434.610657 1058.357910,427.134949 1045.396240,421.198608 
	C1024.794434,411.763214 1003.704712,403.359711 982.618835,395.032593 
	C974.740234,391.921173 966.294006,390.247314 957.769470,387.279144 
M778.031616,373.844177 
	C778.672729,374.535492 779.183411,375.542664 779.974976,375.869446 
	C788.168274,379.251373 796.410156,382.515198 804.632141,385.827789 
	C836.005859,398.468292 866.214661,413.282532 893.910522,432.932434 
	C912.666382,446.239471 929.372314,461.769562 943.245239,480.000000 
	C962.326050,505.074127 974.938538,533.315247 980.990173,564.323914 
	C983.452454,576.940613 986.932739,580.378479 999.980347,579.869873 
	C1008.996216,579.518433 1017.987488,578.104919 1026.941650,576.828674 
	C1030.209106,576.362976 1032.329956,573.794739 1031.902344,570.422729 
	C1031.244385,565.234863 1030.059692,560.108582 1028.988159,554.979248 
	C1023.139954,526.986389 1010.747925,502.151917 991.435791,481.168457 
	C978.103149,466.681915 963.704895,453.251221 947.962952,441.190552 
	C923.087097,422.132080 896.324829,406.326080 867.466370,394.516846 
	C845.026367,385.334106 821.740906,378.189636 798.712341,370.494995 
	C793.800903,368.853973 788.375977,368.750000 782.818542,367.315308 
	C781.204834,366.224152 779.733948,364.719452 777.955505,364.105072 
	C757.613770,357.077667 736.864685,351.422821 715.448303,349.180908 
	C702.965576,347.874146 690.298157,348.320618 677.712708,348.023773 
	C676.526672,347.995758 675.332886,348.294312 674.142639,348.441254 
	C674.134033,348.848907 674.125366,349.256561 674.116760,349.664246 
	C676.095825,349.799225 678.150696,349.635254 680.042542,350.114746 
	C702.711060,355.860199 725.308594,361.892944 748.027649,367.427948 
	C757.871582,369.826233 767.953003,371.250000 778.031616,373.844177 
M653.793579,356.290955 
	C652.377686,355.529663 651.043945,354.434204 649.532227,354.062225 
	C640.898010,351.937775 632.181824,350.140228 623.569885,347.933258 
	C614.133301,345.515015 605.349182,348.619965 596.036255,350.244019 
	C596.705505,351.013611 596.975952,351.641022 597.360840,351.721588 
	C612.294556,354.848145 627.230957,357.963257 642.188293,360.974182 
	C645.050964,361.550476 648.001465,361.690430 651.240417,362.671783 
	C652.832825,363.474457 654.373901,364.407135 656.025757,365.059052 
	C668.401001,369.943146 681.024109,374.270447 693.136658,379.732361 
	C712.554626,388.488525 730.872498,399.183990 747.488953,412.710571 
	C761.554565,424.160706 774.194702,436.884705 784.994324,451.466675 
	C800.373291,472.231689 811.298706,495.196716 817.389099,520.197876 
	C820.914612,534.670044 822.628601,549.589600 825.018250,564.330444 
	C827.019897,576.678101 820.337891,581.217041 810.857300,581.987427 
	C798.192749,583.016602 785.462952,583.505432 772.870239,585.091980 
	C754.780762,587.370972 736.662476,589.786255 718.788086,593.316101 
	C695.302673,597.953918 671.972839,603.445129 648.701843,609.088013 
	C615.784912,617.069946 583.560974,627.423523 551.980896,639.621399 
	C522.484314,651.014526 493.437042,663.526367 465.844391,679.095276 
	C450.087402,687.986023 434.167877,696.695312 419.077911,706.634644 
	C400.282898,719.014404 382.025177,732.254822 364.015564,745.763672 
	C354.657379,752.783264 346.090790,760.930298 337.659668,769.078308 
	C334.274323,772.349915 332.212067,776.990540 328.889801,781.999939 
	C332.124054,781.999939 333.770996,782.121704 335.395081,781.980347 
	C346.397461,781.022461 357.418365,780.214661 368.388794,778.967041 
	C386.309021,776.929077 403.317749,771.484253 418.077087,761.204651 
	C430.879181,752.288330 442.570801,741.763611 454.641968,731.814697 
	C475.943390,714.258362 499.178986,699.629883 523.576477,686.901733 
	C539.793823,678.441040 556.248108,670.325195 573.059265,663.137573 
	C598.585022,652.223999 624.287048,641.639343 650.324951,632.027771 
	C685.169434,619.165344 720.917297,609.147949 757.366028,601.861267 
	C776.834900,597.969177 796.364868,594.329407 815.957275,591.127014 
	C829.419861,588.926514 843.067688,587.883728 856.575684,585.929749 
	C866.997314,584.422180 876.691162,578.149231 874.928772,564.726990 
	C873.627563,554.816833 872.120056,544.891418 869.919067,535.150208 
	C864.625977,511.723755 856.088440,489.474243 842.638428,469.488770 
	C830.862183,451.990448 816.538208,436.650177 800.489197,422.882019 
	C785.782898,410.265808 769.708679,399.849487 752.610291,390.814117 
	C730.383484,379.068695 706.936096,370.501190 682.884644,363.536499 
	C673.453857,360.805573 663.723755,359.108276 653.793579,356.290955 
M366.500000,346.000000 
	C252.681534,346.000000 138.863037,345.983246 25.044643,346.078308 
	C21.510815,346.081268 17.811892,346.772980 14.475851,347.952362 
	C4.571575,351.453735 3.098384,360.212830 3.112561,368.902740 
	C3.166028,401.678497 3.925474,434.453278 3.954273,467.228821 
	C4.066432,594.878418 4.000009,722.528198 4.000003,850.177917 
	C4.000003,852.306213 4.000004,854.434509 4.000004,857.004272 
	C28.962229,849.767395 53.375702,842.710938 77.775734,835.608337 
	C94.481682,830.745361 111.248322,826.068359 127.827766,820.804138 
	C135.073105,818.503662 143.021637,817.425781 148.531250,811.043518 
	C154.802032,803.779541 161.185272,796.590454 167.884811,789.725159 
	C174.605560,782.838196 181.622406,776.218933 188.786255,769.790771 
	C199.112213,760.525330 209.192276,750.875732 220.271606,742.585205 
	C237.638031,729.590149 255.295303,716.863403 273.675568,705.377014 
	C292.357544,693.702026 311.590637,682.678589 331.442139,673.163696 
	C356.183014,661.305359 381.664276,650.941223 407.081848,640.558594 
	C435.703339,628.867188 465.192108,619.578674 495.174622,612.119751 
	C520.322571,605.863586 545.693420,600.456970 571.076172,595.209534 
	C585.381531,592.252136 599.872620,590.103638 614.349670,588.091858 
	C629.020142,586.053162 643.756958,584.431763 658.500427,582.994141 
	C674.423401,581.441406 690.374573,580.105042 706.339661,579.085022 
	C714.713318,578.550049 718.201294,575.709900 717.945801,567.273071 
	C717.474426,551.710449 717.141113,536.119812 715.874023,520.612488 
	C714.804443,507.522369 713.518860,494.293427 710.531189,481.547302 
	C703.067505,449.704773 688.773254,421.387543 662.760010,400.476562 
	C650.876221,390.923615 638.533264,381.660858 625.374817,374.032440 
	C597.329285,357.773468 566.446716,349.855957 534.305969,347.136230 
	C521.259705,346.032227 508.095001,346.084625 494.982941,346.046356 
	C452.488922,345.922302 409.994354,346.000000 366.500000,346.000000 
M962.038635,837.526428 
	C963.315491,837.831421 964.597900,838.115051 965.868347,838.444580 
	C986.277527,843.738525 1004.027161,837.635803 1016.648010,820.873291 
	C1022.375549,813.266113 1027.142700,804.739014 1033.781128,798.054993 
	C1048.019409,783.719177 1062.792847,769.848450 1078.096558,756.656494 
	C1092.165771,744.528625 1106.751709,732.879089 1121.932251,722.186279 
	C1154.020386,699.583923 1187.919312,679.932068 1223.890747,664.122559 
	C1245.396606,654.670654 1266.995117,645.299438 1289.047974,637.251099 
	C1327.003662,623.398621 1365.963867,612.712524 1405.173950,602.981323 
	C1417.245728,599.985352 1429.294189,596.895142 1441.353271,593.848145 
	C1434.627319,592.189636 1427.942139,591.014648 1421.278931,591.128906 
	C1409.717529,591.326965 1398.092651,591.702393 1386.634155,593.127319 
	C1368.882202,595.334778 1351.044312,597.571106 1333.608887,601.443481 
	C1304.441528,607.921265 1275.872192,616.655029 1247.734741,626.860291 
	C1215.538452,638.537537 1183.973267,651.681763 1153.408203,667.048950 
	C1131.651855,677.987366 1110.419678,690.001465 1089.216553,702.000122 
	C1056.333374,720.608337 1025.490845,742.285583 997.359802,767.466736 
	C980.496094,782.562134 964.638306,798.841370 952.801575,818.573303 
	C945.174744,831.287292 946.421570,834.635193 962.038635,837.526428 
M562.590881,774.034424 
	C575.856628,778.085083 589.632080,778.178772 603.009338,776.596252 
	C623.109558,774.218567 639.753601,763.936462 653.930969,749.611755 
	C658.246094,745.251709 662.450073,740.649719 667.346130,737.024597 
	C676.981018,729.890625 686.840515,723.003174 697.011230,716.661926 
	C716.406860,704.569031 735.576050,691.958618 755.781982,681.360535 
	C778.801392,669.286804 802.607971,658.611755 826.508240,648.343140 
	C863.697876,632.364807 902.292358,620.212036 941.460815,610.250732 
	C974.359985,601.883850 1007.708679,595.283813 1040.861694,587.916626 
	C1045.015991,586.993469 1049.190796,586.162292 1053.356201,585.288513 
	C1053.295898,584.856384 1053.235596,584.424255 1053.175293,583.992126 
	C1041.204346,583.992126 1029.195557,583.387512 1017.271423,584.134277 
	C999.517456,585.246155 981.733032,586.670166 964.128235,589.146301 
	C945.127625,591.818848 926.156433,595.149719 907.461914,599.451477 
	C873.864563,607.182373 840.596252,616.308716 808.177795,628.134644 
	C782.257019,637.590210 756.290955,647.041992 730.917480,657.840454 
	C709.117798,667.118103 687.931763,677.917358 666.849792,688.772888 
	C652.976501,695.916443 639.303955,703.665344 626.388489,712.396179 
	C611.967773,722.144592 598.511780,733.319092 584.623657,743.856750 
	C575.152405,751.043030 567.977356,760.255127 561.407410,770.014404 
	C560.412109,771.492859 558.630676,772.938782 562.590881,774.034424 
z"/>
<path fill="#005992" opacity="1.000000" stroke="none" 
	d="
M8.920625,915.897949 
	C20.541754,910.916565 31.930841,905.275085 43.832291,901.091064 
	C68.658195,892.363342 93.497734,883.490051 118.810707,876.382629 
	C145.523529,868.882202 172.709091,862.974609 199.848251,857.112488 
	C221.039520,852.535217 242.437683,848.868652 263.816498,845.223328 
	C278.247681,842.762634 292.796875,840.981812 307.308594,839.009644 
	C320.028259,837.281006 332.752502,835.561279 345.506683,834.120667 
	C354.034790,833.157288 362.615967,832.651428 371.178436,832.007690 
	C388.965393,830.670410 406.755615,829.377563 424.544708,828.069092 
	C425.042633,828.032471 425.542755,828.013428 426.042053,828.008789 
	C462.479523,827.671997 498.917114,827.105591 535.354553,827.113037 
	C550.580566,827.116211 565.819397,828.126953 581.028809,829.062561 
	C598.997742,830.167969 616.963745,831.443481 634.889404,833.095825 
	C653.263123,834.789612 671.620483,836.762695 689.922363,839.103516 
	C707.698608,841.377075 725.438416,844.013062 743.117249,846.953247 
	C772.141357,851.780212 801.173340,856.615356 830.069458,862.140015 
	C853.628235,866.644165 876.963135,872.307068 900.452515,877.190857 
	C925.060791,882.307312 949.682434,887.391357 974.397400,891.952393 
	C992.983459,895.382324 1011.687561,898.243652 1030.412231,900.828186 
	C1043.795532,902.675354 1057.275757,903.991516 1070.755737,904.928040 
	C1094.022461,906.544617 1117.311646,907.936096 1140.612183,908.936462 
	C1158.037354,909.684631 1175.498169,910.021484 1192.937866,909.881409 
	C1206.835205,909.769775 1220.751221,908.998535 1234.610718,907.907043 
	C1250.542358,906.652466 1266.448608,904.951355 1282.315063,903.025085 
	C1299.628662,900.923096 1316.962280,898.795654 1334.142456,895.837952 
	C1350.810425,892.968323 1367.365845,889.335632 1383.840576,885.481567 
	C1402.239868,881.177307 1420.488892,876.230774 1438.817505,871.620605 
	C1440.215454,871.268921 1441.726807,871.367859 1443.592773,871.128662 
	C1444.000000,912.354248 1444.000000,953.708435 1443.815918,995.170166 
	C1443.361450,995.275269 1443.091187,995.272827 1442.686157,995.219238 
	C1442.367310,995.106995 1442.178589,995.066833 1441.517822,995.041199 
	C1352.104248,995.344421 1263.158813,995.735535 1174.212646,995.935608 
	C1110.898438,996.078064 1047.583496,995.961731 984.268860,995.963745 
	C665.029968,995.973877 345.791016,995.985046 26.552107,995.995117 
	C15.575068,995.995483 10.200751,990.540894 10.013813,979.287537 
	C9.662796,958.157471 9.286442,937.027771 8.920625,915.897949 
z"/>
<path fill="#FEC10F" opacity="1.000000" stroke="none" 
	d="
M1444.000000,279.531342 
	C1439.656982,281.851288 1435.358032,283.819092 1430.946289,285.488800 
	C1429.464844,286.049469 1427.696533,285.976166 1426.058838,285.980316 
	C1412.392944,286.014954 1398.726807,286.049164 1385.061157,285.991852 
	C1309.637817,285.675537 1234.214478,285.333191 1158.791138,285.000519 
	C1157.648804,284.995483 1156.506470,284.999908 1155.429932,284.999908 
	C1155.001099,282.764771 1154.641113,280.888397 1154.106079,278.099915 
	C1159.571655,276.770721 1165.254883,275.334076 1170.964478,274.010468 
	C1187.056641,270.279999 1203.228760,266.861786 1219.208496,262.702393 
	C1223.091309,261.691742 1226.354858,258.301849 1229.903076,256.005981 
	C1229.867798,255.430145 1229.832397,254.854309 1229.796997,254.278473 
	C1226.653931,253.947464 1223.405884,252.937317 1220.385986,253.403717 
	C1207.703735,255.362488 1195.092529,257.778534 1182.450195,259.997192 
	C1170.441284,262.104675 1158.426392,264.177490 1146.413208,266.260864 
	C1133.441528,268.510498 1120.469116,270.755981 1107.496582,273.000610 
	C1103.189331,273.745911 1099.263428,274.885773 1095.545654,277.716003 
	C1087.949585,283.498718 1079.135254,285.411163 1069.646851,283.293427 
	C1062.579468,281.716003 1055.514404,280.127716 1048.629150,277.651825 
	C1092.827148,261.753052 1137.025269,245.854279 1181.265503,229.940338 
	C1180.025513,224.252548 1177.159790,222.299850 1172.119629,221.898346 
	C1152.292847,220.318939 1134.174194,226.684753 1115.907227,232.948914 
	C1104.917603,236.717514 1093.753052,240.323898 1082.378052,242.473022 
	C1076.782471,243.530228 1072.629272,245.322800 1068.110718,248.630234 
	C1064.347290,251.385010 1058.817017,252.406387 1053.953979,252.811508 
	C1047.428833,253.355087 1041.642090,253.916748 1036.834351,259.422028 
	C1032.175293,264.757172 1022.911316,264.328705 1015.847412,259.350952 
	C1020.085693,253.579971 1022.447754,246.122009 1030.091309,243.518997 
	C1033.107422,242.491867 1036.506592,241.911926 1039.663208,242.127060 
	C1044.915039,242.484970 1049.389893,240.996811 1053.344727,237.873657 
	C1057.352661,234.708542 1061.277100,232.467590 1066.726562,231.584961 
	C1072.031860,230.725677 1076.836670,226.703857 1081.831177,224.014771 
	C1088.111328,220.633514 1094.329346,217.136169 1100.631470,213.796814 
	C1108.810303,209.463058 1117.101929,205.337967 1125.208008,200.874313 
	C1126.789429,200.003525 1129.070190,197.458344 1128.729370,196.617874 
	C1127.862549,194.480652 1125.990601,191.778229 1123.995850,191.236923 
	C1114.550171,188.673630 1105.279419,190.109604 1096.345459,193.945953 
	C1084.157959,199.179428 1071.993774,204.469055 1059.757690,209.586304 
	C1057.707764,210.443604 1055.236694,210.270279 1053.150146,211.069351 
	C1050.076172,212.246582 1046.716675,213.335251 1044.287598,215.408951 
	C1038.421875,220.416229 1031.757202,223.308701 1024.368042,225.057602 
	C1015.629395,227.125977 1006.958069,229.479477 998.094238,231.751236 
	C998.189819,231.135345 998.091736,230.507812 998.355835,230.246979 
	C1009.655457,219.088211 1020.196167,207.292740 1035.340820,200.526016 
	C1043.938110,196.684692 1051.248535,189.932816 1059.072998,184.399033 
	C1070.750488,176.140106 1082.400024,167.840439 1093.979492,159.445145 
	C1095.550293,158.306259 1098.042603,155.851898 1097.707275,155.144455 
	C1096.604736,152.817993 1094.768677,150.296432 1092.544189,149.147568 
	C1086.210327,145.876328 1080.421631,149.529602 1075.052979,152.139984 
	C1066.169067,156.459579 1057.581543,161.436737 1049.098022,166.518616 
	C1040.178223,171.861755 1031.234619,176.927185 1021.045349,179.615662 
	C1018.124207,180.386398 1015.209778,182.408508 1013.041321,184.598511 
	C1002.247314,195.499878 989.263794,200.881714 974.005310,200.983658 
	C973.404785,200.987671 972.803162,200.805466 971.965454,200.672440 
	C977.295166,186.898148 987.152649,177.673965 998.943726,169.856186 
	C1003.611206,166.761566 1007.253723,162.114120 1011.337585,158.147629 
	C1022.814209,147.000885 1034.246704,135.808472 1045.758423,124.698143 
	C1052.311768,118.373306 1059.429443,112.558434 1065.369629,105.712761 
	C1067.495117,103.263222 1066.907227,98.459023 1067.770630,93.510162 
	C1045.190918,108.545341 1023.902222,122.747726 1002.584656,136.906601 
	C987.443909,146.962891 972.281372,156.986542 957.082764,166.954926 
	C954.913025,168.378036 953.691223,170.033127 952.473755,172.469269 
	C950.950439,175.517319 947.714111,178.252747 944.568176,179.821854 
	C939.564819,182.317307 934.024719,183.736603 928.139343,185.812973 
	C928.017700,177.427078 926.267822,167.572357 933.696350,162.305527 
	C950.962585,150.063751 958.809265,130.704102 971.817749,115.327484 
	C978.412048,107.532768 983.824158,98.748451 989.981079,90.569893 
	C994.847656,84.105339 994.741211,81.137360 988.503174,75.104416 
	C952.519287,107.696503 916.520752,140.301880 880.529602,172.900589 
	C874.114807,166.825500 874.072144,166.804214 879.329346,156.264465 
	C891.652710,131.558334 904.262817,106.991432 916.268066,82.132111 
	C922.166016,69.919243 926.976624,57.181282 932.322144,44.580051 
	C925.048950,42.740955 920.804321,44.977402 916.714172,50.509754 
	C903.339661,68.600555 889.316650,86.212677 875.503540,103.978188 
	C867.090820,114.798027 858.384644,125.398460 850.250305,136.422195 
	C846.445557,141.578598 844.379211,148.095032 840.273376,152.932785 
	C835.002991,159.142639 828.473206,164.283508 822.485962,169.884918 
	C821.969727,169.492493 821.453491,169.100067 820.937317,168.707642 
	C821.624634,165.825409 822.474915,162.970840 822.969971,160.055954 
	C824.710999,149.804764 826.028320,139.470123 828.141724,129.299194 
	C829.004150,125.148804 830.863220,120.851341 833.433105,117.518517 
	C835.608704,114.697014 835.552856,111.981117 836.109009,108.941864 
	C838.294922,96.996155 840.698547,85.080704 843.415405,73.244484 
	C846.019531,61.899673 849.157410,50.678146 851.936890,39.372013 
	C852.319824,37.814430 851.989807,36.081585 851.989807,33.898731 
	C847.529419,35.355335 843.415894,36.569588 839.420898,38.094383 
	C838.427734,38.473488 837.579468,39.740826 837.066650,40.795380 
	C824.995850,65.618950 812.953552,90.456474 800.965149,115.319969 
	C794.483948,128.761612 788.085205,142.243286 781.721863,155.741150 
	C780.835815,157.620758 780.326172,159.684631 779.713684,161.685074 
	C778.149048,166.795502 775.608215,168.616791 770.818909,167.995377 
	C766.548401,167.441315 764.014832,164.279755 764.010376,159.274155 
	C763.987854,133.942337 764.081604,108.610062 763.954102,83.278854 
	C763.911743,74.850098 763.217102,66.426193 763.060974,57.995617 
	C763.003906,54.910332 763.507935,51.790836 763.991638,48.724113 
	C765.146790,41.400185 762.959351,37.375610 755.344727,33.893967 
	C752.882629,44.637722 750.363708,55.262539 748.025452,65.926964 
	C745.213379,78.752380 742.635925,91.629364 739.805420,104.450569 
	C737.327087,115.676468 734.441528,126.816422 732.179382,138.083389 
	C731.596008,140.989136 732.920471,144.227600 732.950195,147.317245 
	C733.011902,153.732620 729.648010,157.598801 724.023804,157.995834 
	C718.546692,158.382492 713.621643,154.399933 713.037109,148.629333 
	C710.345276,122.057281 703.868225,96.213570 698.037109,70.251564 
	C694.314758,53.678505 690.059387,37.224567 686.397583,20.638937 
	C685.556641,16.830235 685.186768,12.355896 686.421631,8.824889 
	C687.443604,5.902534 691.150085,3.919030 693.333618,1.259778 
	C774.354248,1.000000 855.708435,1.000000 937.197754,1.259170 
	C941.120422,4.424385 946.249512,6.310682 944.908386,13.759460 
	C950.411621,7.299629 956.114197,3.895746 963.163208,2.852306 
	C963.525635,2.798660 963.724854,1.642734 964.000000,1.000006 
	C1119.020874,1.000000 1274.041870,1.000000 1429.195679,1.276054 
	C1434.625854,4.436102 1440.389648,6.726267 1443.357056,12.575169 
	C1443.571411,12.383431 1443.785645,12.191705 1444.000000,11.999989 
	C1444.000000,101.020897 1444.000000,190.041794 1444.000000,279.531342 
z"/>
<path fill="#FEC10F" opacity="1.000000" stroke="none" 
	d="
M580.531372,1.000000 
	C580.868042,1.101781 580.736084,1.203562 580.604126,1.305343 
	C589.088318,7.573728 586.599609,17.610025 588.888428,25.954174 
	C591.925232,37.024696 593.949219,48.370106 596.870850,59.475727 
	C603.411743,84.338882 610.252197,109.123123 616.920044,133.953094 
	C617.381775,135.672684 617.633362,137.505569 617.623901,139.283859 
	C617.598633,144.047913 619.250854,147.314209 623.870728,149.566620 
	C627.809021,151.486679 628.970825,155.818741 628.942261,160.039581 
	C628.907471,165.173859 628.447632,170.305237 628.147034,175.896637 
	C622.476990,176.103607 618.688599,172.763977 615.347839,167.925064 
	C607.227051,156.162674 599.000427,144.461258 590.435974,133.020050 
	C576.669006,114.628716 562.636230,96.435532 548.632385,78.222694 
	C542.367920,70.075424 535.901428,62.083515 529.537842,54.035240 
	C524.408447,57.169006 522.250549,63.198009 524.244507,69.520729 
	C529.290833,85.522324 537.350830,100.111618 545.159546,114.878067 
	C552.254150,128.294083 558.483032,142.200165 564.432007,156.171875 
	C566.465881,160.948547 565.281677,166.371368 562.244873,171.208054 
	C558.277649,167.777328 554.468506,164.671005 550.870667,161.336716 
	C540.314087,151.553467 529.884521,141.633118 519.324646,131.853409 
	C507.211395,120.635033 495.045166,109.473221 482.840332,98.354424 
	C470.389618,87.011665 457.864166,75.750938 445.249268,64.343819 
	C443.611969,65.942711 441.743134,67.767754 439.604828,69.855896 
	C445.023224,77.385239 450.302521,84.766449 455.628571,92.113777 
	C470.612701,112.784393 485.536560,133.499847 500.714569,154.027252 
	C502.565948,156.531128 505.756500,158.093658 508.441986,159.922791 
	C516.330933,165.296219 518.787170,174.213791 522.921997,182.016724 
	C524.500488,184.995529 525.604187,188.225937 527.323792,192.284729 
	C520.956543,189.736389 515.279907,187.389618 509.547485,185.188324 
	C501.635712,182.150131 495.270691,177.772827 490.652313,170.083511 
	C488.225250,166.042542 482.524139,163.938232 478.243378,161.045319 
	C451.888245,143.234589 425.510651,125.457054 399.158691,107.641655 
	C396.268890,105.687988 390.904388,107.395073 387.097168,111.769295 
	C414.218231,140.910385 441.358368,170.071991 468.498505,199.233597 
	C468.451324,199.580170 468.404144,199.926743 468.356964,200.273315 
	C465.442719,199.594406 462.295288,199.407120 459.653290,198.154160 
	C445.921234,191.641678 432.281342,184.930969 418.680908,178.145950 
	C406.810303,172.223938 395.147369,165.874390 383.170288,160.181702 
	C377.013275,157.255280 371.448456,158.644653 368.292725,163.492493 
	C367.337219,164.960403 367.508118,168.848618 368.640656,169.730331 
	C381.350006,179.624847 394.226501,189.318649 407.331146,198.684280 
	C412.285889,202.225311 418.358124,204.236496 423.191284,207.906113 
	C430.760834,213.653381 437.707123,220.220993 444.926727,226.430313 
	C445.892059,227.260559 446.911804,228.027512 448.980927,229.684067 
	C444.084900,229.407333 440.160614,229.655121 436.450348,228.879318 
	C428.397339,227.195465 420.282776,225.484024 412.529694,222.809067 
	C407.907257,221.214249 403.960175,217.706619 399.637054,215.182922 
	C397.049683,213.672516 394.434692,212.087875 391.635345,211.086838 
	C385.416168,208.862869 378.944397,207.312103 372.808167,204.896271 
	C361.092590,200.283844 349.782745,194.477173 337.811188,190.751251 
	C332.237976,189.016693 325.458740,190.623108 319.343231,191.516434 
	C317.679352,191.759491 315.896881,194.744766 315.254181,196.809357 
	C314.966309,197.734100 317.092621,199.955475 318.573334,200.790314 
	C324.648193,204.215378 330.907990,207.311020 337.077972,210.569092 
	C347.697571,216.176819 358.209320,221.998550 368.947632,227.367920 
	C374.817047,230.302750 381.827271,231.462509 386.941833,235.275467 
	C393.706116,240.318329 400.435089,242.400955 408.749268,242.193573 
	C416.098572,242.010254 420.489777,247.756180 424.594971,253.139572 
	C425.381439,254.170868 425.983582,255.356537 426.845123,256.314087 
	C428.940979,258.643646 428.131897,259.852661 425.578674,261.134125 
	C418.090485,264.892517 409.655334,263.350677 404.088379,256.386322 
	C401.976105,253.743805 399.771362,252.971176 396.645599,252.934082 
	C392.732361,252.887695 388.802704,252.515259 384.925293,251.965256 
	C383.263367,251.729507 380.980194,251.142883 380.241455,249.940323 
	C376.849548,244.418915 371.428345,244.507080 365.984375,243.264206 
	C356.104675,241.008652 346.344696,237.899979 336.874939,234.261841 
	C325.307648,229.817902 313.582825,231.762543 301.899078,232.224121 
	C297.817841,232.385361 294.916046,235.254379 294.320282,240.240662 
	C299.126434,242.126526 304.038391,244.121689 308.998901,245.987778 
	C324.719574,251.901733 340.087524,259.309357 356.296844,263.208679 
	C371.824646,266.944092 384.677490,275.822632 399.259247,281.074646 
	C399.789917,281.265747 400.176331,281.857361 401.154999,282.731110 
	C387.408234,283.819183 374.282654,285.675476 361.347656,282.796204 
	C356.013794,281.608917 351.196442,278.101044 346.144470,275.648010 
	C345.017426,275.100769 343.855103,274.010071 342.770996,274.083557 
	C328.060669,275.080994 314.492218,270.056793 300.679016,266.309601 
	C291.773712,263.893860 282.754974,262.208862 273.485291,263.065643 
	C270.964630,263.298645 268.179443,263.817108 266.146698,265.159851 
	C264.590393,266.187836 264.027557,268.719818 263.022858,270.582855 
	C264.619141,271.388367 266.194275,272.835754 267.815338,272.889191 
	C275.143524,273.130737 281.933868,274.942230 287.995850,279.051788 
	C290.104095,280.481018 291.845978,282.450745 294.670959,285.000000 
	C291.048553,285.000000 288.628357,285.000000 286.208191,285.000000 
	C264.542664,285.000000 242.876541,284.895538 221.211746,285.021820 
	C176.452591,285.282776 131.694550,285.782837 86.935204,285.937775 
	C71.009605,285.992920 55.080219,285.384521 39.155128,284.978516 
	C30.724773,284.763580 22.300007,284.330627 13.872548,284.000427 
	C9.413205,283.825684 6.172305,281.721619 3.957004,277.880096 
	C3.241972,276.640228 2.331946,275.512787 1.255565,274.666962 
	C1.000000,189.312439 1.000000,103.624878 1.282372,17.805111 
	C1.942490,17.355509 2.582994,17.091263 2.659526,16.712931 
	C4.540604,7.413960 10.506960,3.246925 19.672270,2.886024 
	C20.138880,2.867650 20.558500,1.656042 21.000000,1.000000 
	C207.354233,1.000000 393.708466,1.000000 580.531372,1.000000 
z"/>
<path fill="#5D9632" opacity="1.000000" stroke="none" 
	d="
M1444.000000,572.531372 
	C1438.307373,577.308777 1431.900269,578.541077 1424.848877,578.060120 
	C1415.924316,577.451416 1406.937012,576.708984 1398.028809,577.127930 
	C1378.730225,578.035461 1359.464722,579.644958 1340.185669,580.967957 
	C1335.241089,581.307312 1330.299683,581.703308 1325.351440,581.976807 
	C1318.244141,582.369812 1311.131958,582.674377 1303.388916,582.740112 
	C1299.166626,578.856934 1298.134888,574.438477 1297.885742,569.452698 
	C1297.649780,564.730530 1298.074707,559.304871 1292.161743,557.031372 
	C1285.762939,542.727112 1278.758423,528.792603 1269.128418,516.285278 
	C1258.993530,503.122253 1247.519775,491.390625 1234.683716,480.801086 
	C1208.517944,459.214630 1179.058594,443.106384 1148.502930,429.045166 
	C1124.332520,417.922394 1099.806641,407.363739 1074.796753,398.332062 
	C1049.510864,389.200745 1023.631104,381.523102 997.642883,374.590515 
	C977.704834,369.271881 957.213989,365.999268 936.931152,362.008972 
	C922.617981,359.193115 908.170654,357.023865 893.924561,353.917664 
	C887.338318,352.481598 881.089600,349.497803 874.794495,346.267517 
	C876.330261,346.178345 877.866089,346.011169 879.401917,346.011078 
	C1061.501709,345.999390 1243.601440,346.003967 1425.701172,345.986176 
	C1433.266724,345.985443 1439.534058,348.237579 1443.653076,355.152527 
	C1444.000000,427.354218 1444.000000,499.708466 1444.000000,572.531372 
z"/>
<path fill="#5D9632" opacity="1.000000" stroke="none" 
	d="
M1444.000000,809.531372 
	C1425.326050,824.362366 1402.266235,826.875977 1380.604736,832.661438 
	C1359.560791,838.282104 1337.986816,842.090942 1316.487915,845.775879 
	C1301.586182,848.330017 1286.437988,849.547791 1271.361572,850.951721 
	C1257.390137,852.252747 1243.375977,853.150940 1229.365112,853.955933 
	C1219.269287,854.536011 1209.149048,854.712280 1199.037720,854.995789 
	C1185.763184,855.368042 1172.487793,855.832764 1159.210449,855.927734 
	C1152.962036,855.972412 1146.708252,855.246643 1139.293945,854.799927 
	C1143.079102,849.361206 1146.314209,844.531128 1149.730835,839.833191 
	C1169.768555,812.280945 1192.624390,787.170105 1217.599609,764.117371 
	C1244.392334,739.387207 1273.425171,717.387329 1305.033691,699.120544 
	C1326.136353,686.925293 1347.427612,674.868042 1369.477417,664.550659 
	C1393.550781,653.286377 1418.596558,644.100281 1443.609131,634.004150 
	C1444.000000,692.354248 1444.000000,750.708435 1444.000000,809.531372 
z"/>
<path fill="#185273" opacity="1.000000" stroke="none" 
	d="
M8.641039,916.122559 
	C9.286442,937.027771 9.662796,958.157471 10.013813,979.287537 
	C10.200751,990.540894 15.575068,995.995483 26.552107,995.995117 
	C345.791016,995.985046 665.029968,995.973877 984.268860,995.963745 
	C1047.583496,995.961731 1110.898438,996.078064 1174.212646,995.935608 
	C1263.158813,995.735535 1352.104248,995.344421 1441.531494,995.308655 
	C1442.021973,995.761047 1442.031006,995.939758 1441.996582,996.470093 
	C1441.302002,998.547791 1440.651001,1000.273865 1440.000000,1002.000000 
	C963.979126,1002.000000 487.958221,1002.000000 11.468653,1002.000000 
	C10.929164,1001.536011 11.016836,1000.790649 10.764688,1000.648621 
	C1.513831,995.438782 2.908142,987.057495 3.562480,978.467468 
	C4.229131,969.715820 4.600967,960.795837 3.669384,952.103149 
	C2.335927,939.660339 3.062935,927.780579 8.641039,916.122559 
z"/>
<path fill="#FEC10F" opacity="1.000000" stroke="none" 
	d="
M663.531372,0.999993 
	C664.277405,1.647965 664.398926,2.709700 664.855591,2.881648 
	C671.358032,5.330194 672.526917,11.183474 672.865784,16.781618 
	C673.626038,29.341066 673.652771,41.944469 674.003967,54.529255 
	C674.318054,65.783775 674.939636,77.037636 674.926941,88.291237 
	C674.912903,100.711517 674.487122,113.137939 673.945984,125.548836 
	C673.537964,134.907639 672.776672,144.256775 671.888367,153.583145 
	C671.743225,155.106796 670.310303,157.454773 669.138794,157.679077 
	C667.853882,157.925110 665.470337,156.521286 664.789001,155.203735 
	C657.549072,141.203354 650.538940,127.083954 643.492554,112.983818 
	C629.546448,85.077248 615.606445,57.167595 601.694397,29.244024 
	C599.819336,25.480492 597.667053,21.769302 596.436890,17.788589 
	C594.082458,10.169746 592.782349,7.647228 601.334351,1.266069 
	C621.687561,1.000000 642.375122,1.000000 663.531372,0.999993 
z"/>
<path fill="#000000" opacity="1.000000" stroke="none" 
	d="
M963.531372,1.000006 
	C963.724854,1.642734 963.525635,2.798660 963.163208,2.852306 
	C956.114197,3.895746 950.411621,7.299629 944.908386,13.759460 
	C946.249512,6.310682 941.120422,4.424385 937.666443,1.259170 
	C946.354248,1.000000 954.708496,1.000000 963.531372,1.000006 
z"/>
<path fill="#000000" opacity="1.000000" stroke="none" 
	d="
M20.530956,1.000000 
	C20.558500,1.656042 20.138880,2.867650 19.672270,2.886024 
	C10.506960,3.246925 4.540604,7.413960 2.659526,16.712931 
	C2.582994,17.091263 1.942490,17.355509 1.282372,17.336454 
	C1.000000,11.732483 1.000000,6.464965 1.000000,1.000000 
	C7.353003,1.000000 13.707458,1.000000 20.530956,1.000000 
z"/>
<path fill="#000000" opacity="1.000000" stroke="none" 
	d="
M1444.000000,11.517033 
	C1443.785645,12.191705 1443.571411,12.383431 1443.357056,12.575169 
	C1440.389648,6.726267 1434.625854,4.436102 1429.664307,1.276054 
	C1434.577881,1.000000 1439.155884,1.000000 1444.000000,1.000000 
	C1444.000000,4.340136 1444.000000,7.687112 1444.000000,11.517033 
z"/>
<path fill="#000000" opacity="1.000000" stroke="none" 
	d="
M1440.500000,1002.000000 
	C1440.651001,1000.273865 1441.302002,998.547791 1442.243896,996.306030 
	C1442.630005,995.617126 1442.725342,995.443787 1442.820801,995.270447 
	C1443.091187,995.272827 1443.361450,995.275269 1443.815918,995.638794 
	C1442.768066,997.884033 1446.963867,1002.481934 1440.500000,1002.000000 
z"/>
<path fill="#5D9632" opacity="1.000000" stroke="none" 
	d="
M367.000000,346.000000 
	C409.994354,346.000000 452.488922,345.922302 494.982941,346.046356 
	C508.095001,346.084625 521.259705,346.032227 534.305969,347.136230 
	C566.446716,349.855957 597.329285,357.773468 625.374817,374.032440 
	C638.533264,381.660858 650.876221,390.923615 662.760010,400.476562 
	C688.773254,421.387543 703.067505,449.704773 710.531189,481.547302 
	C713.518860,494.293427 714.804443,507.522369 715.874023,520.612488 
	C717.141113,536.119812 717.474426,551.710449 717.945801,567.273071 
	C718.201294,575.709900 714.713318,578.550049 706.339661,579.085022 
	C690.374573,580.105042 674.423401,581.441406 658.500427,582.994141 
	C643.756958,584.431763 629.020142,586.053162 614.349670,588.091858 
	C599.872620,590.103638 585.381531,592.252136 571.076172,595.209534 
	C545.693420,600.456970 520.322571,605.863586 495.174622,612.119751 
	C465.192108,619.578674 435.703339,628.867188 407.081848,640.558594 
	C381.664276,650.941223 356.183014,661.305359 331.442139,673.163696 
	C311.590637,682.678589 292.357544,693.702026 273.675568,705.377014 
	C255.295303,716.863403 237.638031,729.590149 220.271606,742.585205 
	C209.192276,750.875732 199.112213,760.525330 188.786255,769.790771 
	C181.622406,776.218933 174.605560,782.838196 167.884811,789.725159 
	C161.185272,796.590454 154.802032,803.779541 148.531250,811.043518 
	C143.021637,817.425781 135.073105,818.503662 127.827766,820.804138 
	C111.248322,826.068359 94.481682,830.745361 77.775734,835.608337 
	C53.375702,842.710938 28.962229,849.767395 4.000004,857.004272 
	C4.000004,854.434509 4.000003,852.306213 4.000003,850.177917 
	C4.000009,722.528198 4.066432,594.878418 3.954273,467.228821 
	C3.925474,434.453278 3.166028,401.678497 3.112561,368.902740 
	C3.098384,360.212830 4.571575,351.453735 14.475851,347.952362 
	C17.811892,346.772980 21.510815,346.081268 25.044643,346.078308 
	C138.863037,345.983246 252.681534,346.000000 367.000000,346.000000 
z"/>
<path fill="#5E9634" opacity="1.000000" stroke="none" 
	d="
M654.130005,356.940216 
	C663.723755,359.108276 673.453857,360.805573 682.884644,363.536499 
	C706.936096,370.501190 730.383484,379.068695 752.610291,390.814117 
	C769.708679,399.849487 785.782898,410.265808 800.489197,422.882019 
	C816.538208,436.650177 830.862183,451.990448 842.638428,469.488770 
	C856.088440,489.474243 864.625977,511.723755 869.919067,535.150208 
	C872.120056,544.891418 873.627563,554.816833 874.928772,564.726990 
	C876.691162,578.149231 866.997314,584.422180 856.575684,585.929749 
	C843.067688,587.883728 829.419861,588.926514 815.957275,591.127014 
	C796.364868,594.329407 776.834900,597.969177 757.366028,601.861267 
	C720.917297,609.147949 685.169434,619.165344 650.324951,632.027771 
	C624.287048,641.639343 598.585022,652.223999 573.059265,663.137573 
	C556.248108,670.325195 539.793823,678.441040 523.576477,686.901733 
	C499.178986,699.629883 475.943390,714.258362 454.641968,731.814697 
	C442.570801,741.763611 430.879181,752.288330 418.077087,761.204651 
	C403.317749,771.484253 386.309021,776.929077 368.388794,778.967041 
	C357.418365,780.214661 346.397461,781.022461 335.395081,781.980347 
	C333.770996,782.121704 332.124054,781.999939 328.889801,781.999939 
	C332.212067,776.990540 334.274323,772.349915 337.659668,769.078308 
	C346.090790,760.930298 354.657379,752.783264 364.015564,745.763672 
	C382.025177,732.254822 400.282898,719.014404 419.077911,706.634644 
	C434.167877,696.695312 450.087402,687.986023 465.844391,679.095276 
	C493.437042,663.526367 522.484314,651.014526 551.980896,639.621399 
	C583.560974,627.423523 615.784912,617.069946 648.701843,609.088013 
	C671.972839,603.445129 695.302673,597.953918 718.788086,593.316101 
	C736.662476,589.786255 754.780762,587.370972 772.870239,585.091980 
	C785.462952,583.505432 798.192749,583.016602 810.857300,581.987427 
	C820.337891,581.217041 827.019897,576.678101 825.018250,564.330444 
	C822.628601,549.589600 820.914612,534.670044 817.389099,520.197876 
	C811.298706,495.196716 800.373291,472.231689 784.994324,451.466675 
	C774.194702,436.884705 761.554565,424.160706 747.488953,412.710571 
	C730.872498,399.183990 712.554626,388.488525 693.136658,379.732361 
	C681.024109,374.270447 668.401001,369.943146 656.025757,365.059052 
	C654.373901,364.407135 652.832825,363.474457 651.236633,362.056580 
	C652.198547,359.940979 653.164246,358.440582 654.130005,356.940216 
z"/>
<path fill="#5E9734" opacity="1.000000" stroke="none" 
	d="
M961.669800,837.333008 
	C946.421570,834.635193 945.174744,831.287292 952.801575,818.573303 
	C964.638306,798.841370 980.496094,782.562134 997.359802,767.466736 
	C1025.490845,742.285583 1056.333374,720.608337 1089.216553,702.000122 
	C1110.419678,690.001465 1131.651855,677.987366 1153.408203,667.048950 
	C1183.973267,651.681763 1215.538452,638.537537 1247.734741,626.860291 
	C1275.872192,616.655029 1304.441528,607.921265 1333.608887,601.443481 
	C1351.044312,597.571106 1368.882202,595.334778 1386.634155,593.127319 
	C1398.092651,591.702393 1409.717529,591.326965 1421.278931,591.128906 
	C1427.942139,591.014648 1434.627319,592.189636 1441.353271,593.848145 
	C1429.294189,596.895142 1417.245728,599.985352 1405.173950,602.981323 
	C1365.963867,612.712524 1327.003662,623.398621 1289.047974,637.251099 
	C1266.995117,645.299438 1245.396606,654.670654 1223.890747,664.122559 
	C1187.919312,679.932068 1154.020386,699.583923 1121.932251,722.186279 
	C1106.751709,732.879089 1092.165771,744.528625 1078.096558,756.656494 
	C1062.792847,769.848450 1048.019409,783.719177 1033.781128,798.054993 
	C1027.142700,804.739014 1022.375549,813.266113 1016.648010,820.873291 
	C1004.027161,837.635803 986.277527,843.738525 965.868347,838.444580 
	C964.597900,838.115051 963.315491,837.831421 961.669800,837.333008 
z"/>
<path fill="#5E9634" opacity="1.000000" stroke="none" 
	d="
M1266.029297,587.838501 
	C1238.453491,593.834106 1210.884888,599.863342 1183.299805,605.816467 
	C1150.675415,612.857117 1118.491943,621.578430 1087.165527,633.048157 
	C1064.649902,641.291992 1042.418457,650.405090 1020.449951,660.020996 
	C1003.108582,667.611450 986.180054,676.211853 969.390503,684.981018 
	C941.639404,699.475220 915.319946,716.337097 890.358337,735.230286 
	C867.759888,752.334778 846.225464,770.760376 827.077698,791.679077 
	C816.944580,802.749268 805.286316,804.883423 791.569275,801.791870 
	C782.447205,799.735901 773.317322,797.615295 764.089050,796.177673 
	C760.315918,795.589844 759.882385,793.921387 759.981873,790.919373 
	C760.233398,783.332520 766.010376,779.419312 770.711670,774.918030 
	C775.837646,770.010315 781.211487,765.337830 786.708374,760.845520 
	C802.267700,748.130188 817.523682,734.989197 833.667419,723.055115 
	C863.535339,700.975830 895.460083,682.033447 929.222229,666.635376 
	C956.566956,654.164124 984.328552,642.289062 1012.718201,632.509766 
	C1045.737061,621.135925 1079.452026,611.616028 1113.231934,602.678711 
	C1134.284302,597.108643 1155.930298,593.571289 1177.469604,590.117676 
	C1195.001587,587.306519 1212.748779,585.743164 1230.442627,584.070801 
	C1241.958862,582.982300 1253.550171,582.690430 1265.561768,582.506836 
	C1266.020264,584.594177 1266.024780,586.216309 1266.029297,587.838501 
z"/>
<path fill="#5F9635" opacity="1.000000" stroke="none" 
	d="
M562.187134,774.005798 
	C558.630676,772.938782 560.412109,771.492859 561.407410,770.014404 
	C567.977356,760.255127 575.152405,751.043030 584.623657,743.856750 
	C598.511780,733.319092 611.967773,722.144592 626.388489,712.396179 
	C639.303955,703.665344 652.976501,695.916443 666.849792,688.772888 
	C687.931763,677.917358 709.117798,667.118103 730.917480,657.840454 
	C756.290955,647.041992 782.257019,637.590210 808.177795,628.134644 
	C840.596252,616.308716 873.864563,607.182373 907.461914,599.451477 
	C926.156433,595.149719 945.127625,591.818848 964.128235,589.146301 
	C981.733032,586.670166 999.517456,585.246155 1017.271423,584.134277 
	C1029.195557,583.387512 1041.204346,583.992126 1053.175293,583.992126 
	C1053.235596,584.424255 1053.295898,584.856384 1053.356201,585.288513 
	C1049.190796,586.162292 1045.015991,586.993469 1040.861694,587.916626 
	C1007.708679,595.283813 974.359985,601.883850 941.460815,610.250732 
	C902.292358,620.212036 863.697876,632.364807 826.508240,648.343140 
	C802.607971,658.611755 778.801392,669.286804 755.781982,681.360535 
	C735.576050,691.958618 716.406860,704.569031 697.011230,716.661926 
	C686.840515,723.003174 676.981018,729.890625 667.346130,737.024597 
	C662.450073,740.649719 658.246094,745.251709 653.930969,749.611755 
	C639.753601,763.936462 623.109558,774.218567 603.009338,776.596252 
	C589.632080,778.178772 575.856628,778.085083 562.187134,774.005798 
z"/>
<path fill="#609635" opacity="1.000000" stroke="none" 
	d="
M783.187622,367.937897 
	C788.375977,368.750000 793.800903,368.853973 798.712341,370.494995 
	C821.740906,378.189636 845.026367,385.334106 867.466370,394.516846 
	C896.324829,406.326080 923.087097,422.132080 947.962952,441.190552 
	C963.704895,453.251221 978.103149,466.681915 991.435791,481.168457 
	C1010.747925,502.151917 1023.139954,526.986389 1028.988159,554.979248 
	C1030.059692,560.108582 1031.244385,565.234863 1031.902344,570.422729 
	C1032.329956,573.794739 1030.209106,576.362976 1026.941650,576.828674 
	C1017.987488,578.104919 1008.996216,579.518433 999.980347,579.869873 
	C986.932739,580.378479 983.452454,576.940613 980.990173,564.323914 
	C974.938538,533.315247 962.326050,505.074127 943.245239,480.000000 
	C929.372314,461.769562 912.666382,446.239471 893.910522,432.932434 
	C866.214661,413.282532 836.005859,398.468292 804.632141,385.827789 
	C796.410156,382.515198 788.168274,379.251373 779.974976,375.869446 
	C779.183411,375.542664 778.672729,374.535492 778.280518,373.311523 
	C780.082153,371.165222 781.634888,369.551544 783.187622,367.937897 
z"/>
<path fill="#5F9635" opacity="1.000000" stroke="none" 
	d="
M958.106567,387.917969 
	C966.294006,390.247314 974.740234,391.921173 982.618835,395.032593 
	C1003.704712,403.359711 1024.794434,411.763214 1045.396240,421.198608 
	C1058.357910,427.134949 1070.671265,434.610657 1082.873535,442.054718 
	C1107.766235,457.240479 1130.578247,475.115906 1150.780396,496.246704 
	C1167.062134,513.276978 1178.282593,533.053833 1184.034180,555.935608 
	C1184.870728,559.263672 1186.276489,562.444824 1187.310181,565.728027 
	C1189.350952,572.210693 1187.483032,575.930542 1180.988525,576.806763 
	C1170.878296,578.170776 1160.708618,579.228699 1150.530273,579.906067 
	C1143.832886,580.351807 1140.843506,578.001770 1138.891235,571.609131 
	C1133.887451,555.224060 1128.796143,538.801270 1119.866333,524.097107 
	C1113.230713,513.170898 1105.985718,502.476593 1097.881714,492.607300 
	C1076.807251,466.942322 1049.973389,448.339600 1020.653687,433.465118 
	C995.859009,420.886292 970.433350,409.551483 945.290222,397.659210 
	C943.948669,397.024689 942.637878,396.325226 941.280701,395.034912 
	C943.268921,389.962250 947.388062,389.517273 951.499207,388.992310 
	C953.711304,388.709808 955.904724,388.280853 958.106567,387.917969 
z"/>
<path fill="#86AA6E" opacity="1.000000" stroke="none" 
	d="
M957.937988,387.598572 
	C955.904724,388.280853 953.711304,388.709808 951.499207,388.992310 
	C947.388062,389.517273 943.268921,389.962250 941.095093,394.731750 
	C933.023560,392.568939 925.156372,389.909790 917.178833,387.638428 
	C883.529419,378.057831 849.944092,368.228577 816.135437,359.241943 
	C799.657043,354.861877 782.739624,352.133179 766.060425,347.703613 
	C772.595337,348.074951 779.131958,348.417786 785.664490,348.826355 
	C791.256531,349.176086 796.843750,349.602570 802.433289,349.992584 
	C826.136719,351.646576 849.603943,354.983521 872.617371,360.903992 
	C892.151550,365.929413 911.610962,371.290649 930.936401,377.062439 
	C940.082092,379.793945 948.837341,383.832672 957.937988,387.598572 
z"/>
<path fill="#96B077" opacity="1.000000" stroke="none" 
	d="
M783.003052,367.626587 
	C781.634888,369.551544 780.082153,371.165222 778.227966,372.947632 
	C767.953003,371.250000 757.871582,369.826233 748.027649,367.427948 
	C725.308594,361.892944 702.711060,355.860199 680.042542,350.114746 
	C678.150696,349.635254 676.095825,349.799225 674.116760,349.664246 
	C674.125366,349.256561 674.134033,348.848907 674.142639,348.441254 
	C675.332886,348.294312 676.526672,347.995758 677.712708,348.023773 
	C690.298157,348.320618 702.965576,347.874146 715.448303,349.180908 
	C736.864685,351.422821 757.613770,357.077667 777.955505,364.105072 
	C779.733948,364.719452 781.204834,366.224152 783.003052,367.626587 
z"/>
<path fill="#9DB185" opacity="1.000000" stroke="none" 
	d="
M653.961792,356.615601 
	C653.164246,358.440582 652.198547,359.940979 651.072144,361.736511 
	C648.001465,361.690430 645.050964,361.550476 642.188293,360.974182 
	C627.230957,357.963257 612.294556,354.848145 597.360840,351.721588 
	C596.975952,351.641022 596.705505,351.013611 596.036255,350.244019 
	C605.349182,348.619965 614.133301,345.515015 623.569885,347.933258 
	C632.181824,350.140228 640.898010,351.937775 649.532227,354.062225 
	C651.043945,354.434204 652.377686,355.529663 653.961792,356.615601 
z"/>
<path fill="#859D71" opacity="1.000000" stroke="none" 
	d="
M1266.492676,587.903870 
	C1266.024780,586.216309 1266.020264,584.594177 1266.022583,582.566772 
	C1270.838013,582.037231 1275.795776,582.621277 1280.425537,581.646973 
	C1291.370117,579.343750 1295.914062,569.561157 1292.118896,557.450256 
	C1298.074707,559.304871 1297.649780,564.730530 1297.885742,569.452698 
	C1298.134888,574.438477 1299.166626,578.856934 1302.936523,582.764221 
	C1297.651001,584.709961 1292.279297,587.096619 1286.694336,587.805786 
	C1280.212524,588.628723 1273.543701,587.979431 1266.492676,587.903870 
z"/>
<path fill="#13547A" opacity="1.000000" stroke="none" 
	d="
M1442.686157,995.219238 
	C1442.725342,995.443787 1442.630005,995.617126 1442.287476,995.954468 
	C1442.031006,995.939758 1442.021973,995.761047 1441.999268,995.314819 
	C1442.178589,995.066833 1442.367310,995.106995 1442.686157,995.219238 
z"/>
</svg>