<svg version="1.1" id="Layer_1" xmlns="http://www.w3.org/2000/svg" xmlns:xlink="http://www.w3.org/1999/xlink" x="0px" y="0px"
	 width="100%" viewBox="0 0 1024 512" enable-background="new 0 0 1024 512" xml:space="preserve">
<path fill="#FEFEFD" opacity="1.000000" stroke="none" 
	d="
M608.000000,513.000000 
	C405.366211,513.000000 203.232407,513.000000 1.049309,513.000000 
	C1.049309,342.393982 1.049309,171.787918 1.049309,1.090935 
	C342.217194,1.090935 683.434387,1.090935 1024.825806,1.090935 
	C1024.825806,171.666534 1024.825806,342.333252 1024.825806,513.000000 
	C886.121155,513.000000 747.310608,513.000000 608.000000,513.000000 
M284.898743,200.500015 
	C284.898743,164.028305 284.898743,127.556602 284.898743,90.920242 
	C210.403351,90.920242 136.224823,90.920242 62.054302,90.920242 
	C62.054302,203.890213 62.054302,316.470703 62.054302,429.168396 
	C136.409958,429.168396 210.500519,429.168396 284.898743,429.168396 
	C284.898743,353.099548 284.898743,277.299805 284.898743,200.500015 
M423.099762,150.495224 
	C419.142151,138.650818 410.867981,131.365891 399.086639,127.816269 
	C389.476379,124.920761 379.700348,124.914787 369.898804,126.456032 
	C351.798523,129.302200 340.676239,140.121307 337.371124,157.760315 
	C332.546356,183.510101 332.818237,209.481018 337.819489,235.226166 
	C340.766632,250.397217 350.492249,259.207214 365.648621,262.256042 
	C385.662964,266.282074 405.286743,263.211395 424.796204,259.828278 
	C424.796204,236.971329 424.796204,214.584869 424.796204,192.309006 
	C410.335693,192.309006 396.259796,192.309006 382.163635,192.309006 
	C382.163635,199.212051 382.163635,205.777939 382.163635,212.815704 
	C387.226227,212.815704 391.975311,212.815704 397.079865,212.815704 
	C397.079865,222.083755 397.121643,230.878418 397.020935,239.671463 
	C397.009766,240.645981 396.454742,242.026093 395.697144,242.518631 
	C383.849457,250.221283 366.546844,243.402908 365.330658,229.367447 
	C363.654907,210.027466 363.789062,190.508377 363.737823,171.064453 
	C363.723724,165.716537 365.292389,160.183731 367.062500,155.056000 
	C369.462616,148.102982 374.847382,145.011871 381.745392,145.467682 
	C389.785706,145.998962 394.235687,149.362793 396.069092,156.927124 
	C396.993561,160.741486 397.183655,164.733841 397.722076,168.767426 
	C406.828003,168.767426 415.893250,168.767426 425.956635,168.767426 
	C425.031097,162.655869 424.169220,156.964737 423.099762,150.495224 
M695.801025,243.499908 
	C695.801025,263.113342 695.801025,282.726776 695.801025,302.588379 
	C704.646912,302.588379 713.047363,302.588379 722.072266,302.588379 
	C722.072266,286.418182 722.072266,270.436432 722.072266,253.428482 
	C730.378601,264.270782 740.699524,265.955170 751.898193,263.123474 
	C762.820190,260.361755 767.272217,251.422012 768.165649,241.415466 
	C769.404846,227.534958 769.454590,213.522095 769.420898,199.567322 
	C769.407898,194.158524 768.282104,188.607864 766.771912,183.379242 
	C764.135071,174.249664 758.397400,167.954941 748.441284,166.548798 
	C737.511658,165.005157 728.037170,167.391022 720.936646,177.849609 
	C720.712341,174.052094 720.552063,171.338959 720.381653,168.453674 
	C712.109802,168.453674 704.202393,168.453674 695.801025,168.453674 
	C695.801025,193.292984 695.801025,217.896439 695.801025,243.499908 
M878.307617,176.748337 
	C875.048584,184.404694 872.052063,192.186462 868.467834,199.687424 
	C863.348572,210.400970 866.866455,221.468536 865.508850,232.905472 
	C879.560181,232.905472 892.612305,232.905472 906.014038,232.905472 
	C906.014038,242.856003 906.014038,252.280655 906.014038,261.794250 
	C914.617004,261.794250 922.848999,261.794250 931.478271,261.794250 
	C931.478271,252.105591 931.478271,242.672089 931.478271,232.964172 
	C935.074524,232.749023 938.295776,232.556305 941.477173,232.365982 
	C941.477173,225.638412 941.477173,219.371124 941.477173,212.628571 
	C938.094482,212.628571 934.997131,212.628571 931.307129,212.628571 
	C931.307129,185.778442 931.307129,159.404846 931.307129,132.770294 
	C920.390503,132.770294 910.071106,132.644287 899.762390,132.918137 
	C898.358521,132.955414 896.364441,134.708115 895.732544,136.145340 
	C889.907349,149.395370 884.321960,162.750854 878.307617,176.748337 
M628.904236,183.505020 
	C628.904236,178.557022 628.904236,173.609024 628.904236,168.487228 
	C619.963318,168.487228 611.557983,168.487228 602.954285,168.487228 
	C602.870056,170.052078 602.739258,171.356415 602.738586,172.660812 
	C602.727051,195.822769 602.696655,218.984787 602.745850,242.146637 
	C602.772888,254.882660 610.408020,263.018829 623.137390,264.063660 
	C633.226562,264.891815 642.136658,262.581879 649.182617,252.725525 
	C649.182617,256.801880 649.182617,259.222473 649.182617,261.855713 
	C658.279663,261.855713 667.020752,261.855713 675.333069,261.855713 
	C675.333069,230.598785 675.333069,199.572235 675.333069,168.568756 
	C666.169678,168.568756 657.771362,168.568756 649.108459,168.568756 
	C649.108459,179.401917 649.119202,189.883606 649.105591,200.365250 
	C649.089783,212.529144 649.184143,224.695297 648.973328,236.856003 
	C648.854004,243.737061 645.927490,247.099991 640.324341,247.730743 
	C633.335022,248.517548 629.117737,244.599045 629.026062,236.491058 
	C628.829956,219.163437 628.927124,201.832489 628.904236,183.505020 
M550.203003,166.194839 
	C545.057983,166.485931 539.851868,166.375397 534.780151,167.147934 
	C522.524658,169.014771 513.547241,175.591431 510.424225,187.824936 
	C505.733490,206.199524 505.920319,224.816544 510.837708,243.159256 
	C513.780762,254.137344 521.547913,260.960144 532.603088,262.743164 
	C540.230713,263.973328 548.270691,264.318787 555.921021,263.382355 
	C571.052979,261.530151 579.140137,253.773743 582.269470,238.777084 
	C585.532166,223.141205 585.601868,207.274063 582.505859,191.615280 
	C579.571228,176.772934 570.489441,168.869461 555.579956,166.858841 
	C554.093872,166.658432 552.605286,166.476425 550.203003,166.194839 
M810.009583,136.292130 
	C803.714050,141.157394 797.395020,145.992920 791.143433,150.913925 
	C789.946960,151.855713 788.148438,153.100677 788.103455,154.262939 
	C787.822876,161.508911 787.961975,168.771133 787.961975,177.382904 
	C795.756287,172.365051 802.606323,167.955109 810.002686,163.193481 
	C810.002686,196.395813 810.002686,229.074814 810.002686,261.765686 
	C819.525391,261.765686 828.589539,261.765686 837.623169,261.765686 
	C837.623169,218.645721 837.623169,175.814026 837.623169,132.772842 
	C830.434448,132.772842 823.602173,132.542175 816.802124,132.908447 
	C814.665283,133.023560 812.614807,134.742249 810.009583,136.292130 
M470.348755,262.053070 
	C473.672485,262.710938 474.062927,260.979706 474.045776,258.139160 
	C473.943359,241.149704 473.876526,224.157333 474.089996,207.169617 
	C474.226318,196.320679 479.887299,190.683533 490.707123,189.903534 
	C492.813660,189.751678 494.926361,189.685089 497.163818,189.572769 
	C497.163818,181.592041 497.163818,173.986954 497.163818,166.213928 
	C486.802887,166.067535 478.571442,169.518875 472.546326,178.348312 
	C472.546326,175.102005 472.546326,171.855682 472.546326,168.460571 
	C464.150024,168.460571 456.237946,168.460571 448.162903,168.460571 
	C448.162903,199.735886 448.162903,230.765167 448.162903,262.052826 
	C455.433167,262.052826 462.405640,262.052826 470.348755,262.053070 
M566.499512,340.555115 
	C566.499512,337.098053 566.499512,333.641022 566.499512,330.161591 
	C564.206116,330.161591 562.353455,330.161591 559.963379,330.161591 
	C559.963379,349.358521 559.963379,368.125763 559.963379,386.893005 
	C551.272156,369.977600 543.391602,352.956238 535.508118,335.936218 
	C532.236023,328.871765 531.374756,328.481873 523.561707,330.438080 
	C523.561707,352.891907 523.561707,375.325287 523.561707,397.773010 
	C525.599487,397.773010 527.353394,397.773010 529.703552,397.773010 
	C529.703552,378.396027 529.703552,359.283325 529.703552,340.170654 
	C531.325195,341.467163 532.057068,342.892670 532.724060,344.347900 
	C539.931946,360.074402 547.130005,375.805389 554.329651,391.535645 
	C557.777222,399.068146 557.776306,399.068573 566.499329,397.387421 
	C566.499329,378.814026 566.499329,360.176941 566.499512,340.555115 
M501.352570,386.471619 
	C501.352570,390.240265 501.352570,394.008911 501.352570,397.721313 
	C503.698212,397.721313 505.431061,397.721313 507.183655,397.721313 
	C507.183655,374.982330 507.183655,352.562866 507.183655,330.012817 
	C505.208160,330.012817 503.464783,330.012817 501.173035,330.012817 
	C501.173035,340.145386 501.173035,350.010590 501.173035,359.744568 
	C492.057129,359.744568 483.498199,359.744568 474.618225,359.744568 
	C474.618225,349.628357 474.618225,339.874756 474.618225,330.000214 
	C472.538818,330.000214 470.795776,330.000214 469.078491,330.000214 
	C469.078491,352.788147 469.078491,375.309357 469.078491,398.101715 
	C471.160858,397.976532 472.885529,397.872833 474.975281,397.747223 
	C474.975281,386.708984 474.975281,376.102753 474.975281,365.459167 
	C483.830719,365.459167 492.285370,365.459167 501.352661,365.459167 
	C501.352661,372.246246 501.352661,378.863800 501.352570,386.471619 
M622.441162,373.233002 
	C622.009094,363.273529 622.367493,353.198151 620.928223,343.386414 
	C619.414490,333.066528 612.144958,328.048859 601.793579,328.130157 
	C591.568665,328.210480 584.036621,333.050537 583.102661,343.169281 
	C581.844543,356.800232 581.798279,370.721680 583.061646,384.348816 
	C584.028748,394.780487 591.574646,399.579254 602.092834,399.508484 
	C612.567993,399.437958 618.830811,394.465118 621.157043,384.053741 
	C621.878235,380.825928 622.004150,377.465088 622.441162,373.233002 
M769.777222,342.868622 
	C768.094238,339.345551 767.245422,334.918030 764.580200,332.459991 
	C754.437134,323.105377 734.792725,328.462799 731.662659,341.752472 
	C728.203308,356.440063 728.522644,371.517914 731.684814,386.326813 
	C733.068604,392.807465 737.448975,397.309967 744.060852,398.731323 
	C752.523621,400.550629 760.805481,399.111938 768.739624,396.722137 
	C768.739624,384.987701 768.739624,373.766388 768.739624,362.614929 
	C762.092834,362.614929 755.839783,362.614929 749.236755,362.614929 
	C749.339600,364.365204 749.421997,365.768372 749.531555,367.632507 
	C754.138428,367.632507 758.397034,367.632507 763.085510,367.632507 
	C763.085510,372.732666 763.085510,377.361664 763.085510,381.990662 
	C763.085510,394.147400 762.806091,394.415161 750.316711,394.227692 
	C742.749268,394.114136 737.728577,391.155273 737.282715,383.938232 
	C736.455872,370.555084 736.662292,357.064819 737.272522,343.657135 
	C737.522705,338.160095 741.521301,334.500000 747.450989,333.593079 
	C757.345398,332.079773 761.892517,335.567444 764.436584,347.145111 
	C766.518311,346.348328 770.606812,349.319305 769.777222,342.868622 
M716.216858,371.197174 
	C715.917664,362.553101 716.300232,353.817352 715.153381,345.287262 
	C713.584045,333.614838 706.534180,328.007782 695.532043,328.128204 
	C684.373413,328.250366 677.164978,334.368927 676.089111,346.145477 
	C675.153259,356.390259 675.333984,366.755127 675.409851,377.064056 
	C675.435120,380.490265 676.324036,384.020477 677.411438,387.306763 
	C680.135376,395.538513 686.527283,399.585205 695.959595,399.504944 
	C705.166199,399.426605 711.523743,395.501190 713.942444,387.304657 
	C715.380676,382.430603 715.494507,377.165710 716.216858,371.197174 
M885.971008,372.756531 
	C883.141479,370.020721 880.547668,366.972076 877.427673,364.621857 
	C872.654419,361.026306 867.344055,358.143036 862.577698,354.539429 
	C855.633362,349.289093 856.275940,337.244049 863.428650,334.313782 
	C872.761169,330.490540 879.967834,334.761627 881.194702,344.822174 
	C881.271179,345.449188 881.553467,346.051086 881.763428,346.741791 
	C882.722900,346.811798 883.540466,346.930206 884.355713,346.915466 
	C885.287415,346.898621 886.217041,346.763306 887.095398,346.684174 
	C887.570923,333.992828 881.559021,327.719177 869.566467,328.183868 
	C867.095764,328.279602 864.574463,328.691498 862.202271,329.386749 
	C856.351746,331.101440 853.009460,335.215118 852.097229,341.176544 
	C850.926147,348.829468 852.710632,355.412292 859.523621,359.945221 
	C862.844788,362.154968 866.223267,364.280182 869.510620,366.538483 
	C872.381653,368.510773 875.441833,370.326660 877.918030,372.727722 
	C882.026672,376.711792 882.907349,382.048553 880.743347,387.021912 
	C879.528076,389.815033 876.470886,392.888000 873.633057,393.698975 
	C863.572632,396.574188 857.626221,391.882660 856.845764,381.431885 
	C856.787842,380.655243 856.530090,379.893494 856.356812,379.085358 
	C855.298096,379.025665 854.471619,378.922607 853.649048,378.947662 
	C852.715088,378.976044 851.784607,379.119049 850.920715,379.205414 
	C849.889832,392.090729 855.743591,398.855530 868.104980,399.462311 
	C880.690979,400.080078 887.681641,393.881042 887.705872,381.757263 
	C887.711365,378.998077 886.754822,376.236969 885.971008,372.756531 
M448.959564,382.277435 
	C447.045990,392.253052 442.770416,395.624146 434.146606,393.956787 
	C428.500366,392.865112 424.641602,388.727936 424.198486,381.234009 
	C423.571838,370.636505 423.738098,359.983795 423.839417,349.357300 
	C423.865723,346.595795 424.591431,343.726807 425.552612,341.111847 
	C427.615234,335.500244 432.821655,332.729401 439.209747,333.421814 
	C444.559906,334.001709 447.567108,337.153870 448.653290,343.391907 
	C448.902039,344.820496 449.009583,346.273651 449.196533,347.836090 
	C451.167389,347.836090 452.919006,347.836090 454.646088,347.836090 
	C455.496552,339.533234 452.956970,333.398102 447.529114,330.364288 
	C436.504669,324.202332 421.961548,329.755554 419.093170,342.017456 
	C415.725830,356.412170 415.821869,371.153564 419.068726,385.577057 
	C421.474640,396.264923 430.879486,401.268860 442.258179,399.072662 
	C450.836914,397.416870 455.959656,389.396942 455.069580,378.545746 
	C452.790527,379.102539 449.219849,376.187561 448.959564,382.277435 
M835.117249,329.742981 
	C826.203674,329.742981 817.290161,329.742981 808.481567,329.742981 
	C808.481567,352.903595 808.481567,375.319366 808.481567,397.768677 
	C819.057312,397.768677 829.318970,397.768677 839.660522,397.768677 
	C839.660522,396.104889 839.660522,394.710022 839.660522,392.876892 
	C831.160095,392.876892 822.904541,392.876892 814.430298,392.876892 
	C814.430298,383.524658 814.430298,374.615326 814.430298,365.324219 
	C822.299438,365.324219 829.926697,365.324219 838.012024,365.324219 
	C837.905518,363.391846 837.821594,361.870300 837.714355,359.924805 
	C829.654175,359.924805 822.073059,359.924805 814.474915,359.924805 
	C814.474915,351.394165 814.474915,343.319824 814.474915,334.730530 
	C822.820129,334.730530 830.880432,334.730530 839.015259,334.730530 
	C839.070740,332.000000 840.082947,329.236389 835.117249,329.742981 
M374.923798,361.500000 
	C374.923798,373.579529 374.923798,385.659088 374.923798,397.749023 
	C385.735626,397.749023 395.965607,397.749023 406.250671,397.749023 
	C406.250671,396.061310 406.250671,394.655579 406.250671,392.814575 
	C397.736511,392.814575 389.498383,392.814575 381.223083,392.814575 
	C381.223083,383.471100 381.223083,374.568634 381.223083,365.065430 
	C389.183716,365.065430 396.901703,365.065430 404.932922,365.065430 
	C404.673492,363.033936 404.495850,361.642883 404.272552,359.894318 
	C396.318817,359.894318 388.744781,359.894318 381.220184,359.894318 
	C381.220184,351.399414 381.220184,343.320709 381.220184,334.725708 
	C389.528198,334.725708 397.589142,334.725708 405.969696,334.725708 
	C405.806274,332.785187 405.689026,331.392822 405.569458,329.972961 
	C395.240967,329.972961 385.317627,329.972961 374.923798,329.972961 
	C374.923798,340.290863 374.923798,350.395416 374.923798,361.500000 
M338.381470,334.918762 
	C341.590240,334.338898 342.216949,335.873962 342.178253,338.820007 
	C342.023071,350.631683 342.115509,362.446564 342.116028,374.260284 
	C342.116364,382.037170 342.116089,389.814026 342.116089,397.806824 
	C344.314392,397.806824 346.042969,397.806824 348.172577,397.806824 
	C348.172577,376.860718 348.172577,356.137573 348.172577,334.890625 
	C353.959412,334.890625 359.361237,334.890625 364.746155,334.890625 
	C364.746155,332.911957 364.746155,331.463867 364.746155,330.007202 
	C351.604401,330.007202 338.689026,330.007202 325.449249,330.007202 
	C325.542175,331.712067 325.619415,333.129456 325.716949,334.918457 
	C329.826843,334.918457 333.621033,334.918457 338.381470,334.918762 
M642.758118,345.506073 
	C642.758118,340.400635 642.758118,335.295227 642.758118,329.977661 
	C640.554871,329.977661 638.809448,329.977661 636.984375,329.977661 
	C636.984375,352.740875 636.984375,375.268158 636.984375,397.764038 
	C646.504700,397.764038 655.740479,397.764038 665.024353,397.764038 
	C665.024353,396.052673 665.024353,394.625214 665.024353,392.775085 
	C657.545288,392.775085 650.295959,392.775085 642.758118,392.775085 
	C642.758118,377.070068 642.758118,361.786865 642.758118,345.506073 
M789.393616,398.034027 
	C792.878235,398.312195 791.899902,395.700745 791.904236,393.948822 
	C791.950378,375.312988 791.932800,356.677032 791.932739,338.041107 
	C791.932678,335.424286 791.932739,332.807434 791.932739,330.000366 
	C789.694336,330.000366 787.971069,330.000366 785.906128,330.000366 
	C785.906128,352.018738 785.878052,373.787720 786.013550,395.555664 
	C786.018799,396.387054 787.602417,397.208618 789.393616,398.034027 
z"/>
<path fill="#1B1B1B" opacity="1.000000" stroke="none" 
	d="
M284.898743,201.000031 
	C284.898743,277.299805 284.898743,353.099548 284.898743,429.168396 
	C210.500519,429.168396 136.409958,429.168396 62.054302,429.168396 
	C62.054302,316.470703 62.054302,203.890213 62.054302,90.920242 
	C136.224823,90.920242 210.403351,90.920242 284.898743,90.920242 
	C284.898743,127.556602 284.898743,164.028305 284.898743,201.000031 
M272.915619,408.462524 
	C272.915619,306.578430 272.915619,204.694321 272.915619,102.731522 
	C206.148102,102.731522 140.098450,102.731522 74.021614,102.731522 
	C74.021614,207.782455 74.021614,312.501434 74.021614,417.199341 
	C140.400177,417.199341 206.448532,417.199341 272.915619,417.199341 
	C272.915619,414.384918 272.915619,411.916992 272.915619,408.462524 
z"/>
<path fill="#1A1A1A" opacity="1.000000" stroke="none" 
	d="
M423.203552,150.884415 
	C424.169220,156.964737 425.031097,162.655869 425.956635,168.767426 
	C415.893250,168.767426 406.828003,168.767426 397.722076,168.767426 
	C397.183655,164.733841 396.993561,160.741486 396.069092,156.927124 
	C394.235687,149.362793 389.785706,145.998962 381.745392,145.467682 
	C374.847382,145.011871 369.462616,148.102982 367.062500,155.056000 
	C365.292389,160.183731 363.723724,165.716537 363.737823,171.064453 
	C363.789062,190.508377 363.654907,210.027466 365.330658,229.367447 
	C366.546844,243.402908 383.849457,250.221283 395.697144,242.518631 
	C396.454742,242.026093 397.009766,240.645981 397.020935,239.671463 
	C397.121643,230.878418 397.079865,222.083755 397.079865,212.815704 
	C391.975311,212.815704 387.226227,212.815704 382.163635,212.815704 
	C382.163635,205.777939 382.163635,199.212051 382.163635,192.309006 
	C396.259796,192.309006 410.335693,192.309006 424.796204,192.309006 
	C424.796204,214.584869 424.796204,236.971329 424.796204,259.828278 
	C405.286743,263.211395 385.662964,266.282074 365.648621,262.256042 
	C350.492249,259.207214 340.766632,250.397217 337.819489,235.226166 
	C332.818237,209.481018 332.546356,183.510101 337.371124,157.760315 
	C340.676239,140.121307 351.798523,129.302200 369.898804,126.456032 
	C379.700348,124.914787 389.476379,124.920761 399.086639,127.816269 
	C410.867981,131.365891 419.142151,138.650818 423.203552,150.884415 
z"/>
<path fill="#1A1A1A" opacity="1.000000" stroke="none" 
	d="
M695.801025,242.999908 
	C695.801025,217.896439 695.801025,193.292984 695.801025,168.453674 
	C704.202393,168.453674 712.109802,168.453674 720.381653,168.453674 
	C720.552063,171.338959 720.712341,174.052094 720.936646,177.849609 
	C728.037170,167.391022 737.511658,165.005157 748.441284,166.548798 
	C758.397400,167.954941 764.135071,174.249664 766.771912,183.379242 
	C768.282104,188.607864 769.407898,194.158524 769.420898,199.567322 
	C769.454590,213.522095 769.404846,227.534958 768.165649,241.415466 
	C767.272217,251.422012 762.820190,260.361755 751.898193,263.123474 
	C740.699524,265.955170 730.378601,264.270782 722.072266,253.428482 
	C722.072266,270.436432 722.072266,286.418182 722.072266,302.588379 
	C713.047363,302.588379 704.646912,302.588379 695.801025,302.588379 
	C695.801025,282.726776 695.801025,263.113342 695.801025,242.999908 
M744.214783,214.499664 
	C743.776489,206.701736 743.892517,198.820740 742.740051,191.129837 
	C741.644775,183.820358 735.214233,180.455612 729.077759,182.994507 
	C724.815430,184.757996 723.147522,188.589798 723.029114,192.614594 
	C722.638245,205.900467 722.509277,219.202942 722.722046,232.491974 
	C722.781433,236.203796 723.785767,240.167587 725.381104,243.529663 
	C728.300232,249.681595 737.014343,249.818268 740.452881,243.914474 
	C741.755005,241.678772 742.664551,238.979324 742.912598,236.410126 
	C743.583313,229.462952 743.802856,222.472229 744.214783,214.499664 
z"/>
<path fill="#1A1A1A" opacity="1.000000" stroke="none" 
	d="
M878.487183,176.411987 
	C884.321960,162.750854 889.907349,149.395370 895.732544,136.145340 
	C896.364441,134.708115 898.358521,132.955414 899.762390,132.918137 
	C910.071106,132.644287 920.390503,132.770294 931.307129,132.770294 
	C931.307129,159.404846 931.307129,185.778442 931.307129,212.628571 
	C934.997131,212.628571 938.094482,212.628571 941.477173,212.628571 
	C941.477173,219.371124 941.477173,225.638412 941.477173,232.365982 
	C938.295776,232.556305 935.074524,232.749023 931.478271,232.964172 
	C931.478271,242.672089 931.478271,252.105591 931.478271,261.794250 
	C922.848999,261.794250 914.617004,261.794250 906.014038,261.794250 
	C906.014038,252.280655 906.014038,242.856003 906.014038,232.905472 
	C892.612305,232.905472 879.560181,232.905472 865.508850,232.905472 
	C866.866455,221.468536 863.348572,210.400970 868.467834,199.687424 
	C872.052063,192.186462 875.048584,184.404694 878.487183,176.411987 
M891.061401,198.503510 
	C889.358765,203.110718 887.656128,207.717911 885.933289,212.379730 
	C893.594971,212.379730 900.657471,212.379730 907.871094,212.379730 
	C908.398926,192.239655 908.916870,172.476425 909.434753,152.713196 
	C909.099121,152.689606 908.763489,152.666016 908.427917,152.642426 
	C902.733398,167.688080 897.038879,182.733719 891.061401,198.503510 
z"/>
<path fill="#1A1A1A" opacity="1.000000" stroke="none" 
	d="
M628.904236,184.003967 
	C628.927124,201.832489 628.829956,219.163437 629.026062,236.491058 
	C629.117737,244.599045 633.335022,248.517548 640.324341,247.730743 
	C645.927490,247.099991 648.854004,243.737061 648.973328,236.856003 
	C649.184143,224.695297 649.089783,212.529144 649.105591,200.365250 
	C649.119202,189.883606 649.108459,179.401917 649.108459,168.568756 
	C657.771362,168.568756 666.169678,168.568756 675.333069,168.568756 
	C675.333069,199.572235 675.333069,230.598785 675.333069,261.855713 
	C667.020752,261.855713 658.279663,261.855713 649.182617,261.855713 
	C649.182617,259.222473 649.182617,256.801880 649.182617,252.725525 
	C642.136658,262.581879 633.226562,264.891815 623.137390,264.063660 
	C610.408020,263.018829 602.772888,254.882660 602.745850,242.146637 
	C602.696655,218.984787 602.727051,195.822769 602.738586,172.660812 
	C602.739258,171.356415 602.870056,170.052078 602.954285,168.487228 
	C611.557983,168.487228 619.963318,168.487228 628.904236,168.487228 
	C628.904236,173.609024 628.904236,178.557022 628.904236,184.003967 
z"/>
<path fill="#1B1B1B" opacity="1.000000" stroke="none" 
	d="
M550.660400,166.240356 
	C552.605286,166.476425 554.093872,166.658432 555.579956,166.858841 
	C570.489441,168.869461 579.571228,176.772934 582.505859,191.615280 
	C585.601868,207.274063 585.532166,223.141205 582.269470,238.777084 
	C579.140137,253.773743 571.052979,261.530151 555.921021,263.382355 
	C548.270691,264.318787 540.230713,263.973328 532.603088,262.743164 
	C521.547913,260.960144 513.780762,254.137344 510.837708,243.159256 
	C505.920319,224.816544 505.733490,206.199524 510.424225,187.824936 
	C513.547241,175.591431 522.524658,169.014771 534.780151,167.147934 
	C539.851868,166.375397 545.057983,166.485931 550.660400,166.240356 
M557.210388,193.588501 
	C556.978943,192.619965 556.827148,191.623886 556.503052,190.687408 
	C554.471558,184.817947 551.454956,182.756836 545.281799,182.958069 
	C539.800537,183.136749 536.588806,185.690720 535.166199,191.476517 
	C534.456421,194.363449 533.994995,197.378174 533.935242,200.345459 
	C533.767761,208.658997 533.636353,216.986649 533.949341,225.291458 
	C534.135681,230.236160 534.768127,235.251968 535.956909,240.048187 
	C537.358948,245.704636 540.467896,247.598236 546.181519,247.508774 
	C552.527893,247.409393 556.308838,244.508911 556.747131,236.724625 
	C557.539062,222.658478 557.217773,208.529648 557.210388,193.588501 
z"/>
<path fill="#191919" opacity="1.000000" stroke="none" 
	d="
M810.267212,136.009552 
	C812.614807,134.742249 814.665283,133.023560 816.802124,132.908447 
	C823.602173,132.542175 830.434448,132.772842 837.623169,132.772842 
	C837.623169,175.814026 837.623169,218.645721 837.623169,261.765686 
	C828.589539,261.765686 819.525391,261.765686 810.002686,261.765686 
	C810.002686,229.074814 810.002686,196.395813 810.002686,163.193481 
	C802.606323,167.955109 795.756287,172.365051 787.961975,177.382904 
	C787.961975,168.771133 787.822876,161.508911 788.103455,154.262939 
	C788.148438,153.100677 789.946960,151.855713 791.143433,150.913925 
	C797.395020,145.992920 803.714050,141.157394 810.267212,136.009552 
z"/>
<path fill="#191919" opacity="1.000000" stroke="none" 
	d="
M469.863434,262.052948 
	C462.405640,262.052826 455.433167,262.052826 448.162903,262.052826 
	C448.162903,230.765167 448.162903,199.735886 448.162903,168.460571 
	C456.237946,168.460571 464.150024,168.460571 472.546326,168.460571 
	C472.546326,171.855682 472.546326,175.102005 472.546326,178.348312 
	C478.571442,169.518875 486.802887,166.067535 497.163818,166.213928 
	C497.163818,173.986954 497.163818,181.592041 497.163818,189.572769 
	C494.926361,189.685089 492.813660,189.751678 490.707123,189.903534 
	C479.887299,190.683533 474.226318,196.320679 474.089996,207.169617 
	C473.876526,224.157333 473.943359,241.149704 474.045776,258.139160 
	C474.062927,260.979706 473.672485,262.710938 469.863434,262.052948 
z"/>
<path fill="#262625" opacity="1.000000" stroke="none" 
	d="
M566.499390,341.047485 
	C566.499329,360.176941 566.499329,378.814026 566.499329,397.387421 
	C557.776306,399.068573 557.777222,399.068146 554.329651,391.535645 
	C547.130005,375.805389 539.931946,360.074402 532.724060,344.347900 
	C532.057068,342.892670 531.325195,341.467163 529.703552,340.170654 
	C529.703552,359.283325 529.703552,378.396027 529.703552,397.773010 
	C527.353394,397.773010 525.599487,397.773010 523.561707,397.773010 
	C523.561707,375.325287 523.561707,352.891907 523.561707,330.438080 
	C531.374756,328.481873 532.236023,328.871765 535.508118,335.936218 
	C543.391602,352.956238 551.272156,369.977600 559.963379,386.893005 
	C559.963379,368.125763 559.963379,349.358521 559.963379,330.161591 
	C562.353455,330.161591 564.206116,330.161591 566.499512,330.161591 
	C566.499512,333.641022 566.499512,337.098053 566.499390,341.047485 
z"/>
<path fill="#242424" opacity="1.000000" stroke="none" 
	d="
M501.352600,385.976501 
	C501.352661,378.863800 501.352661,372.246246 501.352661,365.459167 
	C492.285370,365.459167 483.830719,365.459167 474.975281,365.459167 
	C474.975281,376.102753 474.975281,386.708984 474.975281,397.747223 
	C472.885529,397.872833 471.160858,397.976532 469.078491,398.101715 
	C469.078491,375.309357 469.078491,352.788147 469.078491,330.000214 
	C470.795776,330.000214 472.538818,330.000214 474.618225,330.000214 
	C474.618225,339.874756 474.618225,349.628357 474.618225,359.744568 
	C483.498199,359.744568 492.057129,359.744568 501.173035,359.744568 
	C501.173035,350.010590 501.173035,340.145386 501.173035,330.012817 
	C503.464783,330.012817 505.208160,330.012817 507.183655,330.012817 
	C507.183655,352.562866 507.183655,374.982330 507.183655,397.721313 
	C505.431061,397.721313 503.698212,397.721313 501.352570,397.721313 
	C501.352570,394.008911 501.352570,390.240265 501.352600,385.976501 
z"/>
<path fill="#262625" opacity="1.000000" stroke="none" 
	d="
M622.421875,373.699097 
	C622.004150,377.465088 621.878235,380.825928 621.157043,384.053741 
	C618.830811,394.465118 612.567993,399.437958 602.092834,399.508484 
	C591.574646,399.579254 584.028748,394.780487 583.061646,384.348816 
	C581.798279,370.721680 581.844543,356.800232 583.102661,343.169281 
	C584.036621,333.050537 591.568665,328.210480 601.793579,328.130157 
	C612.144958,328.048859 619.414490,333.066528 620.928223,343.386414 
	C622.367493,353.198151 622.009094,363.273529 622.421875,373.699097 
M587.607910,352.614288 
	C587.891846,362.734528 587.555420,372.922791 588.655029,382.953644 
	C589.543030,391.054016 594.204773,394.226990 601.912476,394.229095 
	C609.730774,394.231232 614.505737,391.172943 615.090698,382.979828 
	C615.996643,370.290710 615.973877,357.444550 615.093811,344.751709 
	C614.537842,336.732697 609.430359,333.330811 601.926819,333.346558 
	C594.417603,333.362305 590.261597,336.816742 588.502502,344.737823 
	C588.001343,346.994598 587.932617,349.347473 587.607910,352.614288 
z"/>
<path fill="#252525" opacity="1.000000" stroke="none" 
	d="
M769.826477,343.294006 
	C770.606812,349.319305 766.518311,346.348328 764.436584,347.145111 
	C761.892517,335.567444 757.345398,332.079773 747.450989,333.593079 
	C741.521301,334.500000 737.522705,338.160095 737.272522,343.657135 
	C736.662292,357.064819 736.455872,370.555084 737.282715,383.938232 
	C737.728577,391.155273 742.749268,394.114136 750.316711,394.227692 
	C762.806091,394.415161 763.085510,394.147400 763.085510,381.990662 
	C763.085510,377.361664 763.085510,372.732666 763.085510,367.632507 
	C758.397034,367.632507 754.138428,367.632507 749.531555,367.632507 
	C749.421997,365.768372 749.339600,364.365204 749.236755,362.614929 
	C755.839783,362.614929 762.092834,362.614929 768.739624,362.614929 
	C768.739624,373.766388 768.739624,384.987701 768.739624,396.722137 
	C760.805481,399.111938 752.523621,400.550629 744.060852,398.731323 
	C737.448975,397.309967 733.068604,392.807465 731.684814,386.326813 
	C728.522644,371.517914 728.203308,356.440063 731.662659,341.752472 
	C734.792725,328.462799 754.437134,323.105377 764.580200,332.459991 
	C767.245422,334.918030 768.094238,339.345551 769.826477,343.294006 
z"/>
<path fill="#242424" opacity="1.000000" stroke="none" 
	d="
M716.210327,371.636841 
	C715.494507,377.165710 715.380676,382.430603 713.942444,387.304657 
	C711.523743,395.501190 705.166199,399.426605 695.959595,399.504944 
	C686.527283,399.585205 680.135376,395.538513 677.411438,387.306763 
	C676.324036,384.020477 675.435120,380.490265 675.409851,377.064056 
	C675.333984,366.755127 675.153259,356.390259 676.089111,346.145477 
	C677.164978,334.368927 684.373413,328.250366 695.532043,328.128204 
	C706.534180,328.007782 713.584045,333.614838 715.153381,345.287262 
	C716.300232,353.817352 715.917664,362.553101 716.210327,371.636841 
M709.962830,377.115051 
	C709.625305,365.997742 709.815430,354.829956 708.758423,343.781464 
	C708.091309,336.808441 703.191345,333.558777 696.236145,333.346344 
	C689.120178,333.128937 684.325256,335.999146 682.923889,342.817535 
	C680.053833,356.781250 680.038086,370.934082 682.920898,384.899780 
	C684.316467,391.660461 688.618225,394.256500 695.745056,394.238770 
	C702.835510,394.221130 706.827820,391.415436 708.684204,384.890350 
	C709.317200,382.665131 709.520325,380.317566 709.962830,377.115051 
z"/>
<path fill="#242424" opacity="1.000000" stroke="none" 
	d="
M886.106079,373.116638 
	C886.754822,376.236969 887.711365,378.998077 887.705872,381.757263 
	C887.681641,393.881042 880.690979,400.080078 868.104980,399.462311 
	C855.743591,398.855530 849.889832,392.090729 850.920715,379.205414 
	C851.784607,379.119049 852.715088,378.976044 853.649048,378.947662 
	C854.471619,378.922607 855.298096,379.025665 856.356812,379.085358 
	C856.530090,379.893494 856.787842,380.655243 856.845764,381.431885 
	C857.626221,391.882660 863.572632,396.574188 873.633057,393.698975 
	C876.470886,392.888000 879.528076,389.815033 880.743347,387.021912 
	C882.907349,382.048553 882.026672,376.711792 877.918030,372.727722 
	C875.441833,370.326660 872.381653,368.510773 869.510620,366.538483 
	C866.223267,364.280182 862.844788,362.154968 859.523621,359.945221 
	C852.710632,355.412292 850.926147,348.829468 852.097229,341.176544 
	C853.009460,335.215118 856.351746,331.101440 862.202271,329.386749 
	C864.574463,328.691498 867.095764,328.279602 869.566467,328.183868 
	C881.559021,327.719177 887.570923,333.992828 887.095398,346.684174 
	C886.217041,346.763306 885.287415,346.898621 884.355713,346.915466 
	C883.540466,346.930206 882.722900,346.811798 881.763428,346.741791 
	C881.553467,346.051086 881.271179,345.449188 881.194702,344.822174 
	C879.967834,334.761627 872.761169,330.490540 863.428650,334.313782 
	C856.275940,337.244049 855.633362,349.289093 862.577698,354.539429 
	C867.344055,358.143036 872.654419,361.026306 877.427673,364.621857 
	C880.547668,366.972076 883.141479,370.020721 886.106079,373.116638 
z"/>
<path fill="#242424" opacity="1.000000" stroke="none" 
	d="
M448.990417,381.871582 
	C449.219849,376.187561 452.790527,379.102539 455.069580,378.545746 
	C455.959656,389.396942 450.836914,397.416870 442.258179,399.072662 
	C430.879486,401.268860 421.474640,396.264923 419.068726,385.577057 
	C415.821869,371.153564 415.725830,356.412170 419.093170,342.017456 
	C421.961548,329.755554 436.504669,324.202332 447.529114,330.364288 
	C452.956970,333.398102 455.496552,339.533234 454.646088,347.836090 
	C452.919006,347.836090 451.167389,347.836090 449.196533,347.836090 
	C449.009583,346.273651 448.902039,344.820496 448.653290,343.391907 
	C447.567108,337.153870 444.559906,334.001709 439.209747,333.421814 
	C432.821655,332.729401 427.615234,335.500244 425.552612,341.111847 
	C424.591431,343.726807 423.865723,346.595795 423.839417,349.357300 
	C423.738098,359.983795 423.571838,370.636505 424.198486,381.234009 
	C424.641602,388.727936 428.500366,392.865112 434.146606,393.956787 
	C442.770416,395.624146 447.045990,392.253052 448.990417,381.871582 
z"/>
<path fill="#212121" opacity="1.000000" stroke="none" 
	d="
M835.574097,329.744263 
	C840.082947,329.236389 839.070740,332.000000 839.015259,334.730530 
	C830.880432,334.730530 822.820129,334.730530 814.474915,334.730530 
	C814.474915,343.319824 814.474915,351.394165 814.474915,359.924805 
	C822.073059,359.924805 829.654175,359.924805 837.714355,359.924805 
	C837.821594,361.870300 837.905518,363.391846 838.012024,365.324219 
	C829.926697,365.324219 822.299438,365.324219 814.430298,365.324219 
	C814.430298,374.615326 814.430298,383.524658 814.430298,392.876892 
	C822.904541,392.876892 831.160095,392.876892 839.660522,392.876892 
	C839.660522,394.710022 839.660522,396.104889 839.660522,397.768677 
	C829.318970,397.768677 819.057312,397.768677 808.481567,397.768677 
	C808.481567,375.319366 808.481567,352.903595 808.481567,329.742981 
	C817.290161,329.742981 826.203674,329.742981 835.574097,329.744263 
z"/>
<path fill="#1E1E1E" opacity="1.000000" stroke="none" 
	d="
M374.923798,361.000000 
	C374.923798,350.395416 374.923798,340.290863 374.923798,329.972961 
	C385.317627,329.972961 395.240967,329.972961 405.569458,329.972961 
	C405.689026,331.392822 405.806274,332.785187 405.969696,334.725708 
	C397.589142,334.725708 389.528198,334.725708 381.220184,334.725708 
	C381.220184,343.320709 381.220184,351.399414 381.220184,359.894318 
	C388.744781,359.894318 396.318817,359.894318 404.272552,359.894318 
	C404.495850,361.642883 404.673492,363.033936 404.932922,365.065430 
	C396.901703,365.065430 389.183716,365.065430 381.223083,365.065430 
	C381.223083,374.568634 381.223083,383.471100 381.223083,392.814575 
	C389.498383,392.814575 397.736511,392.814575 406.250671,392.814575 
	C406.250671,394.655579 406.250671,396.061310 406.250671,397.749023 
	C395.965607,397.749023 385.735626,397.749023 374.923798,397.749023 
	C374.923798,385.659088 374.923798,373.579529 374.923798,361.000000 
z"/>
<path fill="#222221" opacity="1.000000" stroke="none" 
	d="
M337.898346,334.918610 
	C333.621033,334.918457 329.826843,334.918457 325.716949,334.918457 
	C325.619415,333.129456 325.542175,331.712067 325.449249,330.007202 
	C338.689026,330.007202 351.604401,330.007202 364.746155,330.007202 
	C364.746155,331.463867 364.746155,332.911957 364.746155,334.890625 
	C359.361237,334.890625 353.959412,334.890625 348.172577,334.890625 
	C348.172577,356.137573 348.172577,376.860718 348.172577,397.806824 
	C346.042969,397.806824 344.314392,397.806824 342.116089,397.806824 
	C342.116089,389.814026 342.116364,382.037170 342.116028,374.260284 
	C342.115509,362.446564 342.023071,350.631683 342.178253,338.820007 
	C342.216949,335.873962 341.590240,334.338898 337.898346,334.918610 
z"/>
<path fill="#212121" opacity="1.000000" stroke="none" 
	d="
M642.758118,346.004883 
	C642.758118,361.786865 642.758118,377.070068 642.758118,392.775085 
	C650.295959,392.775085 657.545288,392.775085 665.024353,392.775085 
	C665.024353,394.625214 665.024353,396.052673 665.024353,397.764038 
	C655.740479,397.764038 646.504700,397.764038 636.984375,397.764038 
	C636.984375,375.268158 636.984375,352.740875 636.984375,329.977661 
	C638.809448,329.977661 640.554871,329.977661 642.758118,329.977661 
	C642.758118,335.295227 642.758118,340.400635 642.758118,346.004883 
z"/>
<path fill="#212121" opacity="1.000000" stroke="none" 
	d="
M788.922119,398.034363 
	C787.602417,397.208618 786.018799,396.387054 786.013550,395.555664 
	C785.878052,373.787720 785.906128,352.018738 785.906128,330.000366 
	C787.971069,330.000366 789.694336,330.000366 791.932739,330.000366 
	C791.932739,332.807434 791.932678,335.424286 791.932739,338.041107 
	C791.932800,356.677032 791.950378,375.312988 791.904236,393.948822 
	C791.899902,395.700745 792.878235,398.312195 788.922119,398.034363 
z"/>
<path fill="#FDFDFB" opacity="1.000000" stroke="none" 
	d="
M272.915619,408.955811 
	C272.915619,411.916992 272.915619,414.384918 272.915619,417.199341 
	C206.448532,417.199341 140.400177,417.199341 74.021614,417.199341 
	C74.021614,312.501434 74.021614,207.782455 74.021614,102.731522 
	C140.098450,102.731522 206.148102,102.731522 272.915619,102.731522 
	C272.915619,204.694321 272.915619,306.578430 272.915619,408.955811 
M203.177658,396.774780 
	C211.188400,395.538116 219.199142,394.301453 227.082184,393.084473 
	C227.082184,363.090668 227.082184,333.728149 227.082184,304.413269 
	C208.131409,304.413269 189.577866,304.413269 171.010361,304.413269 
	C171.010361,313.386719 171.010361,322.000458 171.010361,331.107666 
	C177.589066,331.107666 183.995789,331.107666 190.859116,331.107666 
	C190.859116,342.380951 190.538940,353.179321 191.003815,363.943817 
	C191.213806,368.806061 189.633514,371.000305 185.052505,371.543854 
	C183.569504,371.719818 182.116562,372.137146 180.643143,372.407410 
	C160.492004,376.103394 151.457367,369.777313 148.165573,349.667542 
	C148.031128,348.846191 147.879059,348.017395 147.859268,347.189087 
	C147.350311,325.894928 146.345108,304.594116 146.605209,283.308868 
	C146.715164,274.308929 148.653809,265.087097 151.279953,256.426636 
	C154.277145,246.542587 161.962677,242.389053 171.703979,243.358749 
	C182.366486,244.420135 188.269531,249.824783 190.038727,260.523895 
	C190.762009,264.898010 190.969635,269.357391 191.408310,273.742493 
	C203.477737,273.742493 215.347687,273.742493 227.176315,273.742493 
	C229.535721,247.076828 216.506104,226.662903 192.965912,219.938370 
	C182.563782,216.966888 171.974503,216.280106 161.293106,217.488953 
	C132.222870,220.778931 116.857979,234.300720 111.969604,263.133881 
	C106.673447,294.372192 107.092857,325.914124 112.402290,357.120911 
	C116.550728,381.503815 129.861008,393.228912 154.496292,397.118896 
	C170.457886,399.639252 186.363586,398.914001 203.177658,396.774780 
M170.875015,153.331833 
	C169.739120,157.315521 168.603226,161.299225 167.214813,166.168503 
	C175.082733,166.168503 181.473328,166.168503 188.296860,166.168503 
	C188.296860,171.288559 188.296860,175.872620 188.296860,180.424133 
	C190.982788,180.424133 193.197098,180.424133 195.927490,180.424133 
	C195.927490,175.496078 195.927490,170.927017 195.927490,166.349380 
	C198.524170,166.136795 200.597382,165.967056 202.540771,165.807953 
	C202.540771,163.465561 202.540771,161.549072 202.540771,159.432816 
	C200.195267,159.245392 198.130402,159.080368 195.635193,158.880966 
	C195.635193,146.137207 195.635193,133.734283 195.635193,121.394470 
	C185.428009,120.303749 185.442108,120.309952 181.653748,128.920700 
	C178.174896,136.827988 174.661194,144.719925 170.875015,153.331833 
M153.270142,170.472290 
	C153.270142,154.080872 153.270142,137.689453 153.270142,121.352364 
	C142.929214,120.472397 135.148788,127.231056 137.168091,135.147369 
	C139.657822,133.587494 142.078400,132.070953 145.378418,130.003418 
	C145.378418,147.537491 145.378418,164.033203 145.378418,180.537445 
	C148.241730,180.537445 150.505478,180.537445 153.270142,180.537445 
	C153.270142,177.352448 153.270142,174.405731 153.270142,170.472290 
z"/>
<path fill="#FBFBF9" opacity="1.000000" stroke="none" 
	d="
M744.208130,214.999222 
	C743.802856,222.472229 743.583313,229.462952 742.912598,236.410126 
	C742.664551,238.979324 741.755005,241.678772 740.452881,243.914474 
	C737.014343,249.818268 728.300232,249.681595 725.381104,243.529663 
	C723.785767,240.167587 722.781433,236.203796 722.722046,232.491974 
	C722.509277,219.202942 722.638245,205.900467 723.029114,192.614594 
	C723.147522,188.589798 724.815430,184.757996 729.077759,182.994507 
	C735.214233,180.455612 741.644775,183.820358 742.740051,191.129837 
	C743.892517,198.820740 743.776489,206.701736 744.208130,214.999222 
z"/>
<path fill="#F6F6F4" opacity="1.000000" stroke="none" 
	d="
M891.202881,198.141449 
	C897.038879,182.733719 902.733398,167.688080 908.427917,152.642426 
	C908.763489,152.666016 909.099121,152.689606 909.434753,152.713196 
	C908.916870,172.476425 908.398926,192.239655 907.871094,212.379730 
	C900.657471,212.379730 893.594971,212.379730 885.933289,212.379730 
	C887.656128,207.717911 889.358765,203.110718 891.202881,198.141449 
z"/>
<path fill="#FBFBF9" opacity="1.000000" stroke="none" 
	d="
M557.285889,194.007751 
	C557.217773,208.529648 557.539062,222.658478 556.747131,236.724625 
	C556.308838,244.508911 552.527893,247.409393 546.181519,247.508774 
	C540.467896,247.598236 537.358948,245.704636 535.956909,240.048187 
	C534.768127,235.251968 534.135681,230.236160 533.949341,225.291458 
	C533.636353,216.986649 533.767761,208.658997 533.935242,200.345459 
	C533.994995,197.378174 534.456421,194.363449 535.166199,191.476517 
	C536.588806,185.690720 539.800537,183.136749 545.281799,182.958069 
	C551.454956,182.756836 554.471558,184.817947 556.503052,190.687408 
	C556.827148,191.623886 556.978943,192.619965 557.285889,194.007751 
z"/>
<path fill="#FBFBF9" opacity="1.000000" stroke="none" 
	d="
M587.636780,352.135284 
	C587.932617,349.347473 588.001343,346.994598 588.502502,344.737823 
	C590.261597,336.816742 594.417603,333.362305 601.926819,333.346558 
	C609.430359,333.330811 614.537842,336.732697 615.093811,344.751709 
	C615.973877,357.444550 615.996643,370.290710 615.090698,382.979828 
	C614.505737,391.172943 609.730774,394.231232 601.912476,394.229095 
	C594.204773,394.226990 589.543030,391.054016 588.655029,382.953644 
	C587.555420,372.922791 587.891846,362.734528 587.636780,352.135284 
z"/>
<path fill="#FBFBF9" opacity="1.000000" stroke="none" 
	d="
M709.941345,377.570496 
	C709.520325,380.317566 709.317200,382.665131 708.684204,384.890350 
	C706.827820,391.415436 702.835510,394.221130 695.745056,394.238770 
	C688.618225,394.256500 684.316467,391.660461 682.920898,384.899780 
	C680.038086,370.934082 680.053833,356.781250 682.923889,342.817535 
	C684.325256,335.999146 689.120178,333.128937 696.236145,333.346344 
	C703.191345,333.558777 708.091309,336.808441 708.758423,343.781464 
	C709.815430,354.829956 709.625305,365.997742 709.941345,377.570496 
z"/>
<path fill="#191919" opacity="1.000000" stroke="none" 
	d="
M202.729004,396.814484 
	C186.363586,398.914001 170.457886,399.639252 154.496292,397.118896 
	C129.861008,393.228912 116.550728,381.503815 112.402290,357.120911 
	C107.092857,325.914124 106.673447,294.372192 111.969604,263.133881 
	C116.857979,234.300720 132.222870,220.778931 161.293106,217.488953 
	C171.974503,216.280106 182.563782,216.966888 192.965912,219.938370 
	C216.506104,226.662903 229.535721,247.076828 227.176315,273.742493 
	C215.347687,273.742493 203.477737,273.742493 191.408310,273.742493 
	C190.969635,269.357391 190.762009,264.898010 190.038727,260.523895 
	C188.269531,249.824783 182.366486,244.420135 171.703979,243.358749 
	C161.962677,242.389053 154.277145,246.542587 151.279953,256.426636 
	C148.653809,265.087097 146.715164,274.308929 146.605209,283.308868 
	C146.345108,304.594116 147.350311,325.894928 147.859268,347.189087 
	C147.879059,348.017395 148.031128,348.846191 148.165573,349.667542 
	C151.457367,369.777313 160.492004,376.103394 180.643143,372.407410 
	C182.116562,372.137146 183.569504,371.719818 185.052505,371.543854 
	C189.633514,371.000305 191.213806,368.806061 191.003815,363.943817 
	C190.538940,353.179321 190.859116,342.380951 190.859116,331.107666 
	C183.995789,331.107666 177.589066,331.107666 171.010361,331.107666 
	C171.010361,322.000458 171.010361,313.386719 171.010361,304.413269 
	C189.577866,304.413269 208.131409,304.413269 227.082184,304.413269 
	C227.082184,333.728149 227.082184,363.090668 227.082184,393.084473 
	C219.199142,394.301453 211.188400,395.538116 202.729004,396.814484 
z"/>
<path fill="#262625" opacity="1.000000" stroke="none" 
	d="
M171.018921,152.975220 
	C174.661194,144.719925 178.174896,136.827988 181.653748,128.920700 
	C185.442108,120.309952 185.428009,120.303749 195.635193,121.394470 
	C195.635193,133.734283 195.635193,146.137207 195.635193,158.880966 
	C198.130402,159.080368 200.195267,159.245392 202.540771,159.432816 
	C202.540771,161.549072 202.540771,163.465561 202.540771,165.807953 
	C200.597382,165.967056 198.524170,166.136795 195.927490,166.349380 
	C195.927490,170.927017 195.927490,175.496078 195.927490,180.424133 
	C193.197098,180.424133 190.982788,180.424133 188.296860,180.424133 
	C188.296860,175.872620 188.296860,171.288559 188.296860,166.168503 
	C181.473328,166.168503 175.082733,166.168503 167.214813,166.168503 
	C168.603226,161.299225 169.739120,157.315521 171.018921,152.975220 
M188.128601,155.400513 
	C188.128601,147.181351 188.128601,138.962204 188.128601,130.743042 
	C187.778793,130.735703 187.428986,130.728378 187.079178,130.721039 
	C183.243622,139.977478 179.408081,149.233917 175.281235,159.193344 
	C179.329178,159.193344 182.603622,159.383530 185.827728,159.064697 
	C186.673950,158.981018 187.364136,157.319473 188.128601,155.400513 
z"/>
<path fill="#222221" opacity="1.000000" stroke="none" 
	d="
M153.270142,170.965652 
	C153.270142,174.405731 153.270142,177.352448 153.270142,180.537445 
	C150.505478,180.537445 148.241730,180.537445 145.378418,180.537445 
	C145.378418,164.033203 145.378418,147.537491 145.378418,130.003418 
	C142.078400,132.070953 139.657822,133.587494 137.168091,135.147369 
	C135.148788,127.231056 142.929214,120.472397 153.270142,121.352364 
	C153.270142,137.689453 153.270142,154.080872 153.270142,170.965652 
z"/>
<path fill="#F6F6F4" opacity="1.000000" stroke="none" 
	d="
M188.127289,155.891510 
	C187.364136,157.319473 186.673950,158.981018 185.827728,159.064697 
	C182.603622,159.383530 179.329178,159.193344 175.281235,159.193344 
	C179.408081,149.233917 183.243622,139.977478 187.079178,130.721039 
	C187.428986,130.728378 187.778793,130.735703 188.128601,130.743042 
	C188.128601,138.962204 188.128601,147.181351 188.127289,155.891510 
z"/>
</svg>