<svg version="1.1" id="Layer_1" xmlns="http://www.w3.org/2000/svg" xmlns:xlink="http://www.w3.org/1999/xlink" x="0px" y="0px"
	 width="100%" viewBox="0 0 400 204" enable-background="new 0 0 400 204" xml:space="preserve">
<path fill="#FFFFFF" opacity="1.000000" stroke="none" 
	d="
M242.000000,205.000000 
	C161.366516,205.000000 81.233025,205.000000 1.049771,205.000000 
	C1.049771,137.061356 1.049771,69.122665 1.049771,1.091988 
	C134.216766,1.091988 267.433594,1.091988 400.825226,1.091988 
	C400.825226,68.999649 400.825226,136.999771 400.825226,205.000000 
	C348.122772,205.000000 295.311401,205.000000 242.000000,205.000000 
M59.006161,52.748333 
	C58.997772,53.489761 58.989388,54.231194 58.722126,55.488155 
	C58.152954,55.993351 57.583782,56.498543 56.265755,57.010475 
	C55.428272,58.565228 54.005821,60.066406 53.857651,61.684284 
	C53.305748,67.710526 53.224667,73.778358 52.847431,79.823128 
	C52.744385,81.474342 52.162304,83.090141 51.910793,84.739082 
	C51.637222,86.532654 52.047478,88.699203 51.171932,90.074272 
	C49.536709,92.642448 50.157166,94.325394 52.352074,96.593811 
	C52.606552,97.329727 52.861031,98.065636 53.030922,99.641350 
	C53.546921,102.958450 54.420212,106.270638 54.465908,109.594208 
	C54.502487,112.254776 53.249199,114.910759 53.074886,117.601585 
	C52.787903,122.031685 53.368610,126.555847 52.726353,130.914032 
	C52.130760,134.955597 53.887741,136.215607 57.165192,136.824356 
	C57.165192,136.824356 57.270588,136.789200 57.095806,137.617569 
	C57.696968,138.720795 58.298134,139.824005 58.899296,140.927231 
	C59.940025,140.241516 60.980755,139.555786 62.763500,138.878906 
	C63.502750,138.940689 64.241997,139.002472 65.172356,139.820038 
	C68.263695,141.244247 71.340385,142.493362 74.806305,138.992691 
	C75.844833,138.891479 76.883369,138.790253 78.601379,138.808395 
	C80.256783,137.605759 82.549461,136.472275 78.880585,134.052612 
	C75.524597,129.607834 70.912201,132.256454 66.883011,132.116394 
	C63.774364,132.008301 62.624062,130.951950 63.557751,127.580292 
	C64.038704,121.386047 64.519653,115.191803 65.787949,109.000565 
	C66.885963,109.880859 68.339584,110.545967 69.023804,111.676666 
	C73.211655,118.597389 78.276031,124.324478 86.164406,127.327225 
	C89.720047,128.680695 92.893188,131.131134 96.060677,133.340744 
	C96.762131,133.830063 96.986130,135.413589 96.951126,136.477509 
	C96.804527,140.932205 96.006500,145.425201 96.420700,149.812256 
	C96.614655,151.866592 99.019859,153.712173 100.422913,155.652359 
	C101.592926,154.715332 102.762947,153.778305 104.008057,152.402496 
	C104.008057,152.402496 104.219620,152.010849 105.001549,152.009125 
	C111.156860,151.503113 112.051773,149.928726 109.156883,144.687469 
	C106.757278,140.342926 107.551392,135.943832 110.831039,132.935181 
	C114.876762,129.223740 119.989037,126.701576 124.350380,123.294258 
	C126.073746,121.947876 126.606071,118.871140 128.400177,117.864212 
	C132.079437,115.799278 132.258789,112.907417 131.951782,109.152664 
	C132.103256,108.947609 132.306351,108.840492 133.247131,108.895973 
	C136.531204,107.560677 137.767029,102.528839 136.364380,98.251045 
	C132.025558,96.928642 128.190140,95.862152 124.469055,94.486450 
	C124.038887,94.327408 123.775185,92.145538 124.242264,91.425926 
	C125.664207,89.235184 127.598969,87.382080 129.086182,85.226494 
	C129.660934,84.393425 129.689865,83.102249 129.700562,82.017151 
	C129.703339,81.734978 128.290253,81.122780 128.226074,81.205315 
	C127.631721,81.969765 127.276871,82.921799 126.675865,83.679222 
	C126.238335,84.230629 125.534515,84.570747 124.761322,84.703430 
	C124.761322,84.703430 124.857147,84.361099 124.954094,83.488808 
	C124.018791,81.403381 123.266830,77.685364 122.111893,77.555664 
	C119.277802,77.237381 116.257996,78.572845 113.312897,79.243011 
	C113.661781,80.196686 114.010658,81.150360 114.158936,82.756386 
	C113.839928,83.845566 113.520927,84.934746 112.392464,86.012138 
	C106.720779,85.083824 104.652649,80.509293 107.143517,75.687080 
	C108.057495,73.917679 107.291191,71.280327 107.188583,68.368698 
	C107.216599,67.918488 107.244614,67.468277 107.915466,66.862350 
	C110.447800,61.240528 103.855080,61.745312 102.221100,58.736115 
	C102.149826,59.860413 102.078552,60.984715 101.404671,62.306900 
	C100.984253,62.349979 100.563843,62.393059 99.874710,61.863556 
	C99.250343,62.245243 98.625969,62.626926 97.405296,63.342281 
	C96.898727,64.560059 96.392151,65.777840 95.160904,67.162407 
	C94.894882,68.655464 94.269867,70.190773 94.439568,71.632545 
	C94.765915,74.405205 95.757599,77.102623 96.044533,79.875610 
	C96.196045,81.339905 95.444771,82.897606 95.101105,84.413139 
	C93.717354,83.566330 91.698418,83.045563 91.065819,81.813179 
	C88.945633,77.682800 86.087746,75.630417 81.178955,76.710342 
	C81.108200,78.110092 81.041885,79.422058 80.637451,81.143700 
	C80.235374,81.484390 79.833298,81.825073 78.608582,82.131660 
	C72.190285,86.614227 77.664452,90.388008 79.893333,94.823723 
	C74.673447,94.724739 69.915031,94.919106 69.012543,101.013893 
	C69.012543,101.013893 69.095963,101.063568 68.439140,100.983978 
	C67.625908,100.656189 66.812668,100.328400 65.684189,99.274330 
	C65.440704,95.244843 65.185158,91.216034 64.956841,87.185684 
	C64.680458,82.306953 66.175407,77.064552 62.006371,72.120506 
	C62.008289,70.082359 62.010208,68.044220 62.706635,65.926804 
	C66.391220,64.484001 64.799828,62.744038 63.528187,60.421055 
	C65.684891,60.281738 67.841591,60.142422 70.110245,60.705288 
	C75.182693,65.372459 77.514214,66.086853 81.710251,56.874870 
	C85.303055,53.220207 80.945580,51.536583 79.431587,49.815155 
	C78.156914,48.365837 75.187523,47.728577 73.267708,51.325935 
	C70.845482,51.550018 68.423248,51.774097 65.855904,51.261501 
	C63.749870,50.560738 61.643841,49.859970 59.537807,49.159206 
	C59.363907,50.108295 59.190006,51.057388 59.006161,52.748333 
M213.166443,133.000641 
	C210.110962,132.999817 207.055481,132.998993 203.251053,132.998825 
	C202.502258,133.000839 201.753448,133.002853 200.245605,133.000763 
	C196.696533,132.391205 193.147446,131.781662 189.267136,131.227936 
	C189.267136,131.227936 189.000778,131.023270 188.905685,130.351028 
	C187.935440,130.566437 186.965210,130.781860 185.137085,131.174545 
	C182.301697,131.199341 179.466309,131.224121 175.745224,131.197189 
	C175.239716,131.558350 174.259781,131.982193 174.298004,132.271515 
	C175.277512,139.685791 170.073441,147.247726 175.482697,155.588943 
	C177.174194,154.755386 179.056290,153.827927 180.983826,152.983307 
	C180.983826,152.983307 180.901535,152.936829 181.669327,152.891373 
	C182.813232,150.796204 183.957138,148.701050 185.269684,146.296982 
	C185.971939,146.754974 187.122726,147.154007 187.733398,147.961502 
	C191.366257,152.765137 195.064728,157.218369 202.151459,155.328186 
	C202.982437,155.106552 204.045151,155.753632 205.122971,156.723465 
	C208.760895,158.310364 212.398834,159.897263 216.036774,161.484161 
	C216.259705,161.106094 216.482651,160.728027 216.705582,160.349945 
	C216.236053,159.133408 215.766541,157.916855 215.358383,156.859314 
	C217.144867,156.503128 218.578354,156.217331 220.745850,155.956543 
	C221.478668,155.958832 222.211502,155.961136 223.560898,156.264450 
	C224.871719,156.588287 226.550659,157.590881 227.427826,157.115143 
	C230.731354,155.323471 232.732544,156.040512 233.714508,160.242065 
	C234.788605,157.903488 235.558167,156.227997 236.327713,154.552490 
	C237.010742,155.127762 237.693771,155.703033 238.376801,156.278305 
	C238.788971,157.722473 239.201141,159.166641 239.972931,161.870819 
	C241.679352,158.103073 242.855209,155.506790 244.828308,152.994720 
	C245.897049,153.028152 246.965775,153.061584 248.326935,153.742020 
	C249.789307,154.821701 251.115097,156.479813 252.741730,156.863937 
	C256.438812,157.736984 260.302673,157.873489 264.062958,158.518188 
	C267.440247,159.097244 268.929230,157.509277 268.019653,153.596054 
	C268.019653,153.596054 268.022095,153.169632 268.409363,152.985291 
	C268.409363,152.985291 268.834229,152.926575 269.644348,152.971313 
	C271.149200,153.466156 272.637115,154.275894 274.164154,154.358063 
	C275.428192,154.426086 276.738403,153.635468 278.761688,153.154861 
	C279.497040,153.188919 280.232422,153.222992 281.192230,153.971161 
	C283.965881,155.170563 286.762695,156.575851 289.342926,152.742538 
	C289.566772,152.510406 289.774078,152.264343 290.557251,151.588470 
	C291.826660,151.019608 293.096100,150.450729 294.665344,150.242523 
	C294.834229,150.677139 295.003082,151.111755 295.116852,152.349869 
	C296.617401,155.831268 298.571289,156.221848 301.531647,153.050369 
	C301.873718,152.952011 302.215759,152.853653 303.412201,152.880447 
	C303.987305,152.899017 304.562378,152.917603 305.756470,152.997437 
	C306.164642,153.057861 306.572815,153.118286 307.075134,153.831146 
	C310.578430,159.357361 310.677460,151.403458 312.978912,152.857254 
	C316.113983,153.801697 319.376404,155.042114 322.535217,154.818604 
	C326.072449,154.568314 329.515869,152.992340 333.217224,152.654251 
	C335.278534,155.805496 336.451843,152.469437 338.812042,151.992767 
	C340.842896,152.331909 342.873718,152.671051 345.375916,153.666107 
	C346.737183,153.745697 348.098450,153.825272 350.005493,153.936768 
	C349.734772,149.148163 349.503235,145.052612 349.231659,140.238632 
	C347.835205,138.743881 346.438751,137.249130 344.994476,135.010422 
	C342.246765,132.019608 340.469696,132.319229 337.314606,135.970398 
	C336.878174,135.868073 336.441742,135.765747 335.811432,135.393158 
	C335.465851,135.219528 335.194489,135.306564 334.367584,135.805542 
	C333.892273,136.201935 333.416931,136.598343 332.139618,136.996460 
	C331.228455,136.728592 329.587708,136.582687 329.519409,136.173950 
	C328.866425,132.267273 325.918427,132.816193 323.422394,133.056747 
	C319.838440,133.402145 316.294281,134.160431 312.483368,134.783295 
	C312.603027,135.274521 312.291138,134.759354 312.419220,134.401825 
	C313.746094,130.698700 311.253387,128.659698 308.574493,128.378937 
	C307.110077,128.225464 305.132843,130.921661 303.772369,132.638275 
	C303.035980,133.567413 303.109406,135.138367 302.248474,136.108215 
	C301.846619,135.952194 301.444763,135.796158 301.011322,134.944107 
	C301.176758,133.215881 301.342224,131.487656 301.565887,129.151230 
	C299.327209,129.452637 295.886047,127.614105 293.629700,131.997589 
	C293.707764,132.991180 293.785797,133.984756 293.145538,134.970535 
	C292.427155,134.983078 291.708801,134.995621 290.846222,134.259827 
	C287.023895,134.100113 283.201782,133.930862 279.377838,133.841644 
	C279.292053,133.839630 279.185059,134.746780 278.648102,135.564560 
	C278.106323,135.638550 277.564575,135.712540 277.002441,135.126343 
	C276.328857,134.764923 275.382233,133.920837 275.026886,134.121918 
	C273.005646,135.265503 271.125580,136.658630 269.063202,137.229889 
	C269.103088,136.484863 269.142975,135.739853 269.690369,134.692703 
	C269.530029,133.786697 269.369720,132.880692 269.010345,131.204468 
	C267.664520,130.749496 266.318726,130.294525 264.630951,129.723953 
	C264.348907,132.577301 264.146851,134.621521 264.066162,135.437637 
	C260.308380,136.038208 257.208099,136.533691 253.275223,137.010605 
	C250.913422,136.154800 248.273972,135.711548 246.252090,134.350708 
	C242.852600,132.062622 239.411636,132.491638 236.151443,135.948517 
	C234.785736,136.009445 233.420013,136.070374 231.609253,135.546890 
	C230.404541,135.342667 229.199814,135.138428 227.984650,134.220093 
	C226.798462,133.819870 225.532623,132.933426 224.441284,133.112198 
	C221.382996,133.613190 218.396759,134.553986 215.096649,135.088333 
	C215.096649,135.088333 214.999435,134.732956 215.553955,134.283188 
	C215.037598,133.856476 214.521240,133.429779 213.166443,133.000641 
M206.691040,57.094994 
	C205.810623,57.332718 204.930222,57.570442 203.215195,57.741386 
	C202.105484,57.814659 200.995758,57.887932 199.283371,57.669979 
	C198.230377,56.889534 197.070160,56.218678 196.142151,55.310509 
	C190.911652,50.191814 186.415161,48.888092 180.304474,52.626270 
	C177.148346,54.557022 175.178207,58.591415 173.013123,61.898521 
	C172.109741,63.278450 171.255005,65.634750 171.833405,66.860283 
	C173.462662,70.312332 175.846924,73.408043 178.223801,77.094368 
	C179.621078,76.112076 180.891998,75.218605 182.939011,74.422325 
	C183.952271,74.654175 184.965546,74.886024 186.086334,75.684219 
	C186.411331,75.978630 186.736313,76.273041 187.061310,76.567459 
	C187.380356,76.071510 187.699402,75.575554 188.534302,74.883629 
	C188.897461,74.844215 189.260605,74.804802 190.482773,74.916641 
	C193.560699,74.623207 196.638641,74.329773 200.221085,74.554558 
	C201.413635,74.665291 202.606171,74.776024 204.568024,74.964760 
	C206.313843,73.606506 208.059662,72.248253 209.860275,70.847366 
	C213.128220,76.486580 214.677887,77.037292 221.552994,74.951401 
	C221.943665,74.919067 222.334335,74.886734 223.486786,75.014236 
	C227.119888,74.942284 230.753006,74.870331 235.048981,74.711441 
	C235.701721,74.839523 236.354462,74.967606 237.589798,75.619705 
	C241.636292,75.096588 245.682800,74.573479 250.245483,74.552444 
	C251.588669,74.386528 252.931839,74.220619 255.008499,74.027763 
	C257.552948,73.819969 259.202881,73.424683 256.506989,70.653275 
	C255.576630,69.696846 255.540344,67.870689 255.095642,66.441818 
	C255.576630,66.206505 256.057617,65.971191 256.538635,65.735878 
	C258.100159,67.192345 259.661682,68.648819 261.422729,70.911781 
	C262.083008,72.531815 262.743286,74.151848 263.403534,75.771889 
	C264.343811,74.183388 265.284119,72.594879 266.678802,70.498199 
	C266.524750,68.995911 266.370728,67.493614 266.101074,65.339279 
	C266.124298,64.899490 266.147491,64.459709 266.734192,63.632278 
	C266.708435,61.921097 267.355408,59.407314 266.497864,58.688580 
	C265.240875,57.635044 262.906952,57.866459 260.184937,57.488754 
	C258.787720,57.647671 257.390472,57.806583 255.705368,57.543388 
	C255.144623,57.650284 254.583878,57.757179 253.209335,57.750732 
	C252.119598,57.824509 251.029846,57.898289 249.211334,57.981842 
	C248.070938,58.365120 246.930557,58.748398 245.213959,59.358440 
	C241.807068,58.827530 238.400177,58.296619 234.326920,57.289272 
	C230.048828,57.266182 225.770737,57.243092 221.217728,57.339581 
	C221.217728,57.339581 220.968689,57.172668 220.887344,56.470028 
	C219.282318,54.279007 218.432587,54.886425 217.534760,57.540401 
	C216.761368,57.739899 215.987976,57.939396 214.527847,57.818138 
	C212.882767,57.952763 211.237686,58.087391 209.154175,57.999195 
	C208.572571,57.733753 207.990952,57.468307 206.691040,57.094994 
M220.230820,104.912636 
	C222.017319,104.978523 223.803802,105.044411 225.698959,105.942619 
	C225.769485,107.622177 225.840012,109.301727 225.614136,111.199249 
	C225.769135,111.460381 225.924133,111.721504 226.379669,112.610451 
	C228.609436,114.279594 230.796768,116.197578 234.493301,113.986534 
	C239.725479,114.992874 244.927414,116.252342 250.204483,116.882973 
	C252.363968,117.141037 255.028519,116.581192 256.852600,115.427681 
	C259.500427,113.753258 261.303345,114.031570 264.074707,115.305237 
	C267.397034,116.832138 271.313965,117.603600 274.992950,117.673454 
	C279.146729,117.752312 283.322205,116.687614 287.839844,116.072365 
	C289.163696,112.832985 291.340942,110.103958 296.416534,111.440224 
	C300.985291,114.758850 305.421844,114.983253 308.631317,112.058044 
	C311.755035,109.210983 311.837677,102.954178 309.100983,97.674057 
	C308.995056,96.857491 308.889099,96.040916 308.783142,95.224335 
	C308.085175,95.783577 307.387207,96.342812 305.906219,96.865234 
	C304.617523,96.653717 303.328796,96.442200 301.717896,95.671257 
	C298.790466,95.916672 295.431976,93.220856 292.243469,96.691734 
	C291.190186,96.885925 290.136902,97.080116 288.975250,96.573357 
	C283.802246,93.137779 281.617096,93.205780 278.213715,96.768723 
	C277.118439,96.761383 276.023163,96.754051 274.574585,96.348862 
	C274.027649,96.619850 273.480743,96.890831 272.117981,97.005051 
	C270.758087,96.768723 269.398193,96.532394 267.745117,95.719109 
	C265.066803,95.245689 261.995941,91.984619 259.246094,96.714157 
	C258.160492,96.801071 257.074860,96.887985 255.530426,96.450546 
	C253.723129,96.614265 251.915833,96.777985 249.309998,96.753128 
	C247.844482,97.166168 246.378967,97.579208 244.474213,98.427032 
	C244.484283,98.822159 244.494370,99.217285 244.535645,99.941467 
	C244.535645,99.941467 244.320190,100.192123 243.791809,99.962082 
	C242.569199,99.638786 241.346603,99.315491 239.864349,98.333458 
	C238.916901,97.833328 237.969437,97.333191 236.970612,96.095833 
	C234.658524,95.060547 232.346420,94.025269 229.552170,92.681091 
	C229.374008,92.612610 229.195847,92.544128 228.998627,91.795860 
	C227.210388,89.844955 225.422150,87.894043 223.245163,85.519035 
	C218.580124,88.486687 214.082581,91.347801 209.585022,94.208908 
	C209.768921,94.446030 209.952820,94.683159 210.136703,94.920280 
	C208.748459,95.540184 207.360214,96.160088 205.228378,96.759872 
	C204.512314,96.572395 203.796249,96.384911 203.005112,95.648277 
	C202.625122,95.220848 202.245132,94.793419 201.865143,94.365990 
	C201.551697,95.044907 201.238251,95.723824 200.258957,96.750603 
	C199.541031,96.970268 198.823090,97.189926 197.967468,96.616928 
	C194.801682,95.402672 192.716843,91.398277 188.189636,92.867371 
	C188.189636,92.867371 187.937210,92.701118 188.476379,91.971733 
	C188.180634,91.142609 187.798798,89.571571 187.601929,89.594406 
	C184.022064,90.009834 180.458145,90.586212 176.927994,91.309639 
	C176.803146,91.335213 177.060120,93.223900 176.897354,94.961113 
	C175.024185,100.967331 175.494125,101.599823 183.768799,105.208046 
	C184.881546,105.693275 185.849945,106.698456 186.607742,107.677612 
	C186.800293,107.926369 185.963623,109.562439 185.537704,109.589699 
	C184.193115,109.675728 182.779404,109.441040 181.466217,109.069588 
	C179.760864,108.587219 178.126404,107.854256 175.538345,106.882591 
	C178.246216,114.057510 181.572083,115.241791 189.719269,112.995323 
	C191.517731,113.482811 193.295517,114.081795 195.121597,114.420372 
	C196.439911,114.664795 197.822449,114.562935 199.965225,114.803291 
	C203.092499,113.720810 206.219788,112.638336 210.017441,111.928207 
	C211.731812,112.588181 213.446167,113.248154 216.023636,113.937431 
	C217.153778,112.992424 218.877716,112.246056 219.275787,111.056145 
	C219.882660,109.242035 219.572281,107.121078 220.230820,104.912636 
M123.338928,135.087570 
	C122.618866,136.031311 121.108971,137.314224 121.339020,137.849991 
	C121.858414,139.059616 123.145630,140.621078 124.283142,140.766418 
	C129.365906,141.415863 134.520172,142.042831 139.621185,141.869644 
	C145.353394,141.675018 151.524414,136.576019 150.573212,131.575562 
	C149.217789,124.450005 152.431305,118.639931 153.357224,112.223175 
	C153.482803,111.352814 153.406769,109.904587 152.885925,109.575409 
	C148.157455,106.586967 150.356583,103.352325 152.617615,100.402100 
	C154.717514,97.662125 152.850708,97.431107 150.842850,96.305275 
	C150.507965,95.215286 150.173065,94.125290 150.485550,92.508247 
	C150.656128,90.879173 150.982346,89.249077 150.971725,87.621185 
	C150.908173,77.885910 151.234421,68.110001 150.383270,58.439838 
	C150.107513,55.306950 147.036743,52.068268 144.490021,49.683746 
	C143.634186,48.882423 140.439545,50.570866 138.317245,51.134045 
	C137.381744,51.382294 136.048676,52.196903 135.586121,51.845669 
	C130.592896,48.054104 126.199722,52.415371 119.920547,52.343132 
	C121.381905,56.005352 121.741669,59.984623 123.825920,61.370590 
	C126.586891,63.206566 130.707077,63.623680 134.223465,63.560177 
	C140.354111,63.449463 140.987976,63.646526 140.993591,69.765457 
	C141.009933,87.602798 141.003418,105.440163 140.997696,123.277519 
	C140.994827,132.209686 139.339493,133.724503 130.391403,132.973923 
	C129.576065,132.905533 128.611847,132.286133 128.002258,132.559418 
	C126.596748,133.189529 125.366928,134.211548 124.044846,135.033936 
	C124.044846,135.033936 124.073318,135.046387 123.338928,135.087570 
z"/>
<path fill="#346561" opacity="1.000000" stroke="none" 
	d="
M79.431221,82.165764 
	C79.833298,81.825073 80.235374,81.484390 81.167732,80.852051 
	C86.762451,79.708992 89.824860,81.665451 89.777557,85.722115 
	C89.707443,91.734993 92.216736,94.332390 99.097847,94.959473 
	C98.622536,85.523743 100.781067,75.908836 95.885582,66.995621 
	C96.392151,65.777840 96.898727,64.560059 97.990013,63.263535 
	C99.097626,62.935234 99.620522,62.685684 100.143425,62.436134 
	C100.563843,62.393059 100.984253,62.349979 101.986816,62.392426 
	C104.136856,63.991322 105.704742,65.504692 107.272636,67.018066 
	C107.244614,67.468277 107.216599,67.918488 107.075821,69.042686 
	C106.000084,71.546761 104.304810,73.338516 104.206642,75.213875 
	C103.864212,81.755951 104.074135,88.326935 104.074135,94.909927 
	C111.159813,94.383301 114.649933,90.848335 113.201920,86.023918 
	C113.520927,84.934746 113.839928,83.845566 114.561554,82.261581 
	C119.842224,78.919579 121.529625,79.362083 124.857147,84.361099 
	C124.857147,84.361099 124.761322,84.703430 124.745262,85.194305 
	C124.089607,87.002510 123.795380,88.782326 122.753227,89.560570 
	C116.890503,93.938660 110.847801,98.075714 104.447006,102.590897 
	C104.447006,108.902031 104.447006,116.272400 104.447006,123.972221 
	C112.106644,122.572929 118.095772,119.292534 121.917770,112.927437 
	C122.925323,111.249481 122.545174,108.783012 123.023598,106.730209 
	C123.518982,104.604607 123.711212,101.910805 125.106262,100.645737 
	C126.277214,99.583893 129.381805,99.454735 130.937805,100.256538 
	C134.650391,102.169632 134.377457,105.509567 132.561096,108.831306 
	C132.306351,108.840492 132.103256,108.947609 131.543716,109.448135 
	C130.462524,110.191032 129.473633,110.482201 129.163345,111.109192 
	C124.024384,121.493576 115.742439,127.631409 104.219620,129.253754 
	C104.219620,137.136108 104.219620,144.573486 104.219620,152.010849 
	C104.219620,152.010849 104.008057,152.402496 103.541451,152.648575 
	C101.824394,152.800674 100.573944,152.706696 98.978256,152.586777 
	C98.978256,144.595001 98.978256,136.977310 98.978256,129.423248 
	C96.686859,128.831970 94.785980,128.238998 92.843605,127.857079 
	C81.295692,125.586418 77.711830,114.119469 69.776489,107.661865 
	C68.563248,106.674553 69.274696,103.322121 69.095963,101.063568 
	C69.095963,101.063568 69.012543,101.013893 69.404556,101.012291 
	C75.579239,98.390015 77.684898,98.957993 80.782166,104.291382 
	C80.705620,105.201180 80.693207,105.810799 80.440659,106.673676 
	C79.957825,107.991501 79.271309,109.188629 79.543350,110.099442 
	C81.536263,116.771683 91.401085,123.450211 98.773575,123.303543 
	C98.771805,115.903732 98.771805,108.505554 98.771805,103.037704 
	C92.884293,98.493492 88.480759,94.190636 83.277206,91.356812 
	C78.904724,88.975586 77.960365,86.389450 79.431221,82.165764 
z"/>
<path fill="#F4FBF4" opacity="1.000000" stroke="none" 
	d="
M132.904114,108.863640 
	C134.377457,105.509567 134.650391,102.169632 130.937805,100.256538 
	C129.381805,99.454735 126.277214,99.583893 125.106262,100.645737 
	C123.711212,101.910805 123.518982,104.604607 123.023598,106.730209 
	C122.545174,108.783012 122.925323,111.249481 121.917770,112.927437 
	C118.095772,119.292534 112.106644,122.572929 104.447006,123.972221 
	C104.447006,116.272400 104.447006,108.902031 104.447006,102.590897 
	C110.847801,98.075714 116.890503,93.938660 122.753227,89.560570 
	C123.795380,88.782326 124.089607,87.002510 124.839310,85.345123 
	C125.534515,84.570747 126.238335,84.230629 126.675865,83.679222 
	C127.276871,82.921799 127.631721,81.969765 128.226074,81.205315 
	C128.290253,81.122780 129.703339,81.734978 129.700562,82.017151 
	C129.689865,83.102249 129.660934,84.393425 129.086182,85.226494 
	C127.598969,87.382080 125.664207,89.235184 124.242264,91.425926 
	C123.775185,92.145538 124.038887,94.327408 124.469055,94.486450 
	C128.190140,95.862152 132.025558,96.928642 136.364380,98.251045 
	C137.767029,102.528839 136.531204,107.560677 132.904114,108.863640 
z"/>
<path fill="#F4FBF4" opacity="1.000000" stroke="none" 
	d="
M124.065834,135.074554 
	C125.366928,134.211548 126.596748,133.189529 128.002258,132.559418 
	C128.611847,132.286133 129.576065,132.905533 130.391403,132.973923 
	C139.339493,133.724503 140.994827,132.209686 140.997696,123.277519 
	C141.003418,105.440163 141.009933,87.602798 140.993591,69.765457 
	C140.987976,63.646526 140.354111,63.449463 134.223465,63.560177 
	C130.707077,63.623680 126.586891,63.206566 123.825920,61.370590 
	C121.741669,59.984623 121.381905,56.005352 119.920547,52.343132 
	C126.199722,52.415371 130.592896,48.054104 135.586121,51.845669 
	C136.048676,52.196903 137.381744,51.382294 138.317245,51.134045 
	C140.439545,50.570866 143.634186,48.882423 144.490021,49.683746 
	C147.036743,52.068268 150.107513,55.306950 150.383270,58.439838 
	C151.234421,68.110001 150.908173,77.885910 150.971725,87.621185 
	C150.982346,89.249077 150.656128,90.879173 149.860321,92.576797 
	C148.522385,90.340355 147.269943,88.052780 147.194962,85.727234 
	C146.937622,77.745384 147.144760,69.749741 147.070099,61.760342 
	C147.029083,57.371025 145.023193,54.299053 140.381302,54.009937 
	C135.904037,53.731068 131.394104,53.843838 126.905434,53.992756 
	C126.003143,54.022694 125.131905,54.988308 124.246346,55.522514 
	C125.113617,56.314880 125.902794,57.655441 126.863457,57.792316 
	C129.313980,58.141457 131.840988,57.970901 134.337479,57.977257 
	C142.926270,57.999123 142.646469,58.125965 143.128357,66.598663 
	C143.677307,76.250084 140.622208,86.243813 145.596573,95.554390 
	C145.930603,96.179581 145.128662,97.381554 144.924179,98.330177 
	C144.271606,101.357552 143.224792,104.375267 143.105408,107.427040 
	C142.832321,114.407738 142.790970,121.416359 143.095764,128.394409 
	C143.312103,133.347610 140.998871,134.907852 136.542160,134.860168 
	C132.384628,134.815674 128.224701,134.994202 124.065834,135.074554 
z"/>
<path fill="#E8F4F3" opacity="1.000000" stroke="none" 
	d="
M293.014648,96.946777 
	C295.431976,93.220856 298.790466,95.916672 301.584869,96.131683 
	C294.464081,98.885292 292.875977,102.992287 295.872711,111.020134 
	C291.340942,110.103958 289.163696,112.832985 287.839844,116.072365 
	C283.322205,116.687614 279.146729,117.752312 274.992950,117.673454 
	C271.313965,117.603600 267.397034,116.832138 264.074707,115.305237 
	C261.303345,114.031570 259.500427,113.753258 256.852600,115.427681 
	C255.028519,116.581192 252.363968,117.141037 250.204483,116.882973 
	C244.927414,116.252342 239.725479,114.992874 234.144287,113.562515 
	C233.524155,112.044144 233.253006,110.949791 232.848022,109.585403 
	C231.896240,108.541153 231.078308,107.766922 230.186478,106.616226 
	C230.159576,105.477707 230.206558,104.715652 230.455292,103.750610 
	C230.787262,102.611801 230.917496,101.675987 231.390335,100.570473 
	C232.832565,99.555565 233.932190,98.710365 235.159195,98.199905 
	C235.793365,100.355553 236.300156,102.176445 236.512283,104.056015 
	C236.577026,104.706078 236.936432,105.297478 237.488571,106.130798 
	C237.844528,107.381523 238.007751,108.390327 238.182373,109.703316 
	C238.417938,110.332199 238.642120,110.656898 239.017365,111.339279 
	C240.367538,112.426338 241.515915,113.566933 242.785690,113.723587 
	C243.493988,113.810982 244.759247,112.404655 245.152145,111.422798 
	C246.076324,109.113274 246.627441,106.654449 247.654068,103.147194 
	C248.660004,106.617027 249.141663,109.046989 250.104462,111.268425 
	C250.571213,112.345322 251.910553,113.669701 252.908401,113.715508 
	C253.914703,113.761703 255.423035,112.581200 255.938614,111.551277 
	C256.958405,109.514130 257.445374,107.210251 258.526031,105.006828 
	C259.646271,105.007507 260.393097,105.018005 261.225464,105.382126 
	C261.959137,109.737885 263.391449,113.435463 267.952606,113.852394 
	C271.509552,114.177521 275.159698,113.483185 279.028046,113.224525 
	C279.028046,107.774658 279.028046,102.328789 279.028046,96.882927 
	C281.617096,93.205780 283.802246,93.137779 288.785095,97.203606 
	C286.956635,97.418968 285.318298,97.004089 283.310394,96.495613 
	C283.310394,102.606537 283.310394,107.994476 283.310394,113.373131 
	C287.147308,114.873039 287.498291,112.922180 287.779663,109.928665 
	C288.049377,107.059555 288.392242,102.920959 290.217560,101.794403 
	C292.549774,100.355026 292.982147,99.096230 293.014648,96.946777 
z"/>
<path fill="#BACC8B" opacity="1.000000" stroke="none" 
	d="
M124.055344,135.054245 
	C128.224701,134.994202 132.384628,134.815674 136.542160,134.860168 
	C140.998871,134.907852 143.312103,133.347610 143.095764,128.394409 
	C142.790970,121.416359 142.832321,114.407738 143.105408,107.427040 
	C143.224792,104.375267 144.271606,101.357552 144.924179,98.330177 
	C145.128662,97.381554 145.930603,96.179581 145.596573,95.554390 
	C140.622208,86.243813 143.677307,76.250084 143.128357,66.598663 
	C142.646469,58.125965 142.926270,57.999123 134.337479,57.977257 
	C131.840988,57.970901 129.313980,58.141457 126.863457,57.792316 
	C125.902794,57.655441 125.113617,56.314880 124.246346,55.522514 
	C125.131905,54.988308 126.003143,54.022694 126.905434,53.992756 
	C131.394104,53.843838 135.904037,53.731068 140.381302,54.009937 
	C145.023193,54.299053 147.029083,57.371025 147.070099,61.760342 
	C147.144760,69.749741 146.937622,77.745384 147.194962,85.727234 
	C147.269943,88.052780 148.522385,90.340355 149.536652,92.840317 
	C150.173065,94.125290 150.507965,95.215286 150.614685,96.869476 
	C149.292313,101.821907 147.618561,106.161102 147.242004,110.610069 
	C146.699203,117.023735 147.149597,123.517670 147.080688,129.976334 
	C147.018219,135.832321 144.571777,138.488739 138.719391,138.852402 
	C135.088760,139.078003 131.432053,138.847458 127.791733,138.965744 
	C124.962486,139.057709 123.867073,137.724350 124.073318,135.046387 
	C124.073318,135.046387 124.044846,135.033936 124.055344,135.054245 
z"/>
<path fill="#BACC87" opacity="1.000000" stroke="none" 
	d="
M53.115509,98.801552 
	C52.861031,98.065636 52.606552,97.329727 52.504311,96.086761 
	C55.551033,91.441750 56.146160,86.844559 56.129955,81.859390 
	C56.103024,73.575218 56.687592,65.289055 57.014610,57.003735 
	C57.583782,56.498543 58.152954,55.993351 59.248840,55.101768 
	C64.865013,54.367531 69.954468,54.019688 75.422752,53.744759 
	C76.827850,53.898399 77.854126,53.979126 78.905960,54.442795 
	C78.852951,55.842010 78.774384,56.858288 78.411102,57.870125 
	C77.751175,57.921932 77.375984,57.978172 76.536133,57.992321 
	C72.602242,57.942291 69.131149,58.002827 65.664284,57.908295 
	C61.734329,57.801128 59.868328,59.523685 59.971981,63.542496 
	C60.091217,68.165138 60.190605,72.803223 59.950573,77.416489 
	C59.640324,83.379341 61.572159,89.634567 57.643311,95.230705 
	C57.192760,95.872452 58.475357,97.730972 58.993378,99.344879 
	C59.399910,100.437538 59.767422,101.210625 60.091316,102.452042 
	C60.037003,111.578239 60.146049,120.238632 59.965382,128.892960 
	C59.874283,133.256912 61.946915,134.902985 65.987717,134.913208 
	C69.981895,134.923325 73.975868,135.013596 77.981567,135.432953 
	C77.969429,136.761154 77.945663,137.725098 77.921898,138.689026 
	C76.883369,138.790253 75.844833,138.891479 73.967094,138.971375 
	C70.412338,138.988129 67.696793,139.026199 64.981247,139.064270 
	C64.241997,139.002472 63.502750,138.940689 62.165001,138.638702 
	C60.134529,137.862061 58.702557,137.325638 57.270588,136.789200 
	C57.270588,136.789200 57.165192,136.824356 57.171001,136.379532 
	C56.795593,133.512772 56.133972,131.096451 56.085453,128.667877 
	C55.936768,121.225800 56.265480,113.766632 55.885475,106.340881 
	C55.754795,103.787209 54.083176,101.312393 53.115509,98.801552 
z"/>
<path fill="#E6F6F5" opacity="1.000000" stroke="none" 
	d="
M302.817505,136.419800 
	C303.109406,135.138367 303.035980,133.567413 303.772369,132.638275 
	C305.132843,130.921661 307.110077,128.225464 308.574493,128.378937 
	C311.253387,128.659698 313.746094,130.698700 312.419220,134.401825 
	C312.291138,134.759354 312.603027,135.274521 312.483368,134.783295 
	C316.294281,134.160431 319.838440,133.402145 323.422394,133.056747 
	C325.918427,132.816193 328.866425,132.267273 329.519409,136.173950 
	C329.587708,136.582687 331.228455,136.728592 332.647278,137.451767 
	C333.103302,142.602463 333.051727,147.297852 333.000122,151.993240 
	C329.515869,152.992340 326.072449,154.568314 322.535217,154.818604 
	C319.376404,155.042114 316.113983,153.801697 312.978912,152.857254 
	C310.677460,151.403458 310.578430,159.357361 307.449219,153.390900 
	C308.221161,148.225540 308.627380,143.501114 309.014099,138.775085 
	C309.299377,135.288116 307.477112,135.564987 305.137482,136.442123 
	C305.137482,142.091629 305.137482,147.513901 305.137482,152.936172 
	C304.562378,152.917603 303.987305,152.899017 302.970703,152.447266 
	C302.455688,151.359756 302.630127,150.479996 302.271210,150.085251 
	C297.564453,144.908997 297.568726,143.396805 302.232574,138.766846 
	C302.721924,138.281036 302.636353,137.216064 302.817505,136.419800 
M312.924255,145.334564 
	C314.424927,151.216309 317.339661,153.552505 322.556061,153.054550 
	C326.849487,152.644730 329.843719,149.625885 330.239410,145.308075 
	C330.708954,140.184372 327.852936,136.422562 322.987427,135.756042 
	C317.235077,134.968033 313.819153,137.924988 312.924255,145.334564 
z"/>
<path fill="#E2F1F1" opacity="1.000000" stroke="none" 
	d="
M182.162918,74.325134 
	C180.891998,75.218605 179.621078,76.112076 178.223801,77.094368 
	C175.846924,73.408043 173.462662,70.312332 171.833405,66.860283 
	C171.255005,65.634750 172.109741,63.278450 173.013123,61.898521 
	C175.178207,58.591415 177.148346,54.557022 180.304474,52.626270 
	C186.415161,48.888092 190.911652,50.191814 196.142151,55.310509 
	C197.070160,56.218678 198.230377,56.889534 199.579483,58.285202 
	C199.822586,63.945728 199.769577,68.991035 199.716583,74.036339 
	C196.638641,74.329773 193.560699,74.623207 190.311188,74.603584 
	C196.047562,71.012970 197.423904,68.463768 196.142975,62.790977 
	C193.559158,62.790977 190.900284,62.645077 188.271454,62.862434 
	C187.212921,62.949963 186.220200,63.833633 185.197525,64.354965 
	C186.143600,64.951279 187.021515,65.784294 188.053711,66.081512 
	C189.234146,66.421425 190.551758,66.284988 191.931946,66.362373 
	C189.995560,70.703163 187.218246,71.952301 183.784988,70.288429 
	C180.237213,68.569054 178.796280,64.018440 180.891617,60.452110 
	C182.878128,57.070984 185.782928,56.252396 189.415314,57.938957 
	C191.370880,58.846958 193.430374,59.531162 195.442978,60.316345 
	C195.809204,59.496258 196.175446,58.676170 196.541672,57.856083 
	C193.545624,56.271442 190.706741,53.952740 187.517609,53.269867 
	C182.411880,52.176605 177.712265,55.460037 176.135818,60.111759 
	C174.212997,65.785538 176.161255,70.380005 182.162918,74.325134 
z"/>
<path fill="#F4FBF4" opacity="1.000000" stroke="none" 
	d="
M79.019897,82.148712 
	C77.960365,86.389450 78.904724,88.975586 83.277206,91.356812 
	C88.480759,94.190636 92.884293,98.493492 98.771805,103.037704 
	C98.771805,108.505554 98.771805,115.903732 98.773575,123.303543 
	C91.401085,123.450211 81.536263,116.771683 79.543350,110.099442 
	C79.271309,109.188629 79.957825,107.991501 80.543182,107.057663 
	C83.760712,112.075592 87.943771,115.441772 92.832703,118.740364 
	C95.009842,113.618202 96.767662,109.482574 98.564339,105.255516 
	C97.281403,104.519035 96.709023,104.230644 96.178574,103.879005 
	C93.848869,102.334648 91.553413,99.596664 89.202988,99.552444 
	C86.933441,99.509735 84.626366,102.261139 82.298584,103.726021 
	C81.911972,103.969322 81.335197,103.910439 80.846298,103.991203 
	C77.684898,98.957993 75.579239,98.390015 69.429710,101.053818 
	C69.915031,94.919106 74.673447,94.724739 79.893333,94.823723 
	C77.664452,90.388008 72.190285,86.614227 79.019897,82.148712 
z"/>
<path fill="#396460" opacity="1.000000" stroke="none" 
	d="
M296.144623,111.230179 
	C292.875977,102.992287 294.464081,98.885292 301.745972,96.411400 
	C303.328796,96.442200 304.617523,96.653717 306.453003,97.095764 
	C307.603973,97.670410 308.208130,98.014534 308.812286,98.358658 
	C311.837677,102.954178 311.755035,109.210983 308.631317,112.058044 
	C305.421844,114.983253 300.985291,114.758850 296.144623,111.230179 
z"/>
<path fill="#3B6966" opacity="1.000000" stroke="none" 
	d="
M254.107819,137.029175 
	C257.208099,136.533691 260.308380,136.038208 264.066162,135.437637 
	C264.146851,134.621521 264.348907,132.577301 264.630951,129.723953 
	C266.318726,130.294525 267.664520,130.749496 269.013885,131.960632 
	C269.072571,133.476135 269.127686,134.235489 269.182831,134.994827 
	C269.142975,135.739853 269.103088,136.484863 269.041504,138.059525 
	C268.957977,143.568298 268.896118,148.247437 268.834229,152.926575 
	C268.834229,152.926575 268.409363,152.985291 267.960083,153.026352 
	C267.342651,153.111115 267.174438,153.154816 266.648254,153.124588 
	C265.582611,152.890640 264.874969,152.730637 264.042542,152.300873 
	C263.265900,152.324951 262.614044,152.618774 261.562561,152.933060 
	C260.103149,153.069168 259.043427,153.184814 257.747498,153.213654 
	C257.344116,153.139893 257.176880,153.152893 256.816162,153.050323 
	C256.622681,152.934738 256.174835,152.883286 255.954803,152.614380 
	C250.199966,147.987274 249.720840,143.476822 254.107819,137.029175 
M258.063507,140.200516 
	C257.616730,142.554489 256.812378,144.931351 256.960632,147.247223 
	C257.000458,147.869125 260.647095,149.214828 261.397888,148.631683 
	C262.825470,147.522858 264.094177,145.264038 264.098480,143.479584 
	C264.105804,140.454407 261.833679,139.304977 258.063507,140.200516 
z"/>
<path fill="#F4FBF4" opacity="1.000000" stroke="none" 
	d="
M123.706123,135.066986 
	C123.867073,137.724350 124.962486,139.057709 127.791733,138.965744 
	C131.432053,138.847458 135.088760,139.078003 138.719391,138.852402 
	C144.571777,138.488739 147.018219,135.832321 147.080688,129.976334 
	C147.149597,123.517670 146.699203,117.023735 147.242004,110.610069 
	C147.618561,106.161102 149.292313,101.821907 150.648804,97.210083 
	C152.850708,97.431107 154.717514,97.662125 152.617615,100.402100 
	C150.356583,103.352325 148.157455,106.586967 152.885925,109.575409 
	C153.406769,109.904587 153.482803,111.352814 153.357224,112.223175 
	C152.431305,118.639931 149.217789,124.450005 150.573212,131.575562 
	C151.524414,136.576019 145.353394,141.675018 139.621185,141.869644 
	C134.520172,142.042831 129.365906,141.415863 124.283142,140.766418 
	C123.145630,140.621078 121.858414,139.059616 121.339020,137.849991 
	C121.108971,137.314224 122.618866,136.031311 123.706123,135.066986 
z"/>
<path fill="#396260" opacity="1.000000" stroke="none" 
	d="
M182.550964,74.373734 
	C176.161255,70.380005 174.212997,65.785538 176.135818,60.111759 
	C177.712265,55.460037 182.411880,52.176605 187.517609,53.269867 
	C190.706741,53.952740 193.545624,56.271442 196.541672,57.856083 
	C196.175446,58.676170 195.809204,59.496258 195.442978,60.316345 
	C193.430374,59.531162 191.370880,58.846958 189.415314,57.938957 
	C185.782928,56.252396 182.878128,57.070984 180.891617,60.452110 
	C178.796280,64.018440 180.237213,68.569054 183.784988,70.288429 
	C187.218246,71.952301 189.995560,70.703163 191.931946,66.362373 
	C190.551758,66.284988 189.234146,66.421425 188.053711,66.081512 
	C187.021515,65.784294 186.143600,64.951279 185.197525,64.354965 
	C186.220200,63.833633 187.212921,62.949963 188.271454,62.862434 
	C190.900284,62.645077 193.559158,62.790977 196.142975,62.790977 
	C197.423904,68.463768 196.047562,71.012970 189.881683,74.527962 
	C189.260605,74.804802 188.897461,74.844215 187.937668,74.910950 
	C186.886963,74.998131 186.432877,75.057999 185.978806,75.117874 
	C184.965546,74.886024 183.952271,74.654175 182.550964,74.373734 
z"/>
<path fill="#3D6663" opacity="1.000000" stroke="none" 
	d="
M238.170990,109.399124 
	C238.007751,108.390327 237.844528,107.381523 237.477264,105.800201 
	C237.117798,104.817566 236.962372,104.407455 236.806946,103.997345 
	C236.300156,102.176445 235.793365,100.355553 235.144867,98.058105 
	C235.003159,97.581558 234.993225,97.296654 235.325882,97.196350 
	C236.113022,97.008385 236.567490,96.920715 237.021973,96.833054 
	C237.969437,97.333191 238.916901,97.833328 239.961563,99.050621 
	C240.728424,102.364372 241.398056,104.960960 242.067688,107.557556 
	C242.333252,107.520630 242.598816,107.483704 242.864380,107.446777 
	C243.349655,105.028557 243.834915,102.610344 244.320190,100.192123 
	C244.320190,100.192123 244.535645,99.941467 244.694534,99.541306 
	C244.873428,98.758171 244.893433,98.375198 244.913437,97.992233 
	C246.378967,97.579208 247.844482,97.166168 249.775787,97.227303 
	C251.108215,100.955055 251.974838,104.208641 252.841461,107.462227 
	C253.121964,107.431976 253.402466,107.401718 253.682968,107.371468 
	C254.451736,103.905945 255.220490,100.440414 255.989258,96.974899 
	C257.074860,96.887985 258.160492,96.801071 259.682861,97.060913 
	C260.148315,97.608757 260.176941,97.809853 260.034790,98.336014 
	C259.293579,100.779602 258.723083,102.898125 258.152618,105.016647 
	C257.445374,107.210251 256.958405,109.514130 255.938614,111.551277 
	C255.423035,112.581200 253.914703,113.761703 252.908401,113.715508 
	C251.910553,113.669701 250.571213,112.345322 250.104462,111.268425 
	C249.141663,109.046989 248.660004,106.617027 247.654068,103.147194 
	C246.627441,106.654449 246.076324,109.113274 245.152145,111.422798 
	C244.759247,112.404655 243.493988,113.810982 242.785690,113.723587 
	C241.515915,113.566933 240.367538,112.426338 239.018478,111.032829 
	C238.636017,110.045509 238.403503,109.722321 238.170990,109.399124 
z"/>
<path fill="#F4FBF4" opacity="1.000000" stroke="none" 
	d="
M68.767548,101.023773 
	C69.274696,103.322121 68.563248,106.674553 69.776489,107.661865 
	C77.711830,114.119469 81.295692,125.586418 92.843605,127.857079 
	C94.785980,128.238998 96.686859,128.831970 98.978256,129.423248 
	C98.978256,136.977310 98.978256,144.595001 98.978256,152.586777 
	C100.573944,152.706696 101.824394,152.800674 103.503906,152.867950 
	C102.762947,153.778305 101.592926,154.715332 100.422913,155.652359 
	C99.019859,153.712173 96.614655,151.866592 96.420700,149.812256 
	C96.006500,145.425201 96.804527,140.932205 96.951126,136.477509 
	C96.986130,135.413589 96.762131,133.830063 96.060677,133.340744 
	C92.893188,131.131134 89.720047,128.680695 86.164406,127.327225 
	C78.276031,124.324478 73.211655,118.597389 69.023804,111.676666 
	C68.339584,110.545967 66.885963,109.880859 65.394524,108.559967 
	C65.333878,105.413116 65.666649,102.706863 65.999435,100.000610 
	C66.812668,100.328400 67.625908,100.656189 68.767548,101.023773 
z"/>
<path fill="#3E6764" opacity="1.000000" stroke="none" 
	d="
M188.900970,112.957817 
	C181.572083,115.241791 178.246216,114.057510 175.538345,106.882591 
	C178.126404,107.854256 179.760864,108.587219 181.466217,109.069588 
	C182.779404,109.441040 184.193115,109.675728 185.537704,109.589699 
	C185.963623,109.562439 186.800293,107.926369 186.607742,107.677612 
	C185.849945,106.698456 184.881546,105.693275 183.768799,105.208046 
	C175.494125,101.599823 175.024185,100.967331 177.362747,94.450142 
	C181.197830,93.526489 184.567520,93.113808 187.937210,92.701126 
	C187.937210,92.701118 188.189636,92.867371 188.480255,93.170090 
	C189.505341,94.484482 190.239807,95.496162 190.974289,96.507843 
	C190.799316,96.913712 190.624344,97.319588 190.449371,97.725456 
	C188.832245,97.419197 187.226181,96.992447 185.594681,96.842728 
	C184.148056,96.709961 182.673187,96.885010 181.210785,96.924194 
	C182.044098,98.236893 182.790359,99.619499 183.757782,100.824524 
	C184.098282,101.248634 184.993698,101.202339 185.613617,101.430840 
	C192.329895,103.906517 193.276855,107.238060 188.900970,112.957817 
z"/>
<path fill="#3F6A65" opacity="1.000000" stroke="none" 
	d="
M220.968689,57.172668 
	C220.968689,57.172668 221.217728,57.339581 221.637299,57.515461 
	C226.588821,59.287449 228.493484,62.389633 227.591995,67.890396 
	C223.730057,67.890396 219.964172,67.890396 215.784912,67.890396 
	C219.082138,75.128937 223.691467,66.718758 227.611237,70.433617 
	C225.913284,71.969833 224.319153,73.412125 222.725006,74.854416 
	C222.334335,74.886734 221.943665,74.919067 220.884750,74.987068 
	C216.221436,75.006256 213.152374,73.522057 211.718552,69.554771 
	C210.032852,64.890518 211.635269,61.205128 215.214584,58.138893 
	C215.987976,57.939396 216.761368,57.739899 218.155502,57.457771 
	C219.507065,57.307648 220.237869,57.240154 220.968689,57.172668 
z"/>
<path fill="#3A6662" opacity="1.000000" stroke="none" 
	d="
M234.993286,57.765709 
	C238.400177,58.296619 241.807068,58.827530 245.524811,59.578064 
	C246.152573,62.229176 246.469452,64.660667 246.872025,67.749550 
	C242.447556,67.749550 238.760712,67.749550 234.653305,67.749550 
	C237.559525,75.435425 242.765778,66.432281 245.908875,70.172684 
	C244.241425,74.256248 240.772552,74.940239 237.007202,75.095680 
	C236.354462,74.967606 235.701721,74.839523 234.550476,74.439819 
	C228.040451,68.349373 228.356506,62.842182 234.993286,57.765709 
z"/>
<path fill="#F4FBF4" opacity="1.000000" stroke="none" 
	d="
M104.610580,152.009979 
	C104.219620,144.573486 104.219620,137.136108 104.219620,129.253754 
	C115.742439,127.631409 124.024384,121.493576 129.163345,111.109192 
	C129.473633,110.482201 130.462524,110.191032 131.473297,109.610672 
	C132.258789,112.907417 132.079437,115.799278 128.400177,117.864212 
	C126.606071,118.871140 126.073746,121.947876 124.350380,123.294258 
	C119.989037,126.701576 114.876762,129.223740 110.831039,132.935181 
	C107.551392,135.943832 106.757278,140.342926 109.156883,144.687469 
	C112.051773,149.928726 111.156860,151.503113 104.610580,152.009979 
z"/>
<path fill="#3A6764" opacity="1.000000" stroke="none" 
	d="
M277.022797,135.786530 
	C277.564575,135.712540 278.106323,135.638550 279.140991,135.505249 
	C280.192535,135.384903 280.751190,135.323868 281.517334,135.514359 
	C282.148010,135.851913 282.571106,135.937912 283.231140,136.303833 
	C285.602783,136.496246 287.737488,136.408737 289.811401,136.764648 
	C289.822021,142.140167 289.893433,147.072266 289.964844,152.004364 
	C289.774078,152.264343 289.566772,152.510406 288.816986,152.878723 
	C285.848572,153.053329 283.334137,150.916382 280.967773,153.257050 
	C280.232422,153.222992 279.497040,153.188919 278.074249,153.026306 
	C269.953125,148.358841 269.799957,141.159348 277.022797,135.786530 
M282.167938,148.926407 
	C283.125488,147.674438 284.761993,146.475159 284.864319,145.156799 
	C284.985229,143.598541 284.210236,141.294128 283.028137,140.505402 
	C281.891327,139.746918 279.227356,139.897369 278.174042,140.775528 
	C277.085968,141.682709 276.313538,144.338226 276.880280,145.521133 
	C277.623962,147.073273 279.813599,147.932587 282.167938,148.926407 
z"/>
<path fill="#386260" opacity="1.000000" stroke="none" 
	d="
M278.620880,96.825821 
	C279.028046,102.328789 279.028046,107.774658 279.028046,113.224525 
	C275.159698,113.483185 271.509552,114.177521 267.952606,113.852394 
	C263.391449,113.435463 261.959137,109.737885 261.390930,105.079445 
	C262.054596,102.650177 262.638367,100.877220 263.515808,98.918114 
	C265.219086,97.919991 266.628693,97.108025 268.038300,96.296066 
	C269.398193,96.532394 270.758087,96.768723 272.680359,97.346245 
	C273.804474,97.373863 274.366180,97.060287 274.927887,96.746704 
	C276.023163,96.754051 277.118439,96.761383 278.620880,96.825821 
M268.275818,101.011429 
	C265.412079,103.032974 265.075470,105.759048 267.109253,108.257736 
	C267.994843,109.345741 270.870148,110.242683 271.685272,109.646126 
	C273.140472,108.581100 274.552948,106.279686 274.476624,104.562157 
	C274.345551,101.611366 272.248749,99.914574 268.275818,101.011429 
z"/>
<path fill="#3A6662" opacity="1.000000" stroke="none" 
	d="
M209.347061,111.555862 
	C206.219788,112.638336 203.092499,113.720810 199.579193,114.365311 
	C192.477676,108.537758 192.138779,103.392693 198.105164,97.409592 
	C198.823090,97.189926 199.541031,96.970268 200.957977,96.636978 
	C202.131393,96.414703 202.605789,96.306061 203.080185,96.197433 
	C203.796249,96.384911 204.512314,96.572395 205.895844,96.973373 
	C210.946182,99.581993 211.882965,103.463219 211.124115,108.256531 
	C211.008972,108.657433 211.007599,108.828438 210.810394,109.235573 
	C210.192047,110.166428 209.769547,110.861145 209.347061,111.555862 
M198.845657,107.128487 
	C201.450409,110.711304 204.424316,111.237167 205.894104,108.069695 
	C206.647751,106.445549 206.421585,103.944443 205.705765,102.228668 
	C205.314148,101.289955 202.120041,100.351959 201.681396,100.817909 
	C200.302551,102.282608 199.630341,104.412514 198.845657,107.128487 
z"/>
<path fill="#3A6662" opacity="1.000000" stroke="none" 
	d="
M248.034515,153.095032 
	C246.965775,153.061584 245.897049,153.028152 244.399170,152.713577 
	C243.970032,152.432434 243.790497,151.985199 243.867981,151.545700 
	C243.727783,148.003677 243.510117,144.901154 243.309509,141.768417 
	C243.326553,141.738205 243.331512,141.668991 243.249939,141.341492 
	C239.969131,138.136032 237.870193,138.650467 236.936951,143.447922 
	C236.567825,146.962799 236.279755,150.038605 235.607147,153.055359 
	C234.190155,152.915817 233.157684,152.835327 232.110260,152.411316 
	C232.034027,151.384216 231.972763,150.700623 232.005112,149.559937 
	C232.083923,144.778976 232.069122,140.455139 232.054306,136.131302 
	C233.420013,136.070374 234.785736,136.009445 236.763519,136.350677 
	C245.022232,134.315247 248.171768,136.609665 248.237381,144.581375 
	C248.254761,146.694229 248.502228,148.805206 248.552460,151.185135 
	C248.318726,152.000504 248.176620,152.547760 248.034515,153.095032 
z"/>
<path fill="#456F6B" opacity="1.000000" stroke="none" 
	d="
M176.630920,131.248901 
	C179.466309,131.224121 182.301697,131.199341 185.934235,131.184372 
	C187.487854,131.137222 188.244308,131.080246 189.000778,131.023270 
	C189.000778,131.023270 189.267136,131.227936 189.496948,131.542496 
	C189.089233,133.010284 188.451675,134.163528 187.455353,135.236938 
	C185.209900,135.157104 183.323227,135.157104 181.308899,135.157104 
	C181.308899,137.061462 181.308899,138.437531 181.308899,139.976715 
	C183.615311,140.169098 185.686157,140.341843 187.741272,140.659973 
	C187.725555,140.805389 187.937851,141.006592 187.890778,141.409271 
	C185.722031,142.907623 183.600327,144.003326 180.901535,145.397034 
	C180.901535,147.460739 180.901535,150.198776 180.901535,152.936829 
	C180.901535,152.936829 180.983826,152.983307 180.536591,152.981277 
	C177.991455,153.166428 176.107834,153.350403 176.240616,150.168213 
	C176.503555,143.867325 176.515335,137.555954 176.630920,131.248901 
z"/>
<path fill="#EDF8F8" opacity="1.000000" stroke="none" 
	d="
M95.523239,67.079010 
	C100.781067,75.908836 98.622536,85.523743 99.097847,94.959473 
	C92.216736,94.332390 89.707443,91.734993 89.777557,85.722115 
	C89.824860,81.665451 86.762451,79.708992 81.336792,80.647217 
	C81.041885,79.422058 81.108200,78.110092 81.178955,76.710342 
	C86.087746,75.630417 88.945633,77.682800 91.065819,81.813179 
	C91.698418,83.045563 93.717354,83.566330 95.101105,84.413139 
	C95.444771,82.897606 96.196045,81.339905 96.044533,79.875610 
	C95.757599,77.102623 94.765915,74.405205 94.439568,71.632545 
	C94.269867,70.190773 94.894882,68.655464 95.523239,67.079010 
z"/>
<path fill="#FDFEF5" opacity="1.000000" stroke="none" 
	d="
M65.841812,99.637466 
	C65.666649,102.706863 65.333878,105.413116 65.000854,108.558464 
	C64.519653,115.191803 64.038704,121.386047 62.977737,127.494843 
	C62.219967,120.566521 62.143612,113.718437 61.791412,106.884560 
	C61.705982,105.226891 60.711445,103.616081 60.134933,101.983719 
	C59.767422,101.210625 59.399910,100.437538 59.276352,99.119858 
	C64.040962,90.407425 60.605206,81.464592 62.012077,72.993446 
	C66.175407,77.064552 64.680458,82.306953 64.956841,87.185684 
	C65.185158,91.216034 65.440704,95.244843 65.841812,99.637466 
z"/>
<path fill="#355F5E" opacity="1.000000" stroke="none" 
	d="
M214.999435,134.732956 
	C214.999435,134.732956 215.096649,135.088333 215.479889,135.565521 
	C216.139725,139.406662 216.416336,142.770630 216.720306,146.520752 
	C219.384430,150.440750 221.622375,150.492355 223.490356,145.759384 
	C223.623611,142.313522 223.623611,139.258270 223.623611,135.965973 
	C225.473907,135.965973 226.741898,135.965973 228.054398,136.431564 
	C228.189423,141.283279 228.279938,145.669418 228.291901,150.455185 
	C226.813690,151.554810 225.414047,152.254791 223.851898,152.623993 
	C221.779892,152.609451 219.870377,152.925705 217.647522,153.136032 
	C216.895798,153.003616 216.457443,152.977112 215.775070,152.694550 
	C214.344696,150.083099 212.692673,147.838486 212.098892,145.342148 
	C211.465927,142.681122 211.833572,139.782089 211.926910,136.681000 
	C213.017944,135.839249 213.946457,135.303482 214.894028,134.737823 
	C214.913086,134.707947 214.999435,134.732956 214.999435,134.732956 
z"/>
<path fill="#E2F1F1" opacity="1.000000" stroke="none" 
	d="
M209.682251,111.742035 
	C209.769547,110.861145 210.192047,110.166428 210.973816,109.168320 
	C211.410599,108.778008 211.569916,108.661591 211.551102,108.609375 
	C211.477142,108.404160 211.347092,108.219147 211.237854,108.026627 
	C211.882965,103.463219 210.946182,99.581993 206.267639,96.983429 
	C207.360214,96.160088 208.748459,95.540184 210.136703,94.920280 
	C209.952820,94.683159 209.768921,94.446030 209.585022,94.208908 
	C214.082581,91.347801 218.580124,88.486687 223.245163,85.519035 
	C225.422150,87.894043 227.210388,89.844955 228.612305,92.221497 
	C227.350754,93.103798 226.475510,93.560463 225.477905,94.116280 
	C225.212524,94.549828 225.304932,94.807335 225.671692,95.280487 
	C225.131760,96.020775 224.552902,96.468513 223.829895,96.634659 
	C223.082611,95.495087 222.479523,94.637093 221.957199,93.396698 
	C222.420212,90.662704 221.459595,89.123955 219.188782,90.376373 
	C217.431259,91.345703 216.287369,93.427635 214.675995,95.138779 
	C214.312698,95.680000 214.144104,96.097412 213.678009,96.782516 
	C213.575806,98.259666 213.771088,99.469116 214.003448,100.875839 
	C214.287064,101.372993 214.533554,101.672867 214.846664,102.429764 
	C214.995697,106.560562 215.078110,110.234344 215.160538,113.908127 
	C213.446167,113.248154 211.731812,112.588181 209.682251,111.742035 
z"/>
<path fill="#F9FCFB" opacity="1.000000" stroke="none" 
	d="
M224.014389,152.954758 
	C225.414047,152.254791 226.813690,151.554810 228.645996,150.445312 
	C230.022949,150.029556 230.967209,150.023300 231.911484,150.017044 
	C231.972763,150.700623 232.034027,151.384216 232.108185,152.733398 
	C233.411270,153.304123 234.701477,153.209259 235.991699,153.114395 
	C236.279755,150.038605 236.567825,146.962799 237.329453,143.389771 
	C239.645859,142.484695 241.488693,142.076843 243.331512,141.669006 
	C243.331512,141.668991 243.326553,141.738205 243.206604,142.220566 
	C243.321259,145.797012 243.555878,148.891113 243.790497,151.985199 
	C243.790497,151.985199 243.970032,152.432434 244.000549,152.671478 
	C242.855209,155.506790 241.679352,158.103073 239.972931,161.870819 
	C239.201141,159.166641 238.788971,157.722473 238.376801,156.278305 
	C237.693771,155.703033 237.010742,155.127762 236.327713,154.552490 
	C235.558167,156.227997 234.788605,157.903488 233.714508,160.242065 
	C232.732544,156.040512 230.731354,155.323471 227.427826,157.115143 
	C226.550659,157.590881 224.871719,156.588287 223.290375,155.794189 
	C223.351364,154.534225 223.682877,153.744492 224.014389,152.954758 
z"/>
<path fill="#38625E" opacity="1.000000" stroke="none" 
	d="
M249.940109,57.972069 
	C251.029846,57.898289 252.119598,57.824509 253.711731,58.065361 
	C254.807159,58.241825 255.400208,58.103661 255.993240,57.965496 
	C257.390472,57.806583 258.787720,57.647671 260.917419,57.708904 
	C263.156830,59.959343 264.663757,61.989632 266.170715,64.019920 
	C266.147491,64.459709 266.124298,64.899490 266.061340,66.075943 
	C266.089203,68.210526 266.156799,69.608452 266.224396,71.006378 
	C265.284119,72.594879 264.343811,74.183388 263.403534,75.771889 
	C262.743286,74.151848 262.083008,72.531815 261.478455,70.113037 
	C261.565643,68.331917 261.633728,67.349083 261.621643,66.367241 
	C261.588684,63.690708 260.851776,60.802273 257.766998,61.430733 
	C256.253479,61.739086 254.757812,64.707954 254.254440,66.722694 
	C253.680084,69.021484 254.219589,71.598564 254.275024,74.054710 
	C252.931839,74.220619 251.588669,74.386528 250.056396,73.835739 
	C249.891586,68.070053 249.915848,63.021061 249.940109,57.972069 
z"/>
<path fill="#E6F4F4" opacity="1.000000" stroke="none" 
	d="
M198.036316,97.013260 
	C192.138779,103.392693 192.477676,108.537758 199.184753,114.271423 
	C197.822449,114.562935 196.439911,114.664795 195.121597,114.420372 
	C193.295517,114.081795 191.517731,113.482811 189.310120,112.976570 
	C193.276855,107.238060 192.329895,103.906517 185.613617,101.430840 
	C184.993698,101.202339 184.098282,101.248634 183.757782,100.824524 
	C182.790359,99.619499 182.044098,98.236893 181.210785,96.924194 
	C182.673187,96.885010 184.148056,96.709961 185.594681,96.842728 
	C187.226181,96.992447 188.832245,97.419197 190.449371,97.725456 
	C190.624344,97.319588 190.799316,96.913712 190.974289,96.507843 
	C190.239807,95.496162 189.505341,94.484482 188.626678,93.207527 
	C192.716843,91.398277 194.801682,95.402672 198.036316,97.013260 
z"/>
<path fill="#3F6A65" opacity="1.000000" stroke="none" 
	d="
M302.532990,136.264008 
	C302.636353,137.216064 302.721924,138.281036 302.232574,138.766846 
	C297.568726,143.396805 297.564453,144.908997 302.271210,150.085251 
	C302.630127,150.479996 302.455688,151.359756 302.543518,152.384674 
	C302.215759,152.853653 301.873718,152.952011 300.900848,153.040085 
	C298.570679,152.535324 296.871338,152.040848 295.171967,151.546371 
	C295.003082,151.111755 294.834229,150.677139 294.505310,149.618164 
	C293.972809,145.845276 293.479523,142.704346 293.280670,139.544907 
	C293.186005,138.040909 293.651886,136.501633 293.863831,134.978348 
	C293.785797,133.984756 293.707764,132.991180 294.161011,131.952774 
	C296.762207,131.704056 299.068756,131.005798 299.037811,134.504623 
	C299.034515,134.877182 300.342987,135.261353 301.042908,135.640137 
	C301.444763,135.796158 301.846619,135.952194 302.532990,136.264008 
z"/>
<path fill="#426969" opacity="1.000000" stroke="none" 
	d="
M333.108673,152.323746 
	C333.051727,147.297852 333.103302,142.602463 333.048248,137.450912 
	C333.416931,136.598343 333.892273,136.201935 334.933777,135.808472 
	C335.668427,135.762054 335.836884,135.712738 336.005310,135.663422 
	C336.441742,135.765747 336.878174,135.868073 337.849945,136.367218 
	C340.604279,136.427490 342.823303,136.090942 345.042297,135.754395 
	C346.438751,137.249130 347.835205,138.743881 348.958527,140.523346 
	C347.941742,140.423859 347.198120,140.039688 346.454468,139.655502 
	C346.598450,140.093933 346.742432,140.532364 346.886414,140.970779 
	C346.273224,141.314133 345.660034,141.657486 344.839813,141.667755 
	C340.446167,138.483841 338.149658,139.370316 337.862122,144.106918 
	C337.703278,146.724243 337.952118,149.366302 338.017151,151.997223 
	C336.451843,152.469437 335.278534,155.805496 333.108673,152.323746 
z"/>
<path fill="#396460" opacity="1.000000" stroke="none" 
	d="
M223.974060,96.916245 
	C224.552902,96.468513 225.131760,96.020775 225.738800,95.035286 
	C225.711411,94.337395 225.655838,94.177261 225.600281,94.017136 
	C226.475510,93.560463 227.350754,93.103798 228.621826,92.561386 
	C229.195847,92.544128 229.374008,92.612610 229.859222,93.167931 
	C231.775253,94.868729 233.384232,96.082695 234.993225,97.296654 
	C234.993225,97.296654 235.003159,97.581558 235.017487,97.723358 
	C233.932190,98.710365 232.832565,99.555565 231.081787,100.617157 
	C230.371613,101.873558 230.312576,102.913574 230.253555,103.953598 
	C230.206558,104.715652 230.159576,105.477707 230.105011,106.977142 
	C231.058929,108.428162 232.020386,109.141800 232.981857,109.855431 
	C233.253006,110.949791 233.524155,112.044144 233.752441,113.499298 
	C230.796768,116.197578 228.609436,114.279594 226.293060,112.028374 
	C226.107819,111.291290 226.009186,111.136292 225.910553,110.981285 
	C225.840012,109.301727 225.769485,107.622177 225.756012,105.128296 
	C225.200073,101.848061 224.587067,99.382149 223.974060,96.916245 
z"/>
<path fill="#F7FDE2" opacity="1.000000" stroke="none" 
	d="
M56.640182,57.007103 
	C56.687592,65.289055 56.103024,73.575218 56.129955,81.859390 
	C56.146160,86.844559 55.551033,91.441750 52.401287,95.810944 
	C50.157166,94.325394 49.536709,92.642448 51.171932,90.074272 
	C52.047478,88.699203 51.637222,86.532654 51.910793,84.739082 
	C52.162304,83.090141 52.744385,81.474342 52.847431,79.823128 
	C53.224667,73.778358 53.305748,67.710526 53.857651,61.684284 
	C54.005821,60.066406 55.428272,58.565228 56.640182,57.007103 
z"/>
<path fill="#EDF8F8" opacity="1.000000" stroke="none" 
	d="
M112.797195,86.018028 
	C114.649933,90.848335 111.159813,94.383301 104.074135,94.909927 
	C104.074135,88.326935 103.864212,81.755951 104.206642,75.213875 
	C104.304810,73.338516 106.000084,71.546761 107.127213,69.377785 
	C107.291191,71.280327 108.057495,73.917679 107.143517,75.687080 
	C104.652649,80.509293 106.720779,85.083824 112.797195,86.018028 
z"/>
<path fill="#EDF8F7" opacity="1.000000" stroke="none" 
	d="
M181.285431,152.914093 
	C180.901535,150.198776 180.901535,147.460739 180.901535,145.397034 
	C183.600327,144.003326 185.722031,142.907623 188.283157,141.407623 
	C189.768555,140.999191 190.814529,140.995071 191.866516,141.426910 
	C191.375397,151.757248 196.394684,155.273239 205.900238,152.055450 
	C205.624420,153.630676 205.312424,154.814331 205.000427,155.997986 
	C204.045151,155.753632 202.982437,155.106552 202.151459,155.328186 
	C195.064728,157.218369 191.366257,152.765137 187.733398,147.961502 
	C187.122726,147.154007 185.971939,146.754974 185.269684,146.296982 
	C183.957138,148.701050 182.813232,150.796204 181.285431,152.914093 
z"/>
<path fill="#38625E" opacity="1.000000" stroke="none" 
	d="
M215.592087,113.922775 
	C215.078110,110.234344 214.995697,106.560562 214.913696,102.188477 
	C214.598206,101.219635 214.282288,100.949097 213.966370,100.678558 
	C213.771088,99.469116 213.575806,98.259666 213.943497,96.765823 
	C214.627869,95.992607 214.749283,95.503784 214.870697,95.014961 
	C216.287369,93.427635 217.431259,91.345703 219.188782,90.376373 
	C221.459595,89.123955 222.420212,90.662704 221.616486,93.431030 
	C220.711792,94.219391 220.228592,94.591026 219.745407,94.962654 
	C224.068573,97.968048 219.626511,100.492981 219.320587,103.249207 
	C219.253189,103.856560 219.531998,104.502335 219.651382,105.130417 
	C219.572281,107.121078 219.882660,109.242035 219.275787,111.056145 
	C218.877716,112.246056 217.153778,112.992424 215.592087,113.922775 
z"/>
<path fill="#DDF2F1" opacity="1.000000" stroke="none" 
	d="
M234.660095,57.527493 
	C228.356506,62.842182 228.040451,68.349373 234.219025,74.483292 
	C230.753006,74.870331 227.119888,74.942284 223.105896,74.934326 
	C224.319153,73.412125 225.913284,71.969833 227.611237,70.433617 
	C223.691467,66.718758 219.082138,75.128937 215.784912,67.890396 
	C219.964172,67.890396 223.730057,67.890396 227.591995,67.890396 
	C228.493484,62.389633 226.588821,59.287449 221.774750,57.455673 
	C225.770737,57.243092 230.048828,57.266182 234.660095,57.527493 
z"/>
<path fill="#DFEFEE" opacity="1.000000" stroke="none" 
	d="
M214.871216,57.978516 
	C211.635269,61.205128 210.032852,64.890518 211.718552,69.554771 
	C213.152374,73.522057 216.221436,75.006256 220.605835,75.083519 
	C214.677887,77.037292 213.128220,76.486580 209.860275,70.847366 
	C208.059662,72.248253 206.313843,73.606506 204.335007,74.503418 
	C204.943283,69.393303 201.951019,63.245457 209.224182,61.037182 
	C209.597488,60.923840 209.481033,59.197414 209.592606,58.222015 
	C211.237686,58.087391 212.882767,57.952763 214.871216,57.978516 
z"/>
<path fill="#F7FDE2" opacity="1.000000" stroke="none" 
	d="
M62.009224,72.556976 
	C60.605206,81.464592 64.040962,90.407425 59.237335,98.800293 
	C58.475357,97.730972 57.192760,95.872452 57.643311,95.230705 
	C61.572159,89.634567 59.640324,83.379341 59.950573,77.416489 
	C60.190605,72.803223 60.091217,68.165138 59.971981,63.542496 
	C59.868328,59.523685 61.734329,57.801128 65.664284,57.908295 
	C69.131149,58.002827 72.602242,57.942291 76.452820,58.369492 
	C74.555550,59.193542 72.276917,59.598324 69.998291,60.003105 
	C67.841591,60.142422 65.684891,60.281738 62.979721,60.957962 
	C62.291550,62.998608 62.151840,64.502342 62.012127,66.006073 
	C62.010208,68.044220 62.008289,70.082359 62.009224,72.556976 
z"/>
<path fill="#F7FDE2" opacity="1.000000" stroke="none" 
	d="
M60.091316,102.452042 
	C60.711445,103.616081 61.705982,105.226891 61.791412,106.884560 
	C62.143612,113.718437 62.219967,120.566521 62.690620,127.704063 
	C62.624062,130.951950 63.774364,132.008301 66.883011,132.116394 
	C70.912201,132.256454 75.524597,129.607834 78.699387,134.487457 
	C78.335434,134.971115 78.152679,135.019913 77.969933,135.068710 
	C73.975868,135.013596 69.981895,134.923325 65.987717,134.913208 
	C61.946915,134.902985 59.874283,133.256912 59.965382,128.892960 
	C60.146049,120.238632 60.037003,111.578239 60.091316,102.452042 
z"/>
<path fill="#F9FCFB" opacity="1.000000" stroke="none" 
	d="
M216.692947,146.134598 
	C216.416336,142.770630 216.139725,139.406662 215.622604,135.681976 
	C218.396759,134.553986 221.382996,133.613190 224.441284,133.112198 
	C225.532623,132.933426 226.798462,133.819870 227.984665,134.835587 
	C227.993088,135.622711 228.001480,135.794342 228.009888,135.965973 
	C226.741898,135.965973 225.473907,135.965973 223.623611,135.965973 
	C223.623611,139.258270 223.623611,142.313522 223.107269,145.745743 
	C220.624939,146.126663 218.658936,146.130630 216.692947,146.134598 
z"/>
<path fill="#426969" opacity="1.000000" stroke="none" 
	d="
M292.629059,96.819260 
	C292.982147,99.096230 292.549774,100.355026 290.217560,101.794403 
	C288.392242,102.920959 288.049377,107.059555 287.779663,109.928665 
	C287.498291,112.922180 287.147308,114.873039 283.310394,113.373131 
	C283.310394,107.994476 283.310394,102.606537 283.310394,96.495613 
	C285.318298,97.004089 286.956635,97.418968 288.839294,97.554077 
	C290.136902,97.080116 291.190186,96.885925 292.629059,96.819260 
z"/>
<path fill="#D5EAE9" opacity="1.000000" stroke="none" 
	d="
M249.575714,57.976959 
	C249.915848,63.021061 249.891586,68.070053 249.798309,73.584702 
	C245.682800,74.573479 241.636292,75.096588 237.298492,75.357697 
	C240.772552,74.940239 244.241425,74.256248 245.908875,70.172684 
	C242.765778,66.432281 237.559525,75.435425 234.653305,67.749550 
	C238.760712,67.749550 242.447556,67.749550 246.872025,67.749550 
	C246.469452,64.660667 246.152573,62.229176 245.812927,59.464684 
	C246.930557,58.748398 248.070938,58.365120 249.575714,57.976959 
z"/>
<path fill="#F7FDE2" opacity="1.000000" stroke="none" 
	d="
M53.073215,99.221451 
	C54.083176,101.312393 55.754795,103.787209 55.885475,106.340881 
	C56.265480,113.766632 55.936768,121.225800 56.085453,128.667877 
	C56.133972,131.096451 56.795593,133.512772 57.200867,136.332687 
	C53.887741,136.215607 52.130760,134.955597 52.726353,130.914032 
	C53.368610,126.555847 52.787903,122.031685 53.074886,117.601585 
	C53.249199,114.910759 54.502487,112.254776 54.465908,109.594208 
	C54.420212,106.270638 53.546921,102.958450 53.073215,99.221451 
z"/>
<path fill="#DCEFEE" opacity="1.000000" stroke="none" 
	d="
M248.644058,150.917038 
	C248.502228,148.805206 248.254761,146.694229 248.237381,144.581375 
	C248.171768,136.609665 245.022232,134.315247 237.162231,136.462097 
	C239.411636,132.491638 242.852600,132.062622 246.252090,134.350708 
	C248.273972,135.711548 250.913422,136.154800 253.691528,137.019897 
	C249.720840,143.476822 250.199966,147.987274 255.641068,152.757355 
	C253.246277,152.418503 250.945160,151.667770 248.644058,150.917038 
z"/>
<path fill="#38625E" opacity="1.000000" stroke="none" 
	d="
M209.373383,58.110603 
	C209.481033,59.197414 209.597488,60.923840 209.224182,61.037182 
	C201.951019,63.245457 204.943283,69.393303 203.950348,74.464417 
	C202.606171,74.776024 201.413635,74.665291 199.968842,74.295448 
	C199.769577,68.991035 199.822586,63.945728 199.880829,58.430817 
	C200.995758,57.887932 202.105484,57.814659 203.754318,58.073814 
	C205.332077,58.005116 206.370712,57.603989 207.409348,57.202862 
	C207.990952,57.468307 208.572571,57.733753 209.373383,58.110603 
z"/>
<path fill="#F9FCFB" opacity="1.000000" stroke="none" 
	d="
M205.061707,156.360718 
	C205.312424,154.814331 205.624420,153.630676 206.015518,151.822296 
	C206.615311,150.750946 207.136002,150.304337 208.024551,149.916016 
	C210.934631,150.966385 213.476852,151.958496 216.019073,152.950623 
	C216.457443,152.977112 216.895798,153.003616 217.701019,153.425873 
	C218.715866,154.524918 219.363846,155.228226 220.011826,155.931519 
	C218.578354,156.217331 217.144867,156.503128 215.358383,156.859314 
	C215.766541,157.916855 216.236053,159.133408 216.705582,160.349945 
	C216.482651,160.728027 216.259705,161.106094 216.036774,161.484161 
	C212.398834,159.897263 208.760895,158.310364 205.061707,156.360718 
z"/>
<path fill="#E4F6F5" opacity="1.000000" stroke="none" 
	d="
M277.012634,135.456436 
	C269.799957,141.159348 269.953125,148.358841 277.707489,153.061523 
	C276.738403,153.635468 275.428192,154.426086 274.164154,154.358063 
	C272.637115,154.275894 271.149200,153.466156 269.239288,152.948944 
	C268.896118,148.247437 268.957977,143.568298 269.108643,138.428024 
	C271.125580,136.658630 273.005646,135.265503 275.026886,134.121918 
	C275.382233,133.920837 276.328857,134.764923 277.012634,135.456436 
z"/>
<path fill="#F9FCFB" opacity="1.000000" stroke="none" 
	d="
M248.552460,151.185135 
	C250.945160,151.667770 253.246277,152.418503 255.861115,153.026260 
	C256.174835,152.883286 256.622681,152.934738 256.894775,153.200043 
	C257.439148,153.410385 257.711395,153.355423 257.983673,153.300446 
	C259.043427,153.184814 260.103149,153.069168 261.743042,153.183258 
	C262.937897,153.132202 263.552612,152.851425 264.167328,152.570633 
	C264.874969,152.730637 265.582611,152.890640 266.768799,153.311874 
	C267.459473,153.792740 267.712891,153.942474 268.007599,154.022308 
	C268.929230,157.509277 267.440247,159.097244 264.062958,158.518188 
	C260.302673,157.873489 256.438812,157.736984 252.741730,156.863937 
	C251.115097,156.479813 249.789307,154.821701 248.180725,153.418518 
	C248.176620,152.547760 248.318726,152.000504 248.552460,151.185135 
z"/>
<path fill="#E4F6F5" opacity="1.000000" stroke="none" 
	d="
M338.414612,151.994995 
	C337.952118,149.366302 337.703278,146.724243 337.862122,144.106918 
	C338.149658,139.370316 340.446167,138.483841 344.818939,142.125793 
	C344.971588,146.281326 344.938080,149.645767 344.904572,153.010193 
	C342.873718,152.671051 340.842896,152.331909 338.414612,151.994995 
M340.011292,145.414536 
	C340.431152,146.147400 340.851013,146.880264 341.270874,147.613129 
	C342.073456,146.296219 342.876038,144.979294 343.678619,143.662384 
	C343.280701,143.343582 342.882782,143.024765 342.484863,142.705963 
	C341.674286,143.365448 340.863739,144.024933 340.011292,145.414536 
z"/>
<path fill="#EDF8F7" opacity="1.000000" stroke="none" 
	d="
M176.188080,131.223053 
	C176.515335,137.555954 176.503555,143.867325 176.240616,150.168213 
	C176.107834,153.350403 177.991455,153.166428 180.513855,152.939850 
	C179.056290,153.827927 177.174194,154.755386 175.482697,155.588943 
	C170.073441,147.247726 175.277512,139.685791 174.298004,132.271515 
	C174.259781,131.982193 175.239716,131.558350 176.188080,131.223053 
z"/>
<path fill="#2D5856" opacity="1.000000" stroke="none" 
	d="
M305.446960,152.966797 
	C305.137482,147.513901 305.137482,142.091629 305.137482,136.442123 
	C307.477112,135.564987 309.299377,135.288116 309.014099,138.775085 
	C308.627380,143.501114 308.221161,148.225540 307.402161,153.064697 
	C306.572815,153.118286 306.164642,153.057861 305.446960,152.966797 
z"/>
<path fill="#4B7573" opacity="1.000000" stroke="none" 
	d="
M345.140259,153.338150 
	C344.938080,149.645767 344.971588,146.281326 345.025970,142.458862 
	C345.660034,141.657486 346.273224,141.314133 346.886414,140.970779 
	C346.742432,140.532364 346.598450,140.093933 346.454468,139.655502 
	C347.198120,140.039688 347.941742,140.423859 348.978546,140.882538 
	C349.503235,145.052612 349.734772,149.148163 350.005493,153.936768 
	C348.098450,153.825272 346.737183,153.745697 345.140259,153.338150 
z"/>
<path fill="#D5EAE9" opacity="1.000000" stroke="none" 
	d="
M254.641754,74.041237 
	C254.219589,71.598564 253.680084,69.021484 254.254440,66.722694 
	C254.757812,64.707954 256.253479,61.739086 257.766998,61.430733 
	C260.851776,60.802273 261.588684,63.690708 261.621643,66.367241 
	C261.633728,67.349083 261.565643,68.331917 261.378662,69.709793 
	C259.661682,68.648819 258.100159,67.192345 256.538635,65.735878 
	C256.057617,65.971191 255.576630,66.206505 255.095642,66.441818 
	C255.540344,67.870689 255.576630,69.696846 256.506989,70.653275 
	C259.202881,73.424683 257.552948,73.819969 254.641754,74.041237 
z"/>
<path fill="#DCEFEE" opacity="1.000000" stroke="none" 
	d="
M228.054398,136.431564 
	C228.001480,135.794342 227.993088,135.622711 227.989899,135.192627 
	C229.199814,135.138428 230.404541,135.342667 231.831787,135.839096 
	C232.069122,140.455139 232.083923,144.778976 232.005112,149.559937 
	C230.967209,150.023300 230.022949,150.029556 228.724579,150.045685 
	C228.279938,145.669418 228.189423,141.283279 228.054398,136.431564 
z"/>
<path fill="#E4F6F5" opacity="1.000000" stroke="none" 
	d="
M293.504700,134.974442 
	C293.651886,136.501633 293.186005,138.040909 293.280670,139.544907 
	C293.479523,142.704346 293.972809,145.845276 294.355408,149.437836 
	C293.096100,150.450729 291.826660,151.019608 290.261047,151.796417 
	C289.893433,147.072266 289.822021,142.140167 289.927582,136.491135 
	C290.399872,135.518860 290.695129,135.263504 290.990417,135.008163 
	C291.708801,134.995621 292.427155,134.983078 293.504700,134.974442 
z"/>
<path fill="#F9FCFB" opacity="1.000000" stroke="none" 
	d="
M191.860489,140.990967 
	C190.814529,140.995071 189.768555,140.999191 188.330231,141.004944 
	C187.937851,141.006592 187.725555,140.805389 187.879761,140.304504 
	C187.960678,138.307999 187.887405,136.812378 187.814133,135.316757 
	C188.451675,134.163528 189.089233,133.010284 189.662567,131.514587 
	C193.147446,131.781662 196.696533,132.391205 200.542267,133.222260 
	C200.889664,134.120132 200.940399,134.796509 200.612503,135.497131 
	C199.480698,135.584167 198.727524,135.646973 197.862457,135.583542 
	C197.502914,135.599289 197.255234,135.741272 196.719513,136.069687 
	C196.011047,136.425659 195.590607,136.595184 195.133087,136.361053 
	C194.747757,135.134888 194.399521,134.312408 194.051285,133.489929 
	C193.398849,134.061905 192.293152,134.558899 192.183670,135.220703 
	C191.915024,136.844589 192.105515,138.544449 192.103577,140.425797 
	C192.095886,140.637848 191.860489,140.990967 191.860489,140.990967 
z"/>
<path fill="#CBE0DF" opacity="1.000000" stroke="none" 
	d="
M219.941101,105.021530 
	C219.531998,104.502335 219.253189,103.856560 219.320587,103.249207 
	C219.626511,100.492981 224.068573,97.968048 219.745407,94.962654 
	C220.228592,94.591026 220.711792,94.219391 221.535706,93.813431 
	C222.479523,94.637093 223.082611,95.495087 223.829895,96.634659 
	C224.587067,99.382149 225.200073,101.848061 225.701691,104.712135 
	C223.803802,105.044411 222.017319,104.978523 219.941101,105.021530 
z"/>
<path fill="#EDF8F7" opacity="1.000000" stroke="none" 
	d="
M124.905624,83.924957 
	C121.529625,79.362083 119.842224,78.919579 114.661850,81.935410 
	C114.010658,81.150360 113.661781,80.196686 113.312897,79.243011 
	C116.257996,78.572845 119.277802,77.237381 122.111893,77.555664 
	C123.266830,77.685364 124.018791,81.403381 124.905624,83.924957 
z"/>
<path fill="#D5EAE9" opacity="1.000000" stroke="none" 
	d="
M255.759842,96.712723 
	C255.220490,100.440414 254.451736,103.905945 253.682968,107.371468 
	C253.402466,107.401718 253.121964,107.431976 252.841461,107.462227 
	C251.974838,104.208641 251.108215,100.955055 250.175049,97.321594 
	C251.915833,96.777985 253.723129,96.614265 255.759842,96.712723 
z"/>
<path fill="#FDFEF5" opacity="1.000000" stroke="none" 
	d="
M78.880402,54.059853 
	C77.854126,53.979126 76.827850,53.898399 75.375366,53.465004 
	C74.632721,52.411716 74.316269,51.711090 73.999817,51.010468 
	C75.187523,47.728577 78.156914,48.365837 79.431587,49.815155 
	C80.945580,51.536583 85.303055,53.220207 81.354179,56.936699 
	C80.998108,56.998524 80.990837,56.993000 80.986145,56.633469 
	C80.281105,55.535912 79.580757,54.797886 78.880402,54.059853 
z"/>
<path fill="#FDFEF5" opacity="1.000000" stroke="none" 
	d="
M70.054268,60.354198 
	C72.276917,59.598324 74.555550,59.193542 76.917480,58.411587 
	C77.375984,57.978172 77.751175,57.921932 78.723114,57.831207 
	C79.876846,57.528816 80.433838,57.260910 80.990837,56.993000 
	C80.990837,56.993000 80.998108,56.998524 81.000427,57.000633 
	C77.514214,66.086853 75.182693,65.372459 70.054268,60.354198 
z"/>
<path fill="#E6F4F4" opacity="1.000000" stroke="none" 
	d="
M188.206787,92.336426 
	C184.567520,93.113808 181.197830,93.526489 177.483643,94.091705 
	C177.060120,93.223900 176.803146,91.335213 176.927994,91.309639 
	C180.458145,90.586212 184.022064,90.009834 187.601929,89.594406 
	C187.798798,89.571571 188.180634,91.142609 188.206787,92.336426 
z"/>
<path fill="#F9FCFB" opacity="1.000000" stroke="none" 
	d="
M214.874969,134.767715 
	C213.946457,135.303482 213.017944,135.839249 211.531143,136.682724 
	C209.653915,136.988235 208.334991,136.986053 206.978424,136.654236 
	C205.960541,135.215805 204.980270,134.106979 204.000000,132.998169 
	C207.055481,132.998993 210.110962,132.999817 213.731628,133.478256 
	C214.489532,134.226471 214.682251,134.497086 214.874969,134.767715 
z"/>
<path fill="#F7FDE2" opacity="1.000000" stroke="none" 
	d="
M73.633759,51.168201 
	C74.316269,51.711090 74.632721,52.411716 74.996552,53.392094 
	C69.954468,54.019688 64.865013,54.367531 59.378273,54.844002 
	C58.989388,54.231194 58.997772,53.489761 59.446846,52.376915 
	C61.925365,52.003059 63.963192,52.000618 66.001022,51.998177 
	C68.423248,51.774097 70.845482,51.550018 73.633759,51.168201 
z"/>
<path fill="#EDF8F7" opacity="1.000000" stroke="none" 
	d="
M290.918335,134.634003 
	C290.695129,135.263504 290.399872,135.518860 289.988403,136.047714 
	C287.737488,136.408737 285.602783,136.496246 283.023010,136.048370 
	C282.155243,135.429611 281.732513,135.346207 281.309814,135.262817 
	C280.751190,135.323868 280.192535,135.384903 279.360931,135.337891 
	C279.185059,134.746780 279.292053,133.839630 279.377838,133.841644 
	C283.201782,133.930862 287.023895,134.100113 290.918335,134.634003 
z"/>
<path fill="#E6F6F5" opacity="1.000000" stroke="none" 
	d="
M301.027100,135.292114 
	C300.342987,135.261353 299.034515,134.877182 299.037811,134.504623 
	C299.068756,131.005798 296.762207,131.704056 294.328979,131.874023 
	C295.886047,127.614105 299.327209,129.452637 301.565887,129.151230 
	C301.342224,131.487656 301.176758,133.215881 301.027100,135.292114 
z"/>
<path fill="#EDF8F8" opacity="1.000000" stroke="none" 
	d="
M107.594055,66.940208 
	C105.704742,65.504692 104.136856,63.991322 102.288124,62.293484 
	C102.078552,60.984715 102.149826,59.860413 102.221100,58.736115 
	C103.855080,61.745312 110.447800,61.240528 107.594055,66.940208 
z"/>
<path fill="#E8F4F3" opacity="1.000000" stroke="none" 
	d="
M267.891724,96.007584 
	C266.628693,97.108025 265.219086,97.919991 263.191650,98.883408 
	C261.784393,98.693550 260.994965,98.352249 260.205566,98.010941 
	C260.176941,97.809853 260.148315,97.608757 260.091064,97.104309 
	C261.995941,91.984619 265.066803,95.245689 267.891724,96.007584 
z"/>
<path fill="#D5EAE9" opacity="1.000000" stroke="none" 
	d="
M244.056000,100.077103 
	C243.834915,102.610344 243.349655,105.028557 242.864380,107.446777 
	C242.598816,107.483704 242.333252,107.520630 242.067688,107.557556 
	C241.398056,104.960960 240.728424,102.364372 240.091385,99.379990 
	C241.346603,99.315491 242.569199,99.638786 244.056000,100.077103 
z"/>
<path fill="#D5EAE9" opacity="1.000000" stroke="none" 
	d="
M266.452454,63.826099 
	C264.663757,61.989632 263.156830,59.959343 261.340881,57.739689 
	C262.906952,57.866459 265.240875,57.635044 266.497864,58.688580 
	C267.355408,59.407314 266.708435,61.921097 266.452454,63.826099 
z"/>
<path fill="#DFEFEE" opacity="1.000000" stroke="none" 
	d="
M345.018372,135.382416 
	C342.823303,136.090942 340.604279,136.427490 338.166229,136.481323 
	C340.469696,132.319229 342.246765,132.019608 345.018372,135.382416 
z"/>
<path fill="#E4F6F5" opacity="1.000000" stroke="none" 
	d="
M281.080017,153.614105 
	C283.334137,150.916382 285.848572,153.053329 288.650513,153.053650 
	C286.762695,156.575851 283.965881,155.170563 281.080017,153.614105 
z"/>
<path fill="#FDFEF5" opacity="1.000000" stroke="none" 
	d="
M65.928467,51.629837 
	C63.963192,52.000618 61.925365,52.003059 59.451820,52.005989 
	C59.190006,51.057388 59.363907,50.108295 59.537807,49.159206 
	C61.643841,49.859970 63.749870,50.560738 65.928467,51.629837 
z"/>
<path fill="#E2F1F1" opacity="1.000000" stroke="none" 
	d="
M235.325882,97.196350 
	C233.384232,96.082695 231.775253,94.868729 230.100296,93.322380 
	C232.346420,94.025269 234.658524,95.060547 236.996292,96.464447 
	C236.567490,96.920715 236.113022,97.008385 235.325882,97.196350 
z"/>
<path fill="#F7FDE2" opacity="1.000000" stroke="none" 
	d="
M65.076797,139.442154 
	C67.696793,139.026199 70.412338,138.988129 73.577454,139.014725 
	C71.340385,142.493362 68.263695,141.244247 65.076797,139.442154 
z"/>
<path fill="#EDF8F7" opacity="1.000000" stroke="none" 
	d="
M203.625519,132.998505 
	C204.980270,134.106979 205.960541,135.215805 206.821426,136.811829 
	C206.702042,137.299026 206.388046,137.614243 206.084900,137.417297 
	C204.184860,136.637863 202.587997,136.055374 200.991119,135.472885 
	C200.940399,134.796509 200.889664,134.120132 200.921799,133.224319 
	C201.753448,133.002853 202.502258,133.000839 203.625519,132.998505 
z"/>
<path fill="#DCEFEE" opacity="1.000000" stroke="none" 
	d="
M220.378845,155.944031 
	C219.363846,155.228226 218.715866,154.524918 218.014374,153.531784 
	C219.870377,152.925705 221.779892,152.609451 223.851898,152.623993 
	C223.682877,153.744492 223.351364,154.534225 222.982086,155.643692 
	C222.211502,155.961136 221.478668,155.958832 220.378845,155.944031 
z"/>
<path fill="#F7FDE2" opacity="1.000000" stroke="none" 
	d="
M57.183197,137.203384 
	C58.702557,137.325638 60.134529,137.862061 61.793991,138.634277 
	C60.980755,139.555786 59.940025,140.241516 58.899300,140.927231 
	C58.298134,139.824005 57.696968,138.720795 57.183197,137.203384 
z"/>
<path fill="#E6F6F5" opacity="1.000000" stroke="none" 
	d="
M295.144409,151.948120 
	C296.871338,152.040848 298.570679,152.535324 300.646667,153.122986 
	C298.571289,156.221848 296.617401,155.831268 295.144409,151.948120 
z"/>
<path fill="#FDFEF5" opacity="1.000000" stroke="none" 
	d="
M62.359383,65.966438 
	C62.151840,64.502342 62.291550,62.998608 62.707935,61.243172 
	C64.799828,62.744038 66.391220,64.484001 62.359383,65.966438 
z"/>
<path fill="#C7D4A1" opacity="1.000000" stroke="none" 
	d="
M77.981567,135.432953 
	C78.152679,135.019913 78.335434,134.971115 78.782211,134.816010 
	C82.549461,136.472275 80.256783,137.605759 78.261642,138.748718 
	C77.945663,137.725098 77.969429,136.761154 77.981567,135.432953 
z"/>
<path fill="#E8F4F3" opacity="1.000000" stroke="none" 
	d="
M308.956635,98.016357 
	C308.208130,98.014534 307.603973,97.670410 306.844543,97.114166 
	C307.387207,96.342812 308.085175,95.783577 308.783142,95.224342 
	C308.889099,96.040916 308.995056,96.857491 308.956635,98.016357 
z"/>
<path fill="#EDF8F7" opacity="1.000000" stroke="none" 
	d="
M188.953232,130.687149 
	C188.244308,131.080246 187.487854,131.137222 186.363174,131.095734 
	C186.965210,130.781860 187.935440,130.566437 188.953232,130.687149 
z"/>
<path fill="#DDF2F1" opacity="1.000000" stroke="none" 
	d="
M220.928009,56.821346 
	C220.237869,57.240154 219.507065,57.307648 218.414520,57.305107 
	C218.432587,54.886425 219.282318,54.279007 220.928009,56.821346 
z"/>
<path fill="#E2F1F1" opacity="1.000000" stroke="none" 
	d="
M203.042648,95.922852 
	C202.605789,96.306061 202.131393,96.414703 201.290894,96.463043 
	C201.238251,95.723824 201.551697,95.044907 201.865143,94.365982 
	C202.245132,94.793419 202.625122,95.220848 203.042648,95.922852 
z"/>
<path fill="#E4F6F5" opacity="1.000000" stroke="none" 
	d="
M269.436584,134.843765 
	C269.127686,134.235489 269.072571,133.476135 269.113403,132.345734 
	C269.369720,132.880692 269.530029,133.786697 269.436584,134.843765 
z"/>
<path fill="#E2F1F1" opacity="1.000000" stroke="none" 
	d="
M207.050201,57.148926 
	C206.370712,57.603989 205.332077,58.005116 204.171631,58.107201 
	C204.930222,57.570442 205.810623,57.332718 207.050201,57.148926 
z"/>
<path fill="#D5EAE9" opacity="1.000000" stroke="none" 
	d="
M266.451599,70.752289 
	C266.156799,69.608452 266.089203,68.210526 266.119141,66.401962 
	C266.370728,67.493614 266.524750,68.995911 266.451599,70.752289 
z"/>
<path fill="#D5EAE9" opacity="1.000000" stroke="none" 
	d="
M255.849304,57.754440 
	C255.400208,58.103661 254.807159,58.241825 254.118622,58.122032 
	C254.583878,57.757179 255.144623,57.650284 255.849304,57.754440 
z"/>
<path fill="#EDF8F8" opacity="1.000000" stroke="none" 
	d="
M100.009064,62.149845 
	C99.620522,62.685684 99.097626,62.935234 98.288162,63.096695 
	C98.625969,62.626926 99.250343,62.245243 100.009064,62.149845 
z"/>
<path fill="#E2F1F1" opacity="1.000000" stroke="none" 
	d="
M186.032562,75.401047 
	C186.432877,75.057999 186.886963,74.998131 187.679749,75.008934 
	C187.699402,75.575554 187.380356,76.071510 187.061310,76.567459 
	C186.736313,76.273041 186.411331,75.978630 186.032562,75.401047 
z"/>
<path fill="#E8F4F3" opacity="1.000000" stroke="none" 
	d="
M274.751221,96.547783 
	C274.366180,97.060287 273.804474,97.373863 273.088287,97.424622 
	C273.480743,96.890831 274.027649,96.619850 274.751221,96.547783 
z"/>
<path fill="#EDF8F7" opacity="1.000000" stroke="none" 
	d="
M214.894028,134.737823 
	C214.682251,134.497086 214.489532,134.226471 214.150848,133.479462 
	C214.521240,133.429779 215.037598,133.856476 215.276703,134.508072 
	C214.999435,134.732956 214.913086,134.707947 214.894028,134.737823 
z"/>
<path fill="#E4F6F5" opacity="1.000000" stroke="none" 
	d="
M268.013611,153.809174 
	C267.712891,153.942474 267.459473,153.792740 267.126801,153.385803 
	C267.174438,153.154816 267.342651,153.111115 267.766479,153.118530 
	C268.022095,153.169632 268.019653,153.596054 268.013611,153.809174 
z"/>
<path fill="#CBE0DF" opacity="1.000000" stroke="none" 
	d="
M225.762344,111.090271 
	C226.009186,111.136292 226.107819,111.291290 226.142792,111.714462 
	C225.924133,111.721504 225.769135,111.460381 225.762344,111.090271 
z"/>
<path fill="#DFEFEE" opacity="1.000000" stroke="none" 
	d="
M335.908386,135.528290 
	C335.836884,135.712738 335.668427,135.762054 335.248657,135.732834 
	C335.194489,135.306564 335.465851,135.219528 335.908386,135.528290 
z"/>
<path fill="#D5EAE9" opacity="1.000000" stroke="none" 
	d="
M244.693817,98.209633 
	C244.893433,98.375198 244.873428,98.758171 244.678940,99.376770 
	C244.494370,99.217285 244.484283,98.822159 244.693817,98.209633 
z"/>
<path fill="#FFFFFF" opacity="1.000000" stroke="none" 
	d="
M80.782166,104.291382 
	C81.335197,103.910439 81.911972,103.969322 82.298584,103.726021 
	C84.626366,102.261139 86.933441,99.509735 89.202988,99.552444 
	C91.553413,99.596664 93.848869,102.334648 96.178574,103.879005 
	C96.709023,104.230644 97.281403,104.519035 98.564339,105.255516 
	C96.767662,109.482574 95.009842,113.618202 92.832703,118.740364 
	C87.943771,115.441772 83.760712,112.075592 80.783318,106.804398 
	C80.693207,105.810799 80.705620,105.201180 80.782166,104.291382 
z"/>
<path fill="#D5EAE9" opacity="1.000000" stroke="none" 
	d="
M260.034790,98.336014 
	C260.994965,98.352249 261.784393,98.693550 262.897980,99.069565 
	C262.638367,100.877220 262.054596,102.650177 261.305359,104.725815 
	C260.393097,105.018005 259.646271,105.007507 258.526031,105.006828 
	C258.723083,102.898125 259.293579,100.779602 260.034790,98.336014 
z"/>
<path fill="#E2F1F1" opacity="1.000000" stroke="none" 
	d="
M232.848022,109.585403 
	C232.020386,109.141800 231.058929,108.428162 230.178925,107.353607 
	C231.078308,107.766922 231.896240,108.541153 232.848022,109.585403 
z"/>
<path fill="#E2F1F1" opacity="1.000000" stroke="none" 
	d="
M236.512283,104.056015 
	C236.962372,104.407455 237.117798,104.817566 237.284531,105.558273 
	C236.936432,105.297478 236.577026,104.706078 236.512283,104.056015 
z"/>
<path fill="#E2F1F1" opacity="1.000000" stroke="none" 
	d="
M230.455292,103.750610 
	C230.312576,102.913574 230.371613,101.873558 230.739197,100.786850 
	C230.917496,101.675987 230.787262,102.611801 230.455292,103.750610 
z"/>
<path fill="#E2F1F1" opacity="1.000000" stroke="none" 
	d="
M238.182373,109.703316 
	C238.403503,109.722321 238.636017,110.045509 238.867416,110.675140 
	C238.642120,110.656898 238.417938,110.332199 238.182373,109.703316 
z"/>
<path fill="#F7FDE2" opacity="1.000000" stroke="none" 
	d="
M80.986145,56.633469 
	C80.433838,57.260910 79.876846,57.528816 79.007835,57.835640 
	C78.774384,56.858288 78.852951,55.842010 78.905960,54.442795 
	C79.580757,54.797886 80.281105,55.535912 80.986145,56.633469 
z"/>
<path fill="#3A6662" opacity="1.000000" stroke="none" 
	d="
M312.897614,144.923920 
	C313.819153,137.924988 317.235077,134.968033 322.987427,135.756042 
	C327.852936,136.422562 330.708954,140.184372 330.239410,145.308075 
	C329.843719,149.625885 326.849487,152.644730 322.556061,153.054550 
	C317.339661,153.552505 314.424927,151.216309 312.897614,144.923920 
M317.373840,144.405731 
	C317.760040,147.039505 318.626099,149.748199 321.828400,148.921860 
	C323.411438,148.513367 325.445465,146.252502 325.549957,144.712631 
	C325.657440,143.129257 324.019318,140.551361 322.513062,139.922531 
	C319.651550,138.727905 318.002350,140.825638 317.373840,144.405731 
z"/>
<path fill="#EDF8F8" opacity="1.000000" stroke="none" 
	d="
M258.455780,140.042786 
	C261.833679,139.304977 264.105804,140.454407 264.098480,143.479584 
	C264.094177,145.264038 262.825470,147.522858 261.397888,148.631683 
	C260.647095,149.214828 257.000458,147.869125 256.960632,147.247223 
	C256.812378,144.931351 257.616730,142.554489 258.455780,140.042786 
z"/>
<path fill="#E4F6F5" opacity="1.000000" stroke="none" 
	d="
M264.042542,152.300873 
	C263.552612,152.851425 262.937897,153.132202 262.142700,153.162781 
	C262.614044,152.618774 263.265900,152.324951 264.042542,152.300873 
z"/>
<path fill="#E4F6F5" opacity="1.000000" stroke="none" 
	d="
M257.747498,153.213654 
	C257.711395,153.355423 257.439148,153.410385 257.088257,153.315643 
	C257.176880,153.152893 257.344116,153.139893 257.747498,153.213654 
z"/>
<path fill="#E2F1F1" opacity="1.000000" stroke="none" 
	d="
M281.774658,149.008133 
	C279.813599,147.932587 277.623962,147.073273 276.880280,145.521133 
	C276.313538,144.338226 277.085968,141.682709 278.174042,140.775528 
	C279.227356,139.897369 281.891327,139.746918 283.028137,140.505402 
	C284.210236,141.294128 284.985229,143.598541 284.864319,145.156799 
	C284.761993,146.475159 283.125488,147.674438 281.774658,149.008133 
z"/>
<path fill="#E4F6F5" opacity="1.000000" stroke="none" 
	d="
M281.517334,135.514359 
	C281.732513,135.346207 282.155243,135.429611 282.786072,135.768463 
	C282.571106,135.937912 282.148010,135.851913 281.517334,135.514359 
z"/>
<path fill="#E2F1F1" opacity="1.000000" stroke="none" 
	d="
M268.611206,100.862610 
	C272.248749,99.914574 274.345551,101.611366 274.476624,104.562157 
	C274.552948,106.279686 273.140472,108.581100 271.685272,109.646126 
	C270.870148,110.242683 267.994843,109.345741 267.109253,108.257736 
	C265.075470,105.759048 265.412079,103.032974 268.611206,100.862610 
z"/>
<path fill="#E6F4F4" opacity="1.000000" stroke="none" 
	d="
M198.765076,106.706673 
	C199.630341,104.412514 200.302551,102.282608 201.681396,100.817909 
	C202.120041,100.351959 205.314148,101.289955 205.705765,102.228668 
	C206.421585,103.944443 206.647751,106.445549 205.894104,108.069695 
	C204.424316,111.237167 201.450409,110.711304 198.765076,106.706673 
z"/>
<path fill="#DCEFEE" opacity="1.000000" stroke="none" 
	d="
M211.124100,108.256531 
	C211.347092,108.219147 211.477142,108.404160 211.551102,108.609375 
	C211.569916,108.661591 211.410599,108.778008 211.169678,108.932182 
	C211.007599,108.828438 211.008972,108.657433 211.124100,108.256531 
z"/>
<path fill="#DCEFEE" opacity="1.000000" stroke="none" 
	d="
M243.249939,141.341492 
	C241.488693,142.076843 239.645859,142.484695 237.410522,142.950684 
	C237.870193,138.650467 239.969131,138.136032 243.249939,141.341492 
z"/>
<path fill="#DCEFEE" opacity="1.000000" stroke="none" 
	d="
M243.867981,151.545700 
	C243.555878,148.891113 243.321259,145.797012 243.189545,142.250778 
	C243.510117,144.901154 243.727783,148.003677 243.867981,151.545700 
z"/>
<path fill="#DCEFEE" opacity="1.000000" stroke="none" 
	d="
M235.607147,153.055359 
	C234.701477,153.209259 233.411270,153.304123 232.123138,153.076920 
	C233.157684,152.835327 234.190155,152.915817 235.607147,153.055359 
z"/>
<path fill="#EDF8F7" opacity="1.000000" stroke="none" 
	d="
M187.455353,135.236938 
	C187.887405,136.812378 187.960678,138.307999 187.895477,140.159088 
	C185.686157,140.341843 183.615311,140.169098 181.308899,139.976715 
	C181.308899,138.437531 181.308899,137.061462 181.308899,135.157104 
	C183.323227,135.157104 185.209900,135.157104 187.455353,135.236938 
z"/>
<path fill="#EDF8F7" opacity="1.000000" stroke="none" 
	d="
M206.859039,137.141449 
	C208.334991,136.986053 209.653915,136.988235 211.368622,136.988678 
	C211.833572,139.782089 211.465927,142.681122 212.098892,145.342148 
	C212.692673,147.838486 214.344696,150.083099 215.775070,152.694550 
	C213.476852,151.958496 210.934631,150.966385 208.140717,149.533890 
	C209.891708,144.939789 209.451584,141.105499 206.388046,137.614243 
	C206.388046,137.614243 206.702042,137.299026 206.859039,137.141449 
z"/>
<path fill="#DCEFEE" opacity="1.000000" stroke="none" 
	d="
M216.720306,146.520752 
	C218.658936,146.130630 220.624939,146.126663 222.974014,146.136337 
	C221.622375,150.492355 219.384430,150.440750 216.720306,146.520752 
z"/>
<path fill="#DCEFEE" opacity="1.000000" stroke="none" 
	d="
M214.003464,100.875839 
	C214.282288,100.949097 214.598206,101.219635 214.847092,101.731461 
	C214.533554,101.672867 214.287064,101.372993 214.003464,100.875839 
z"/>
<path fill="#DCEFEE" opacity="1.000000" stroke="none" 
	d="
M214.675995,95.138779 
	C214.749283,95.503784 214.627869,95.992607 214.240982,96.498123 
	C214.144104,96.097412 214.312698,95.680000 214.675995,95.138779 
z"/>
<path fill="#CBE0DF" opacity="1.000000" stroke="none" 
	d="
M225.477905,94.116280 
	C225.655838,94.177261 225.711411,94.337395 225.699875,94.742737 
	C225.304932,94.807335 225.212524,94.549828 225.477905,94.116280 
z"/>
<path fill="#396460" opacity="1.000000" stroke="none" 
	d="
M206.084900,137.417297 
	C209.451584,141.105499 209.891708,144.939789 207.772858,149.475616 
	C207.136002,150.304337 206.615311,150.750946 205.979324,151.430710 
	C196.394684,155.273239 191.375397,151.757248 191.866516,141.426910 
	C191.860489,140.990967 192.095886,140.637848 192.352905,140.264954 
	C193.463348,138.849609 194.316757,137.807175 195.170181,136.764725 
	C195.590607,136.595184 196.011047,136.425659 196.972443,136.088913 
	C197.667038,135.851074 197.820694,135.780426 197.974335,135.709778 
	C198.727524,135.646973 199.480698,135.584167 200.612503,135.497131 
	C202.587997,136.055374 204.184860,136.637863 206.084900,137.417297 
M200.543640,149.152008 
	C203.940765,148.558441 204.925781,146.138275 204.163803,143.301758 
	C203.778519,141.867462 202.121719,140.001266 200.818954,139.806320 
	C199.538528,139.614700 196.839691,141.211349 196.772568,142.164749 
	C196.621689,144.307571 197.674835,146.550873 198.355942,148.716125 
	C198.438187,148.977570 199.248367,149.010025 200.543640,149.152008 
z"/>
<path fill="#FFFFFF" opacity="1.000000" stroke="none" 
	d="
M340.032227,145.049469 
	C340.863739,144.024933 341.674286,143.365448 342.484863,142.705963 
	C342.882782,143.024765 343.280701,143.343582 343.678619,143.662384 
	C342.876038,144.979294 342.073456,146.296219 341.270874,147.613129 
	C340.851013,146.880264 340.431152,146.147400 340.032227,145.049469 
z"/>
<path fill="#EDF8F7" opacity="1.000000" stroke="none" 
	d="
M195.133087,136.361053 
	C194.316757,137.807175 193.463348,138.849609 192.360596,140.052902 
	C192.105515,138.544449 191.915024,136.844589 192.183670,135.220703 
	C192.293152,134.558899 193.398849,134.061905 194.051285,133.489929 
	C194.399521,134.312408 194.747757,135.134888 195.133087,136.361053 
z"/>
<path fill="#EDF8F7" opacity="1.000000" stroke="none" 
	d="
M197.862457,135.583557 
	C197.820694,135.780426 197.667038,135.851074 197.260468,135.902481 
	C197.255234,135.741272 197.502914,135.599289 197.862457,135.583557 
z"/>
<path fill="#E6F6F5" opacity="1.000000" stroke="none" 
	d="
M317.392090,144.019058 
	C318.002350,140.825638 319.651550,138.727905 322.513062,139.922531 
	C324.019318,140.551361 325.657440,143.129257 325.549957,144.712631 
	C325.445465,146.252502 323.411438,148.513367 321.828400,148.921860 
	C318.626099,149.748199 317.760040,147.039505 317.392090,144.019058 
z"/>
<path fill="#E2F1F1" opacity="1.000000" stroke="none" 
	d="
M200.132401,149.150314 
	C199.248367,149.010025 198.438187,148.977570 198.355942,148.716125 
	C197.674835,146.550873 196.621689,144.307571 196.772568,142.164749 
	C196.839691,141.211349 199.538528,139.614700 200.818954,139.806320 
	C202.121719,140.001266 203.778519,141.867462 204.163803,143.301758 
	C204.925781,146.138275 203.940765,148.558441 200.132401,149.150314 
z"/>
</svg>