<svg version="1.1" id="Layer_1" xmlns="http://www.w3.org/2000/svg" xmlns:xlink="http://www.w3.org/1999/xlink" x="0px" y="0px"
	 width="100%" viewBox="0 0 820 249" enable-background="new 0 0 820 249" xml:space="preserve">
<path fill="#39B54A" opacity="1.000000" stroke="none" 
	d="
M584.000000,250.000000 
	C389.378723,250.000000 195.257431,250.000000 1.068068,250.000000 
	C1.068068,167.064819 1.068068,84.129578 1.068068,1.097165 
	C274.333313,1.097165 547.666626,1.097165 820.972168,1.097165 
	C820.972168,84.075943 820.972168,167.037979 820.972168,250.000000 
	C742.129517,250.000000 663.314758,250.000000 584.000000,250.000000 
M113.039825,124.500801 
	C115.420052,114.865723 118.644318,105.344162 119.959526,95.565834 
	C121.485474,84.220741 120.813957,72.594200 122.038940,61.191090 
	C123.745537,45.304653 135.759644,43.992142 146.033539,47.570004 
	C150.338715,49.069271 151.661377,52.808167 148.739792,56.302612 
	C145.484528,60.196167 141.290909,63.317448 137.426117,66.683464 
	C135.744339,68.148209 133.863937,69.384895 131.240753,71.348793 
	C134.902634,72.572342 137.549347,73.364143 140.127869,74.336700 
	C146.323013,76.673347 147.135468,79.642357 144.145340,85.511810 
	C141.757324,90.199341 138.825775,95.136078 138.358856,100.168488 
	C137.333862,111.215645 137.527832,122.394936 137.611115,133.517380 
	C137.649475,138.639572 139.292664,143.795197 138.999146,148.865677 
	C138.197800,162.709824 124.517387,170.439697 112.709930,163.748230 
	C109.579048,161.973892 107.401886,158.516693 104.831680,155.878235 
	C104.224388,163.351318 104.440804,171.295502 108.304588,178.269440 
	C110.708611,182.608566 114.229378,187.003952 118.364151,189.593216 
	C136.976288,201.248352 162.660080,191.273636 169.025558,170.326767 
	C172.340332,159.418869 171.995651,148.305756 170.513748,137.155502 
	C170.230255,135.022354 170.143707,132.863068 169.966278,130.715836 
	C170.409134,130.657959 170.851990,130.600098 171.294830,130.542221 
	C177.461304,140.125351 176.346512,151.889221 180.222748,162.471085 
	C181.913666,160.384659 183.192810,158.304672 183.695709,156.051437 
	C187.218918,140.265900 185.545639,125.039093 176.600922,111.431931 
	C170.496643,102.145767 163.258575,93.582802 156.260880,84.911598 
	C147.332184,73.847603 147.219208,65.430824 156.832520,54.860493 
	C160.577286,50.742943 165.045532,47.283367 168.920456,43.763672 
	C164.175049,43.763672 159.124542,44.018459 154.111542,43.694000 
	C148.804108,43.350491 143.537796,42.407600 138.243927,41.811802 
	C125.570335,40.385441 118.056641,46.767101 118.022736,59.628220 
	C117.983665,74.452492 113.535149,87.517159 105.319397,99.877411 
	C100.421455,107.246155 96.902420,115.694916 93.785927,124.039993 
	C90.426460,133.035675 89.794205,142.580902 92.182739,152.061646 
	C92.725327,154.215317 93.945648,156.198212 94.854019,158.259720 
	C99.812965,147.564133 99.950974,135.798874 108.229752,126.296242 
	C108.959877,128.302811 109.308533,129.260986 109.818291,130.661926 
	C110.918777,128.620773 111.846375,126.900299 113.039825,124.500801 
M388.998810,148.469238 
	C395.417694,156.909653 404.092072,161.209595 414.462311,162.617783 
	C434.041718,165.276505 451.796661,152.948807 455.710693,133.848679 
	C459.746735,114.153061 448.947601,95.724632 430.284546,90.459663 
	C414.612701,86.038536 397.974884,91.232773 388.996277,103.349609 
	C379.630188,115.989357 379.462677,133.619888 388.998810,148.469238 
M522.597839,105.177139 
	C522.085266,106.033791 521.525940,106.866211 521.066956,107.750679 
	C513.465881,122.399292 516.032410,141.170151 527.142639,152.278717 
	C538.201965,163.336380 557.194824,166.131668 571.717957,158.839111 
	C585.967041,151.684174 593.450195,136.250320 590.847290,119.385345 
	C588.626282,104.995132 578.217590,93.581261 564.201660,90.166595 
	C547.922302,86.200493 532.763000,91.496452 522.597839,105.177139 
M684.032837,106.732918 
	C683.445129,103.285469 685.469666,103.065948 688.156311,103.092705 
	C698.415283,103.194885 708.675903,103.133987 718.939087,103.133987 
	C718.939087,98.452682 718.939087,94.385956 718.939087,90.355042 
	C702.152954,90.355042 685.737427,90.355042 669.271057,90.355042 
	C669.271057,114.164322 669.271057,137.680557 669.271057,161.271729 
	C686.046204,161.271729 702.441589,161.271729 719.012451,161.271729 
	C719.012451,156.874619 719.012451,152.795120 719.012451,148.222687 
	C707.320923,148.222687 695.913452,148.222687 684.392578,148.222687 
	C684.392578,142.513443 684.392578,137.303375 684.392578,131.652191 
	C694.489258,131.652191 704.230103,131.652191 714.013428,131.652191 
	C714.013428,127.158066 714.013428,123.121239 714.013428,118.592880 
	C703.859314,118.592880 694.109131,118.592880 684.032104,118.592880 
	C684.032104,114.621964 684.032104,111.148163 684.032837,106.732918 
M371.240631,151.943207 
	C371.786163,148.597565 369.957153,148.178986 367.153412,148.214203 
	C356.898224,148.343063 346.640411,148.265213 336.240967,148.265213 
	C336.240967,142.539978 336.240967,137.455307 336.240967,131.948975 
	C346.224335,131.948975 355.983673,131.948975 366.038757,131.948975 
	C366.038757,127.432701 366.038757,123.338089 366.038757,118.608040 
	C355.991669,118.608040 346.104279,118.608040 336.254456,118.608040 
	C336.254456,113.196114 336.254456,108.421135 336.254456,103.200500 
	C347.915771,103.200500 359.341522,103.200500 371.000854,103.200500 
	C371.000854,98.644424 371.000854,94.540375 371.000854,90.432434 
	C354.212524,90.432434 337.660126,90.432434 320.864166,90.432434 
	C320.864166,113.603333 320.861237,136.406586 320.879608,159.209839 
	C320.880096,159.836441 321.109802,160.462845 321.249084,161.173416 
	C337.919037,161.173416 354.434967,161.173416 371.242279,161.173416 
	C371.242279,158.115326 371.242279,155.467270 371.240631,151.943207 
M603.060181,161.389618 
	C607.652405,161.389618 612.244690,161.389618 617.392090,161.389618 
	C617.392090,152.636322 617.392090,144.412415 617.392090,135.910034 
	C624.446167,135.910034 630.939514,136.169220 637.405029,135.854904 
	C650.000000,135.242630 658.510315,126.942253 659.278503,114.936554 
	C660.106445,101.997902 652.979492,91.921394 640.147705,90.752937 
	C627.676575,89.617332 615.021118,90.506416 602.301208,90.506416 
	C602.301208,114.062737 602.301208,137.471497 603.060181,161.389618 
M309.101654,102.498032 
	C298.803802,89.514153 282.481750,85.416245 266.430634,91.784790 
	C251.010773,97.902870 242.515259,112.495918 244.038574,130.248459 
	C245.377319,145.850067 257.301056,158.966461 272.851715,161.943573 
	C289.742004,165.177155 304.086365,159.025726 311.378265,145.064011 
	C307.223572,143.062332 303.080719,141.066330 299.001709,139.101105 
	C289.248718,150.707367 276.255829,152.454437 266.792999,143.636719 
	C257.223663,134.719742 257.001434,117.663445 266.335358,108.513657 
	C275.804810,99.231003 288.571533,100.722153 299.072052,112.630707 
	C303.066772,110.648743 307.161896,108.616959 311.500885,106.464172 
	C310.692963,105.048210 310.126740,104.055855 309.101654,102.498032 
M494.255676,121.501007 
	C494.255676,115.729591 494.255676,109.958176 494.255676,103.618027 
	C501.425934,103.618027 508.008270,103.618027 514.706482,103.618027 
	C514.706482,98.826797 514.706482,94.617699 514.706482,90.505981 
	C495.658813,90.505981 476.966095,90.505981 458.421265,90.505981 
	C458.421265,95.012268 458.421265,99.087830 458.421265,103.637825 
	C465.353424,103.637825 471.939758,103.637825 479.103546,103.637825 
	C479.103546,123.149925 479.103546,142.177582 479.103546,161.231476 
	C484.425018,161.231476 489.149567,161.231476 494.255646,161.231476 
	C494.255646,148.086502 494.255646,135.293671 494.255676,121.501007 
M230.125473,161.566223 
	C233.703751,161.894409 233.063644,159.313644 233.064743,157.242645 
	C233.076050,135.930450 233.073151,114.618248 233.058731,93.306061 
	C233.058090,92.357948 232.908936,91.409943 232.822891,90.389877 
	C227.749695,90.389877 223.027481,90.389877 218.150208,90.389877 
	C218.150208,114.130951 218.150208,137.552963 218.150208,161.572388 
	C221.948288,161.572388 225.574539,161.572388 230.125473,161.566223 
M164.179413,195.064209 
	C155.206024,192.982437 147.718842,195.201767 142.346878,201.617310 
	C147.607819,202.605606 152.892242,203.603821 158.180389,204.581879 
	C158.633362,204.665649 159.149765,204.739105 159.571381,204.607727 
	C163.300323,203.445694 167.014481,202.236282 171.713898,200.725525 
	C169.330856,198.818130 167.132309,197.058395 164.179413,195.064209 
M130.337860,202.863953 
	C126.362038,195.631897 119.580536,194.092148 112.219749,194.431992 
	C107.326767,194.657898 102.897690,196.314133 101.562149,201.129257 
	C105.401726,202.260880 108.911667,203.354797 112.461777,204.297424 
	C113.287903,204.516769 114.401863,204.504135 115.126076,204.116959 
	C119.826103,201.604156 124.664604,201.675964 130.337860,202.863953 
M731.226440,64.848640 
	C726.128052,66.026108 723.524292,69.519676 723.344421,74.460236 
	C723.187317,78.773651 725.374023,82.165359 729.500977,83.872986 
	C733.608765,85.572701 737.403870,84.719124 740.529358,81.638855 
	C743.564392,78.647690 744.166748,74.825706 742.691711,71.008949 
	C740.856689,66.260765 737.067566,64.218399 731.226440,64.848640 
z"/>
<path fill="#FCFEFC" opacity="1.000000" stroke="none" 
	d="
M112.906898,124.840317 
	C111.846375,126.900299 110.918777,128.620773 109.818291,130.661926 
	C109.308533,129.260986 108.959877,128.302811 108.229752,126.296242 
	C99.950974,135.798874 99.812965,147.564133 94.854019,158.259720 
	C93.945648,156.198212 92.725327,154.215317 92.182739,152.061646 
	C89.794205,142.580902 90.426460,133.035675 93.785927,124.039993 
	C96.902420,115.694916 100.421455,107.246155 105.319397,99.877411 
	C113.535149,87.517159 117.983665,74.452492 118.022736,59.628220 
	C118.056641,46.767101 125.570335,40.385441 138.243927,41.811802 
	C143.537796,42.407600 148.804108,43.350491 154.111542,43.694000 
	C159.124542,44.018459 164.175049,43.763672 168.920456,43.763672 
	C165.045532,47.283367 160.577286,50.742943 156.832520,54.860493 
	C147.219208,65.430824 147.332184,73.847603 156.260880,84.911598 
	C163.258575,93.582802 170.496643,102.145767 176.600922,111.431931 
	C185.545639,125.039093 187.218918,140.265900 183.695709,156.051437 
	C183.192810,158.304672 181.913666,160.384659 180.222748,162.471085 
	C176.346512,151.889221 177.461304,140.125351 171.294830,130.542221 
	C170.851990,130.600098 170.409134,130.657959 169.966278,130.715836 
	C170.143707,132.863068 170.230255,135.022354 170.513748,137.155502 
	C171.995651,148.305756 172.340332,159.418869 169.025558,170.326767 
	C162.660080,191.273636 136.976288,201.248352 118.364151,189.593216 
	C114.229378,187.003952 110.708611,182.608566 108.304588,178.269440 
	C104.440804,171.295502 104.224388,163.351318 104.831680,155.878235 
	C107.401886,158.516693 109.579048,161.973892 112.709930,163.748230 
	C124.517387,170.439697 138.197800,162.709824 138.999146,148.865677 
	C139.292664,143.795197 137.649475,138.639572 137.611115,133.517380 
	C137.527832,122.394936 137.333862,111.215645 138.358856,100.168488 
	C138.825775,95.136078 141.757324,90.199341 144.145340,85.511810 
	C147.135468,79.642357 146.323013,76.673347 140.127869,74.336700 
	C137.549347,73.364143 134.902634,72.572342 131.240753,71.348793 
	C133.863937,69.384895 135.744339,68.148209 137.426117,66.683464 
	C141.290909,63.317448 145.484528,60.196167 148.739792,56.302612 
	C151.661377,52.808167 150.338715,49.069271 146.033539,47.570004 
	C135.759644,43.992142 123.745537,45.304653 122.038940,61.191090 
	C120.813957,72.594200 121.485474,84.220741 119.959526,95.565834 
	C118.644318,105.344162 115.420052,114.865723 112.906898,124.840317 
z"/>
<path fill="#FCFEFC" opacity="1.000000" stroke="none" 
	d="
M388.785950,148.181137 
	C379.462677,133.619888 379.630188,115.989357 388.996277,103.349609 
	C397.974884,91.232773 414.612701,86.038536 430.284546,90.459663 
	C448.947601,95.724632 459.746735,114.153061 455.710693,133.848679 
	C451.796661,152.948807 434.041718,165.276505 414.462311,162.617783 
	C404.092072,161.209595 395.417694,156.909653 388.785950,148.181137 
M438.313660,114.417740 
	C435.284363,108.164856 430.443146,104.172935 423.558624,102.954430 
	C407.005096,100.024574 395.376129,112.567734 397.910034,130.540695 
	C399.411407,141.189804 407.288269,148.660309 417.514709,149.133881 
	C429.035065,149.667389 438.139130,143.308212 439.829132,132.178360 
	C440.666107,126.666550 439.149261,120.797325 438.313660,114.417740 
z"/>
<path fill="#FCFEFC" opacity="1.000000" stroke="none" 
	d="
M522.792969,104.870911 
	C532.763000,91.496452 547.922302,86.200493 564.201660,90.166595 
	C578.217590,93.581261 588.626282,104.995132 590.847290,119.385345 
	C593.450195,136.250320 585.967041,151.684174 571.717957,158.839111 
	C557.194824,166.131668 538.201965,163.336380 527.142639,152.278717 
	C516.032410,141.170151 513.465881,122.399292 521.066956,107.750679 
	C521.525940,106.866211 522.085266,106.033791 522.792969,104.870911 
M574.272888,134.528503 
	C574.671204,132.748642 575.187683,130.985931 575.448975,129.186157 
	C577.443665,115.443413 569.056885,103.922493 556.164185,102.627724 
	C543.066956,101.312408 533.353271,110.181168 532.353455,124.367409 
	C531.538818,135.925720 538.108459,145.946686 548.234924,148.592072 
	C559.307739,151.484680 569.040527,146.465210 574.272888,134.528503 
z"/>
<path fill="#FBFDFB" opacity="1.000000" stroke="none" 
	d="
M684.032471,107.203644 
	C684.032104,111.148163 684.032104,114.621964 684.032104,118.592880 
	C694.109131,118.592880 703.859314,118.592880 714.013428,118.592880 
	C714.013428,123.121239 714.013428,127.158066 714.013428,131.652191 
	C704.230103,131.652191 694.489258,131.652191 684.392578,131.652191 
	C684.392578,137.303375 684.392578,142.513443 684.392578,148.222687 
	C695.913452,148.222687 707.320923,148.222687 719.012451,148.222687 
	C719.012451,152.795120 719.012451,156.874619 719.012451,161.271729 
	C702.441589,161.271729 686.046204,161.271729 669.271057,161.271729 
	C669.271057,137.680557 669.271057,114.164322 669.271057,90.355042 
	C685.737427,90.355042 702.152954,90.355042 718.939087,90.355042 
	C718.939087,94.385956 718.939087,98.452682 718.939087,103.133987 
	C708.675903,103.133987 698.415283,103.194885 688.156311,103.092705 
	C685.469666,103.065948 683.445129,103.285469 684.032471,107.203644 
z"/>
<path fill="#FBFDFB" opacity="1.000000" stroke="none" 
	d="
M371.241455,152.381210 
	C371.242279,155.467270 371.242279,158.115326 371.242279,161.173416 
	C354.434967,161.173416 337.919037,161.173416 321.249084,161.173416 
	C321.109802,160.462845 320.880096,159.836441 320.879608,159.209839 
	C320.861237,136.406586 320.864166,113.603333 320.864166,90.432434 
	C337.660126,90.432434 354.212524,90.432434 371.000854,90.432434 
	C371.000854,94.540375 371.000854,98.644424 371.000854,103.200500 
	C359.341522,103.200500 347.915771,103.200500 336.254456,103.200500 
	C336.254456,108.421135 336.254456,113.196114 336.254456,118.608040 
	C346.104279,118.608040 355.991669,118.608040 366.038757,118.608040 
	C366.038757,123.338089 366.038757,127.432701 366.038757,131.948975 
	C355.983673,131.948975 346.224335,131.948975 336.240967,131.948975 
	C336.240967,137.455307 336.240967,142.539978 336.240967,148.265213 
	C346.640411,148.265213 356.898224,148.343063 367.153412,148.214203 
	C369.957153,148.178986 371.786163,148.597565 371.241455,152.381210 
z"/>
<path fill="#FCFEFD" opacity="1.000000" stroke="none" 
	d="
M602.680664,161.134933 
	C602.301208,137.471497 602.301208,114.062737 602.301208,90.506416 
	C615.021118,90.506416 627.676575,89.617332 640.147705,90.752937 
	C652.979492,91.921394 660.106445,101.997902 659.278503,114.936554 
	C658.510315,126.942253 650.000000,135.242630 637.405029,135.854904 
	C630.939514,136.169220 624.446167,135.910034 617.392090,135.910034 
	C617.392090,144.412415 617.392090,152.636322 617.392090,161.389618 
	C612.244690,161.389618 607.652405,161.389618 602.680664,161.134933 
M643.219849,116.446297 
	C644.647766,109.890717 642.629883,104.929848 636.913208,103.975677 
	C630.525208,102.909447 623.907532,103.219551 617.505859,102.935814 
	C617.505859,110.225533 617.505859,116.453491 617.505859,122.927307 
	C623.169128,122.927307 628.469543,123.050911 633.761108,122.887314 
	C637.829285,122.761528 641.127136,121.056129 643.219849,116.446297 
z"/>
<path fill="#FBFEFC" opacity="1.000000" stroke="none" 
	d="
M309.331085,102.780762 
	C310.126740,104.055855 310.692963,105.048210 311.500885,106.464172 
	C307.161896,108.616959 303.066772,110.648743 299.072052,112.630707 
	C288.571533,100.722153 275.804810,99.231003 266.335358,108.513657 
	C257.001434,117.663445 257.223663,134.719742 266.792999,143.636719 
	C276.255829,152.454437 289.248718,150.707367 299.001709,139.101105 
	C303.080719,141.066330 307.223572,143.062332 311.378265,145.064011 
	C304.086365,159.025726 289.742004,165.177155 272.851715,161.943573 
	C257.301056,158.966461 245.377319,145.850067 244.038574,130.248459 
	C242.515259,112.495918 251.010773,97.902870 266.430634,91.784790 
	C282.481750,85.416245 298.803802,89.514153 309.331085,102.780762 
z"/>
<path fill="#FBFDFB" opacity="1.000000" stroke="none" 
	d="
M494.255676,122.000923 
	C494.255646,135.293671 494.255646,148.086502 494.255646,161.231476 
	C489.149567,161.231476 484.425018,161.231476 479.103546,161.231476 
	C479.103546,142.177582 479.103546,123.149925 479.103546,103.637825 
	C471.939758,103.637825 465.353424,103.637825 458.421265,103.637825 
	C458.421265,99.087830 458.421265,95.012268 458.421265,90.505981 
	C476.966095,90.505981 495.658813,90.505981 514.706482,90.505981 
	C514.706482,94.617699 514.706482,98.826797 514.706482,103.618027 
	C508.008270,103.618027 501.425934,103.618027 494.255676,103.618027 
	C494.255676,109.958176 494.255676,115.729591 494.255676,122.000923 
z"/>
<path fill="#FDFEFE" opacity="1.000000" stroke="none" 
	d="
M229.663132,161.569305 
	C225.574539,161.572388 221.948288,161.572388 218.150208,161.572388 
	C218.150208,137.552963 218.150208,114.130951 218.150208,90.389877 
	C223.027481,90.389877 227.749695,90.389877 232.822891,90.389877 
	C232.908936,91.409943 233.058090,92.357948 233.058731,93.306061 
	C233.073151,114.618248 233.076050,135.930450 233.064743,157.242645 
	C233.063644,159.313644 233.703751,161.894409 229.663132,161.569305 
z"/>
<path fill="#F6FCF7" opacity="1.000000" stroke="none" 
	d="
M164.556580,195.181442 
	C167.132309,197.058395 169.330856,198.818130 171.713898,200.725525 
	C167.014481,202.236282 163.300323,203.445694 159.571381,204.607727 
	C159.149765,204.739105 158.633362,204.665649 158.180389,204.581879 
	C152.892242,203.603821 147.607819,202.605606 142.346878,201.617310 
	C147.718842,195.201767 155.206024,192.982437 164.556580,195.181442 
z"/>
<path fill="#F6FCF7" opacity="1.000000" stroke="none" 
	d="
M129.980530,202.955292 
	C124.664604,201.675964 119.826103,201.604156 115.126076,204.116959 
	C114.401863,204.504135 113.287903,204.516769 112.461777,204.297424 
	C108.911667,203.354797 105.401726,202.260880 101.562149,201.129257 
	C102.897690,196.314133 107.326767,194.657898 112.219749,194.431992 
	C119.580536,194.092148 126.362038,195.631897 129.980530,202.955292 
z"/>
<path fill="#E4F5E6" opacity="1.000000" stroke="none" 
	d="
M731.595337,64.794128 
	C737.067566,64.218399 740.856689,66.260765 742.691711,71.008949 
	C744.166748,74.825706 743.564392,78.647690 740.529358,81.638855 
	C737.403870,84.719124 733.608765,85.572701 729.500977,83.872986 
	C725.374023,82.165359 723.187317,78.773651 723.344421,74.460236 
	C723.524292,69.519676 726.128052,66.026108 731.595337,64.794128 
M728.288940,80.707565 
	C731.734192,83.187164 735.147949,83.221375 739.082092,80.077385 
	C742.006226,76.542015 742.186829,72.768684 739.220459,69.365616 
	C736.377930,66.104652 732.742737,65.878197 728.372437,68.392281 
	C724.527832,73.024284 724.423035,75.502693 728.288940,80.707565 
z"/>
<path fill="#3BB64C" opacity="1.000000" stroke="none" 
	d="
M438.505524,114.753777 
	C439.149261,120.797325 440.666107,126.666550 439.829132,132.178360 
	C438.139130,143.308212 429.035065,149.667389 417.514709,149.133881 
	C407.288269,148.660309 399.411407,141.189804 397.910034,130.540695 
	C395.376129,112.567734 407.005096,100.024574 423.558624,102.954430 
	C430.443146,104.172935 435.284363,108.164856 438.505524,114.753777 
z"/>
<path fill="#3BB64C" opacity="1.000000" stroke="none" 
	d="
M574.156982,134.905807 
	C569.040527,146.465210 559.307739,151.484680 548.234924,148.592072 
	C538.108459,145.946686 531.538818,135.925720 532.353455,124.367409 
	C533.353271,110.181168 543.066956,101.312408 556.164185,102.627724 
	C569.056885,103.922493 577.443665,115.443413 575.448975,129.186157 
	C575.187683,130.985931 574.671204,132.748642 574.156982,134.905807 
z"/>
<path fill="#3FB74F" opacity="1.000000" stroke="none" 
	d="
M643.099121,116.814545 
	C641.127136,121.056129 637.829285,122.761528 633.761108,122.887314 
	C628.469543,123.050911 623.169128,122.927307 617.505859,122.927307 
	C617.505859,116.453491 617.505859,110.225533 617.505859,102.935814 
	C623.907532,103.219551 630.525208,102.909447 636.913208,103.975677 
	C642.629883,104.929848 644.647766,109.890717 643.099121,116.814545 
z"/>
<path fill="#46BA56" opacity="1.000000" stroke="none" 
	d="
M729.023010,68.155869 
	C732.742737,65.878197 736.377930,66.104652 739.220459,69.365616 
	C742.186829,72.768684 742.006226,76.542015 738.640564,80.152237 
	C738.199036,80.227097 737.867004,79.881966 737.778809,79.574722 
	C736.655457,77.401123 734.693665,75.756500 736.911865,73.267632 
	C737.195068,72.949883 735.679016,70.152496 734.495728,69.622963 
	C732.974670,68.942329 730.947510,69.392784 729.115479,69.055374 
	C729.069397,68.555138 729.046204,68.355507 729.023010,68.155869 
z"/>
<path fill="#52BF61" opacity="1.000000" stroke="none" 
	d="
M728.697754,68.274078 
	C729.046204,68.355507 729.069397,68.555138 729.061401,69.486687 
	C729.052124,73.465172 729.074097,76.711746 728.792236,79.980392 
	C728.285583,80.014282 728.082825,80.026108 727.880066,80.037926 
	C724.423035,75.502693 724.527832,73.024284 728.697754,68.274078 
z"/>
<path fill="#46BA56" opacity="1.000000" stroke="none" 
	d="
M728.084473,80.372742 
	C728.082825,80.026108 728.285583,80.014282 729.176025,79.978836 
	C730.502441,78.647247 731.141235,77.339294 731.732605,76.128464 
	C733.773193,77.377068 735.820129,78.629517 737.867004,79.881966 
	C737.867004,79.881966 738.199036,80.227097 738.363159,80.401512 
	C735.147949,83.221375 731.734192,83.187164 728.084473,80.372742 
z"/>
<path fill="#F0F9F1" opacity="1.000000" stroke="none" 
	d="
M737.778809,79.574722 
	C735.820129,78.629517 733.773193,77.377068 731.732605,76.128464 
	C731.141235,77.339294 730.502441,78.647247 729.479858,79.956764 
	C729.074097,76.711746 729.052124,73.465172 729.084290,69.787292 
	C730.947510,69.392784 732.974670,68.942329 734.495728,69.622963 
	C735.679016,70.152496 737.195068,72.949883 736.911865,73.267632 
	C734.693665,75.756500 736.655457,77.401123 737.778809,79.574722 
z"/>
</svg>