<svg version="1.1" id="Layer_1" xmlns="http://www.w3.org/2000/svg" xmlns:xlink="http://www.w3.org/1999/xlink" x="0px" y="0px"
	 width="100%" viewBox="0 0 400 400" enable-background="new 0 0 400 400" xml:space="preserve">
<path fill="#29A3AB" opacity="1.000000" stroke="none" 
	d="
M226.000000,401.000000 
	C150.690048,401.000000 75.880096,401.000000 1.035072,401.000000 
	C1.035072,267.731720 1.035072,134.463425 1.035072,1.097562 
	C134.226578,1.097562 267.453247,1.097562 400.839966,1.097562 
	C400.839966,134.333176 400.839966,267.666565 400.839966,401.000000 
	C342.796844,401.000000 284.648407,401.000000 226.000000,401.000000 
M300.782043,189.603180 
	C300.575836,190.315216 300.369629,191.027252 300.349274,191.747513 
	C300.349274,191.747513 300.341339,191.933365 299.798370,192.292923 
	C298.884644,193.126633 297.970886,193.960327 295.990967,195.766830 
	C295.990967,189.454895 296.118774,184.372238 295.955139,179.298996 
	C295.790466,174.194534 295.335907,169.099426 294.611206,163.369217 
	C287.878052,160.784500 286.112213,161.844620 286.117920,168.437759 
	C286.123627,175.056595 286.105133,181.675461 286.100067,188.294312 
	C286.097076,192.195816 286.099548,196.097305 286.099548,200.130890 
	C288.348206,200.130890 289.735443,200.130890 291.401947,200.628723 
	C293.788483,200.042603 296.175049,199.456467 298.929596,199.568848 
	C303.596436,201.999878 306.921448,200.398834 308.420135,195.047241 
	C309.101379,192.614685 308.994873,189.662354 313.093628,190.076584 
	C316.578918,190.428818 319.865662,189.840439 321.150208,194.623474 
	C323.143555,202.045792 323.444183,201.965057 331.495270,199.066025 
	C328.003845,187.554886 324.767151,175.918289 320.689056,164.584442 
	C320.141388,163.062408 315.371429,162.710281 312.512482,162.534256 
	C311.300720,162.459641 309.256500,163.985123 308.819733,165.218567 
	C306.390259,172.079926 304.338196,179.074905 301.770386,186.571884 
	C301.545746,187.434525 301.321075,188.297150 301.010925,189.034149 
	C301.010925,189.034149 301.136597,188.948746 300.782043,189.603180 
M52.803947,226.094238 
	C55.182644,225.495193 57.561337,224.896149 59.940033,224.297104 
	C57.621017,223.864578 55.302002,223.432068 52.231281,222.853165 
	C51.470570,222.909225 50.709854,222.965286 49.377357,222.413986 
	C49.377357,219.659866 49.377357,216.905746 49.377357,214.312866 
	C53.297371,212.226990 58.370689,215.797241 62.352509,210.592987 
	C56.029980,210.592987 50.725689,210.592987 45.293686,210.592987 
	C45.293686,220.461426 45.293686,230.143021 45.293686,240.169220 
	C50.005733,240.169220 54.313778,240.278503 58.608425,240.087036 
	C59.595390,240.043045 60.536301,238.966019 61.498398,238.364395 
	C60.464081,237.816696 59.459080,236.876480 58.389824,236.796631 
	C55.461880,236.577942 52.506889,236.721298 49.113605,236.721298 
	C49.113605,232.800278 49.113605,229.516281 49.694775,226.148590 
	C50.470547,226.071854 51.246319,225.995117 52.803947,226.094238 
M218.208984,238.520737 
	C219.300354,239.150497 220.391724,239.780273 222.404587,240.941772 
	C222.404587,237.296997 222.130997,234.800781 222.497803,232.402496 
	C222.755539,230.717361 223.885208,229.165604 224.625519,227.554276 
	C226.654236,228.638184 229.256256,229.274017 230.551483,230.931213 
	C231.864227,232.610840 231.595322,235.438538 232.578674,237.495987 
	C233.190704,238.776520 234.841354,239.560623 236.025879,240.567520 
	C236.509918,240.174850 236.993973,239.782181 237.478012,239.389526 
	C236.014221,234.750992 234.550430,230.112457 232.997208,225.190506 
	C236.001740,222.836853 237.642517,219.358765 235.962555,215.059494 
	C234.216171,210.590195 230.136566,210.049942 226.038956,209.904739 
	C223.570984,209.817276 221.095184,209.951401 218.115326,210.668304 
	C218.076385,219.753967 218.037445,228.839630 218.208984,238.520737 
M121.592239,210.065048 
	C118.615456,209.673096 118.418388,211.564758 118.437645,213.781448 
	C118.484123,219.132690 118.452721,224.484619 118.452721,229.836258 
	C116.426727,228.763382 115.474121,227.505692 114.644058,226.171753 
	C111.743385,221.510208 108.982613,216.757172 105.935455,212.194641 
	C105.254250,211.174667 103.680855,210.497650 102.404564,210.251160 
	C101.886314,210.151077 100.466019,211.627182 100.471916,212.378113 
	C100.544731,221.645538 100.805550,230.911469 101.400581,240.496078 
	C102.267342,240.334839 103.134109,240.173615 104.151123,239.234680 
	C104.213440,238.180817 104.275757,237.126938 104.672653,235.314453 
	C104.803810,233.216644 104.741005,231.083344 105.116814,229.030319 
	C105.554733,226.638000 106.376221,224.315903 107.468994,222.494812 
	C110.470566,227.381073 113.584496,232.203201 116.426430,237.180618 
	C117.852715,239.678604 119.594261,240.786346 122.925514,239.342422 
	C123.191444,230.401962 123.496933,221.462204 123.658882,212.519867 
	C123.674187,211.674850 122.787857,210.813522 121.592239,210.065048 
M223.094406,163.406189 
	C223.094406,165.363861 223.094406,167.321518 223.094406,169.577698 
	C226.447464,169.820908 229.368317,170.032761 233.024109,170.297928 
	C233.024109,180.542740 233.024109,190.590668 233.024109,200.552673 
	C240.722870,201.179596 241.275467,200.672668 241.267822,193.849487 
	C241.259109,186.073151 241.265823,178.296799 241.265823,170.318680 
	C244.800583,170.054138 247.709732,169.836411 250.844559,169.601791 
	C250.844559,166.930481 250.844559,164.633987 250.177841,161.882034 
	C242.503708,161.601471 234.830887,161.240326 227.154221,161.116852 
	C225.819595,161.095383 224.468826,162.077499 223.094406,163.406189 
M63.232418,198.274399 
	C63.492336,191.013367 63.548138,183.735703 64.137672,176.501526 
	C64.312477,174.356476 65.989517,172.333817 67.768959,170.099808 
	C69.063904,169.958939 70.358849,169.818054 72.629997,169.570984 
	C72.004997,166.902832 71.445396,164.513885 70.195023,161.711929 
	C61.817093,161.860565 53.439163,162.009216 44.654598,162.814453 
	C41.311646,172.478241 49.764713,169.105255 53.981167,170.520462 
	C53.981167,178.821152 53.882275,186.774048 54.050564,194.721298 
	C54.092739,196.712891 54.870029,200.325302 55.521854,200.374435 
	C57.900829,200.553711 60.369617,199.541168 63.232418,198.274399 
M168.886429,199.511795 
	C169.329025,199.948090 169.779144,200.771347 170.213135,200.762955 
	C177.401993,200.623459 184.588806,200.379562 191.809387,200.157990 
	C191.809387,197.075897 191.809387,195.127289 191.809387,192.402130 
	C186.849594,192.402130 182.146835,192.402130 177.488403,192.402130 
	C177.488403,189.226440 177.488403,186.835800 177.488403,184.018768 
	C181.816757,184.018768 185.761322,184.018768 190.052902,184.018768 
	C190.052902,181.520187 190.052902,179.456253 190.052902,176.783356 
	C185.643112,176.783356 181.578156,176.783356 177.539642,176.783356 
	C177.539642,174.121643 177.539642,172.075287 177.539642,170.153152 
	C178.275131,169.942139 178.593124,169.777313 178.914429,169.770615 
	C181.078156,169.725372 183.242599,169.716293 185.406769,169.690643 
	C191.758118,169.615372 192.095901,169.141800 190.423523,163.031631 
	C183.091965,163.031631 175.837997,163.031631 168.094193,162.921494 
	C167.829453,163.088745 167.333725,163.254959 167.332962,163.423416 
	C167.282089,174.521530 167.248886,185.619934 167.308289,196.717819 
	C167.312149,197.439423 168.054581,198.157043 168.886429,199.511795 
M123.742218,198.908371 
	C126.375900,199.314819 129.009583,199.721268 132.971588,200.332703 
	C130.674423,193.354355 128.802292,187.667236 126.766098,181.481674 
	C130.693314,178.840530 132.317200,174.347214 130.492401,169.049316 
	C128.524170,163.334961 123.336914,162.496658 118.269012,162.280350 
	C114.007309,162.098434 109.716568,162.597015 104.919487,162.818298 
	C104.919487,169.286606 104.919495,175.239136 104.919495,181.191681 
	C104.919495,187.287231 104.919487,193.382782 104.919487,199.599899 
	C108.016365,199.599899 110.417137,199.599899 113.507843,199.599899 
	C113.507843,194.743668 113.507843,190.178116 113.507843,185.740784 
	C118.060760,184.656082 120.198067,186.429398 121.168488,190.023499 
	C121.904228,192.748413 122.609215,195.481613 123.742218,198.908371 
M144.523926,199.741913 
	C144.854172,195.148987 145.184418,190.556076 145.511642,186.005188 
	C150.973389,184.910522 151.957520,185.805649 153.901703,193.467102 
	C155.751526,200.756744 156.391388,201.125092 164.000717,198.998703 
	C163.293640,196.136475 162.765182,193.198425 161.821945,190.400177 
	C160.848602,187.512619 159.471771,184.761078 158.226898,181.845673 
	C159.119125,180.933350 160.313736,179.985748 161.166534,178.793625 
	C165.455490,172.798080 162.584717,164.212189 154.738419,162.371017 
	C149.268707,161.087540 143.254684,162.123734 137.256073,162.123734 
	C137.256073,175.685913 137.256073,188.063782 137.256073,201.009293 
	C139.730789,200.769913 141.809082,200.568863 144.523926,199.741913 
M265.263000,185.295547 
	C270.750763,185.211502 270.778137,189.704071 271.756622,193.231888 
	C273.833588,200.719971 273.762421,200.739700 282.371216,199.199921 
	C280.462585,193.396790 278.589386,187.701294 276.549164,181.498077 
	C280.175629,178.735306 282.370941,174.520905 280.305725,169.052322 
	C278.173889,163.407318 273.101166,162.516907 268.045410,162.276932 
	C263.817261,162.076248 259.555145,162.591003 255.366089,162.786224 
	C255.366089,175.542801 255.366089,187.563293 255.366089,199.525116 
	C258.084015,199.525116 260.331482,199.525116 263.087677,199.525116 
	C263.087677,197.221466 262.931580,195.249695 263.125702,193.313019 
	C263.391205,190.663971 263.922943,188.041611 265.263000,185.295547 
M80.824661,199.925995 
	C85.816849,199.921936 90.811905,199.815308 95.800079,199.954666 
	C98.526085,200.030823 99.679573,199.123093 99.742989,196.272598 
	C99.810928,193.219284 98.235344,192.604584 95.723961,192.639587 
	C92.282677,192.687576 88.840218,192.651581 85.360397,192.651581 
	C85.360397,189.525787 85.360397,186.983261 85.360397,184.043823 
	C89.701836,184.043823 93.648323,184.043823 97.913635,184.043823 
	C97.913635,181.548981 97.913635,179.461426 97.913635,176.832642 
	C93.522903,176.832642 89.436523,176.832642 85.335037,176.832642 
	C85.335037,174.224335 85.335037,172.176971 85.335037,169.641388 
	C89.974030,169.641388 94.235397,169.641388 98.762901,169.641388 
	C98.762901,167.082458 98.762901,165.024551 98.762901,162.719086 
	C91.235161,162.719086 84.028572,162.719086 76.391731,162.719086 
	C76.391731,174.395538 76.302536,185.682983 76.544456,196.963348 
	C76.566101,197.972717 78.734146,198.936050 80.824661,199.925995 
M203.473648,183.068924 
	C205.005737,183.717560 206.795670,184.062424 208.006134,185.089951 
	C209.601257,186.443985 210.741241,188.334183 212.076904,189.993866 
	C210.064392,191.036957 208.105423,192.788803 206.025970,192.945892 
	C203.352890,193.147812 200.583115,192.069763 197.882660,191.548431 
	C195.190125,198.468033 195.573135,199.407486 202.789398,200.002548 
	C206.340790,200.295395 210.121201,199.957153 213.553909,199.015121 
	C218.138321,197.757065 220.595535,194.170395 220.925018,189.369354 
	C221.245651,184.697495 219.005173,181.366974 215.027344,179.199783 
	C212.841949,178.009109 210.334000,177.356323 208.282898,175.992645 
	C206.952164,175.107864 206.183380,173.377899 205.162827,172.026611 
	C206.731110,171.057632 208.232941,169.439438 209.883118,169.270538 
	C212.411270,169.011780 215.041595,169.751389 217.560501,170.058945 
	C220.000534,163.466263 219.517624,162.644989 212.947250,162.075317 
	C211.460098,161.946365 209.948669,161.967758 208.456131,162.053848 
	C202.612717,162.390945 198.185516,165.421234 196.855209,169.925720 
	C195.316833,175.134781 197.019241,178.802948 203.473648,183.068924 
M335.858215,196.280396 
	C336.035034,197.709229 336.211853,199.138077 336.431488,200.912872 
	C341.936615,200.912872 347.059509,200.964127 352.180969,200.899979 
	C358.708801,200.818222 359.569550,199.659058 358.016632,192.587601 
	C353.743011,192.587601 349.330963,192.587601 344.132629,192.587601 
	C344.132629,182.208099 344.132629,172.378143 344.132629,162.638763 
	C335.899902,162.130157 335.887939,162.130142 335.874115,169.409256 
	C335.857758,178.046341 335.864655,186.683441 335.858215,196.280396 
M297.688202,238.653534 
	C297.688202,234.072220 297.688202,229.490921 297.688202,224.674911 
	C296.503540,224.516937 295.503784,224.151855 294.594269,224.309067 
	C292.498138,224.671341 290.445892,225.287277 288.375824,225.800293 
	C290.037994,226.767746 291.700165,227.735199 294.403290,229.308533 
	C293.915161,231.210541 293.112885,236.171524 292.573517,236.143112 
	C288.824158,235.945541 284.621216,235.523422 281.549744,233.599335 
	C277.964020,231.353088 277.516541,224.159180 279.507904,219.724457 
	C281.641205,214.973679 285.625885,213.441879 290.469727,213.524521 
	C291.789825,213.547028 293.115875,214.045227 294.418518,213.969437 
	C295.248230,213.921188 296.039856,213.218384 296.848572,212.809082 
	C296.221649,212.018799 295.710602,210.686752 294.949432,210.523926 
	C288.839569,209.216934 282.935455,209.528961 278.280090,214.358200 
	C273.330627,219.492538 272.945648,225.693649 275.277405,232.012543 
	C277.418243,237.814041 282.130035,240.455246 288.176483,240.365723 
	C291.118011,240.322189 294.049194,239.582016 297.688202,238.653534 
M166.022049,240.173523 
	C169.516785,240.176910 173.015991,240.278259 176.503265,240.118561 
	C177.439514,240.075684 178.339386,239.237854 179.255966,238.764969 
	C178.359848,238.087082 177.505325,236.902237 176.559967,236.824661 
	C173.507706,236.574295 170.422012,236.731293 167.503540,236.731293 
	C166.372437,226.970627 166.372421,226.970474 175.207306,226.128754 
	C175.372665,226.112991 175.576920,226.177170 175.700165,226.101593 
	C176.446976,225.643585 177.175491,225.155762 177.910126,224.677902 
	C177.151657,224.050827 176.432510,222.949829 175.627518,222.883011 
	C172.901291,222.656754 170.144669,222.796677 167.342850,222.796677 
	C167.342850,219.313446 167.342850,216.735657 167.342850,214.341675 
	C171.050049,212.281631 176.156448,215.699081 180.004608,210.405579 
	C173.451202,210.405579 168.399734,210.405579 162.868393,210.405579 
	C162.868393,219.737854 162.807281,228.694656 162.967865,237.647476 
	C162.983047,238.494385 164.389954,239.316330 166.022049,240.173523 
M348.335876,233.347626 
	C347.277252,224.133133 355.343628,218.458054 357.505707,210.429504 
	C353.136810,209.055298 352.237701,212.016617 351.011597,214.843079 
	C349.801727,217.632019 348.253540,220.274231 346.468109,223.726578 
	C344.726074,220.189636 343.517426,217.474411 342.077148,214.888214 
	C340.754333,212.512939 340.224304,208.742416 335.856293,210.562500 
	C335.856293,210.974472 335.747772,211.345352 335.872009,211.604828 
	C339.897186,220.012772 346.019470,227.728119 344.325745,238.033798 
	C344.226105,238.640060 346.231659,239.592300 348.339905,241.218307 
	C348.339905,237.815948 348.339905,236.019363 348.335876,233.347626 
z"/>
<path fill="#F0FCFC" opacity="1.000000" stroke="none" 
	d="
M123.535049,198.559753 
	C122.609215,195.481613 121.904228,192.748413 121.168488,190.023499 
	C120.198067,186.429398 118.060760,184.656082 113.507843,185.740784 
	C113.507843,190.178116 113.507843,194.743668 113.507843,199.599899 
	C110.417137,199.599899 108.016365,199.599899 104.919487,199.599899 
	C104.919487,193.382782 104.919495,187.287231 104.919495,181.191681 
	C104.919495,175.239136 104.919487,169.286606 104.919487,162.818298 
	C109.716568,162.597015 114.007309,162.098434 118.269012,162.280350 
	C123.336914,162.496658 128.524170,163.334961 130.492401,169.049316 
	C132.317200,174.347214 130.693314,178.840530 126.766098,181.481674 
	C128.802292,187.667236 130.674423,193.354355 132.971588,200.332703 
	C129.009583,199.721268 126.375900,199.314819 123.535049,198.559753 
M113.608505,169.709732 
	C113.608505,169.709732 113.671547,169.803345 113.350937,170.548691 
	C113.350937,173.273636 113.350937,175.998596 113.350937,180.033493 
	C116.533997,178.826828 118.811554,177.963440 121.010422,177.001831 
	C121.010422,177.001831 121.082222,177.099213 121.702095,176.834930 
	C121.953354,176.223206 122.204620,175.611481 122.712326,174.598419 
	C122.712326,174.598419 122.725746,174.122330 122.902573,173.496445 
	C121.001938,168.538162 119.119926,167.748947 113.608505,169.709732 
z"/>
<path fill="#EEFCFC" opacity="1.000000" stroke="none" 
	d="
M144.205658,200.054871 
	C141.809082,200.568863 139.730789,200.769913 137.256073,201.009293 
	C137.256073,188.063782 137.256073,175.685913 137.256073,162.123734 
	C143.254684,162.123734 149.268707,161.087540 154.738419,162.371017 
	C162.584717,164.212189 165.455490,172.798080 161.166534,178.793625 
	C160.313736,179.985748 159.119125,180.933350 158.226898,181.845673 
	C159.471771,184.761078 160.848602,187.512619 161.821945,190.400177 
	C162.765182,193.198425 163.293640,196.136475 164.000717,198.998703 
	C156.391388,201.125092 155.751526,200.756744 153.901703,193.467102 
	C151.957520,185.805649 150.973389,184.910522 145.511642,186.005188 
	C145.184418,190.556076 144.854172,195.148987 144.205658,200.054871 
M146.648849,168.907501 
	C145.945236,172.046463 145.241638,175.185425 144.525620,178.379791 
	C150.985153,179.246841 154.499832,177.737259 154.598557,174.276230 
	C154.734497,169.510773 151.404556,168.650726 146.648849,168.907501 
z"/>
<path fill="#EFFCFC" opacity="1.000000" stroke="none" 
	d="
M264.801819,185.351685 
	C263.922943,188.041611 263.391205,190.663971 263.125702,193.313019 
	C262.931580,195.249695 263.087677,197.221466 263.087677,199.525116 
	C260.331482,199.525116 258.084015,199.525116 255.366089,199.525116 
	C255.366089,187.563293 255.366089,175.542801 255.366089,162.786224 
	C259.555145,162.591003 263.817261,162.076248 268.045410,162.276932 
	C273.101166,162.516907 278.173889,163.407318 280.305725,169.052322 
	C282.370941,174.520905 280.175629,178.735306 276.549164,181.498077 
	C278.589386,187.701294 280.462585,193.396790 282.371216,199.199921 
	C273.762421,200.739700 273.833588,200.719971 271.756622,193.231888 
	C270.778137,189.704071 270.750763,185.211502 264.801819,185.351685 
M271.975098,171.340729 
	C269.595367,168.119766 266.568176,168.444885 263.034912,169.571564 
	C263.034912,171.717194 263.006866,173.669113 263.046875,175.619614 
	C263.066467,176.574585 263.212463,177.526962 263.294891,178.412598 
	C270.221619,179.608932 272.467804,177.958313 271.975098,171.340729 
z"/>
<path fill="#ECFBFB" opacity="1.000000" stroke="none" 
	d="
M300.341370,191.933365 
	C300.341339,191.933365 300.349274,191.747513 300.535522,191.474060 
	C300.860046,190.449982 300.998322,189.699356 301.136597,188.948746 
	C301.136597,188.948746 301.010925,189.034149 301.296143,188.850494 
	C301.773254,187.785934 301.965118,186.905045 302.156982,186.024170 
	C304.338196,179.074905 306.390259,172.079926 308.819733,165.218567 
	C309.256500,163.985123 311.300720,162.459641 312.512482,162.534256 
	C315.371429,162.710281 320.141388,163.062408 320.689056,164.584442 
	C324.767151,175.918289 328.003845,187.554886 331.495270,199.066025 
	C323.444183,201.965057 323.143555,202.045792 321.150208,194.623474 
	C319.865662,189.840439 316.578918,190.428818 313.093628,190.076584 
	C308.994873,189.662354 309.101379,192.614685 308.420135,195.047241 
	C306.921448,200.398834 303.596436,201.999878 298.879822,198.853394 
	C299.333801,196.069748 299.837585,194.001556 300.341370,191.933365 
M312.887085,176.490570 
	C312.321381,178.787460 311.755676,181.084366 311.139618,183.585693 
	C313.824829,183.585693 315.848419,183.585693 318.501434,183.585693 
	C317.228760,179.176239 316.106812,175.289124 314.593231,170.045074 
	C313.798676,172.948273 313.412537,174.359177 312.887085,176.490570 
z"/>
<path fill="#ECFBFB" opacity="1.000000" stroke="none" 
	d="
M168.584045,163.031631 
	C175.837997,163.031631 183.091965,163.031631 190.423523,163.031631 
	C192.095901,169.141800 191.758118,169.615372 185.406769,169.690643 
	C183.242599,169.716293 181.078156,169.725372 178.914429,169.770615 
	C178.593124,169.777313 178.275131,169.942139 177.539642,170.153152 
	C177.539642,172.075287 177.539642,174.121643 177.539642,176.783356 
	C181.578156,176.783356 185.643112,176.783356 190.052902,176.783356 
	C190.052902,179.456253 190.052902,181.520187 190.052902,184.018768 
	C185.761322,184.018768 181.816757,184.018768 177.488403,184.018768 
	C177.488403,186.835800 177.488403,189.226440 177.488403,192.402130 
	C182.146835,192.402130 186.849594,192.402130 191.809387,192.402130 
	C191.809387,195.127289 191.809387,197.075897 191.809387,200.157990 
	C184.588806,200.379562 177.401993,200.623459 170.213135,200.762955 
	C169.779144,200.771347 169.329025,199.948090 168.744751,198.741333 
	C168.596725,186.324463 168.590393,174.678055 168.584045,163.031631 
z"/>
<path fill="#E8F9FA" opacity="1.000000" stroke="none" 
	d="
M80.365005,199.923386 
	C78.734146,198.936050 76.566101,197.972717 76.544456,196.963348 
	C76.302536,185.682983 76.391731,174.395538 76.391731,162.719086 
	C84.028572,162.719086 91.235161,162.719086 98.762901,162.719086 
	C98.762901,165.024551 98.762901,167.082458 98.762901,169.641388 
	C94.235397,169.641388 89.974030,169.641388 85.335037,169.641388 
	C85.335037,172.176971 85.335037,174.224335 85.335037,176.832642 
	C89.436523,176.832642 93.522903,176.832642 97.913635,176.832642 
	C97.913635,179.461426 97.913635,181.548981 97.913635,184.043823 
	C93.648323,184.043823 89.701836,184.043823 85.360397,184.043823 
	C85.360397,186.983261 85.360397,189.525787 85.360397,192.651581 
	C88.840218,192.651581 92.282677,192.687576 95.723961,192.639587 
	C98.235344,192.604584 99.810928,193.219284 99.742989,196.272598 
	C99.679573,199.123093 98.526085,200.030823 95.800079,199.954666 
	C90.811905,199.815308 85.816849,199.921936 80.365005,199.923386 
z"/>
<path fill="#EBFBFB" opacity="1.000000" stroke="none" 
	d="
M203.142090,182.913223 
	C197.019241,178.802948 195.316833,175.134781 196.855209,169.925720 
	C198.185516,165.421234 202.612717,162.390945 208.456131,162.053848 
	C209.948669,161.967758 211.460098,161.946365 212.947250,162.075317 
	C219.517624,162.644989 220.000534,163.466263 217.560501,170.058945 
	C215.041595,169.751389 212.411270,169.011780 209.883118,169.270538 
	C208.232941,169.439438 206.731110,171.057632 205.162827,172.026611 
	C206.183380,173.377899 206.952164,175.107864 208.282898,175.992645 
	C210.334000,177.356323 212.841949,178.009109 215.027344,179.199783 
	C219.005173,181.366974 221.245651,184.697495 220.925018,189.369354 
	C220.595535,194.170395 218.138321,197.757065 213.553909,199.015121 
	C210.121201,199.957153 206.340790,200.295395 202.789398,200.002548 
	C195.573135,199.407486 195.190125,198.468033 197.882660,191.548431 
	C200.583115,192.069763 203.352890,193.147812 206.025970,192.945892 
	C208.105423,192.788803 210.064392,191.036957 212.076904,189.993866 
	C210.741241,188.334183 209.601257,186.443985 208.006134,185.089951 
	C206.795670,184.062424 205.005737,183.717560 203.142090,182.913223 
z"/>
<path fill="#E4F8F9" opacity="1.000000" stroke="none" 
	d="
M70.885796,162.124939 
	C71.445396,164.513885 72.004997,166.902832 72.629997,169.570984 
	C70.358849,169.818054 69.063904,169.958939 66.938438,170.081909 
	C63.586670,169.678757 62.549526,170.669861 62.597080,173.300171 
	C62.751789,181.857819 62.747593,190.418320 62.804562,198.977722 
	C60.369617,199.541168 57.900829,200.553711 55.521854,200.374435 
	C54.870029,200.325302 54.092739,196.712891 54.050564,194.721298 
	C53.882275,186.774048 53.981167,178.821152 53.981167,170.520462 
	C49.764713,169.105255 41.311646,172.478241 45.313030,162.534943 
	C54.276241,162.211945 62.581017,162.168442 70.885796,162.124939 
z"/>
<path fill="#ECFBFB" opacity="1.000000" stroke="none" 
	d="
M250.844559,162.337479 
	C250.844559,164.633987 250.844559,166.930481 250.844559,169.601791 
	C247.709732,169.836411 244.800583,170.054138 241.265823,170.318680 
	C241.265823,178.296799 241.259109,186.073151 241.267822,193.849487 
	C241.275467,200.672668 240.722870,201.179596 233.024109,200.552673 
	C233.024109,190.590668 233.024109,180.542740 233.024109,170.297928 
	C229.368317,170.032761 226.447464,169.820908 223.094406,169.577698 
	C223.094406,167.321518 223.094406,165.363861 223.566467,162.934174 
	C232.973877,162.420609 241.909210,162.379044 250.844559,162.337479 
z"/>
<path fill="#EBFDFD" opacity="1.000000" stroke="none" 
	d="
M335.859833,195.800476 
	C335.864655,186.683441 335.857758,178.046341 335.874115,169.409256 
	C335.887939,162.130142 335.899902,162.130157 344.132629,162.638763 
	C344.132629,172.378143 344.132629,182.208099 344.132629,192.587601 
	C349.330963,192.587601 353.743011,192.587601 358.016632,192.587601 
	C359.569550,199.659058 358.708801,200.818222 352.180969,200.899979 
	C347.059509,200.964127 341.936615,200.912872 336.431488,200.912872 
	C336.211853,199.138077 336.035034,197.709229 335.859833,195.800476 
z"/>
<path fill="#DBF7F8" opacity="1.000000" stroke="none" 
	d="
M104.338074,236.073074 
	C104.275757,237.126938 104.213440,238.180817 103.702545,239.639679 
	C102.508606,240.089066 101.763229,240.133438 101.017860,240.177795 
	C100.805550,230.911469 100.544731,221.645538 100.471916,212.378113 
	C100.466019,211.627182 101.886314,210.151077 102.404564,210.251160 
	C103.680855,210.497650 105.254250,211.174667 105.935455,212.194641 
	C108.982613,216.757172 111.743385,221.510208 114.644058,226.171753 
	C115.474121,227.505692 116.426727,228.763382 118.452721,229.836258 
	C118.452721,224.484619 118.484123,219.132690 118.437645,213.781448 
	C118.418388,211.564758 118.615456,209.673096 121.968872,210.490784 
	C122.364616,220.619492 122.383736,230.322464 122.402855,240.025452 
	C119.594261,240.786346 117.852715,239.678604 116.426430,237.180618 
	C113.584496,232.203201 110.470566,227.381073 107.204941,221.912949 
	C106.205971,220.077591 105.471054,218.824097 104.338074,216.891647 
	C104.338074,223.994080 104.338074,230.033585 104.338074,236.073074 
z"/>
<path fill="#D9F8F9" opacity="1.000000" stroke="none" 
	d="
M218.622894,209.985947 
	C221.095184,209.951401 223.570984,209.817276 226.038956,209.904739 
	C230.136566,210.049942 234.216171,210.590195 235.962555,215.059494 
	C237.642517,219.358765 236.001740,222.836853 232.997208,225.190506 
	C234.550430,230.112457 236.014221,234.750992 237.478012,239.389526 
	C236.993973,239.782181 236.509918,240.174850 236.025879,240.567520 
	C234.841354,239.560623 233.190704,238.776520 232.578674,237.495987 
	C231.595322,235.438538 231.864227,232.610840 230.551483,230.931213 
	C229.256256,229.274017 226.654236,228.638184 224.625519,227.554276 
	C223.885208,229.165604 222.755539,230.717361 222.497803,232.402496 
	C222.130997,234.800781 222.404587,237.296997 222.404587,240.941772 
	C220.391724,239.780273 219.300354,239.150497 218.177185,237.767944 
	C218.304565,228.005417 218.463730,218.995682 218.622894,209.985947 
M226.302383,213.241104 
	C221.874634,214.090347 221.241333,216.072495 223.058655,223.677322 
	C226.955368,224.341614 230.857132,224.548920 232.155289,219.691544 
	C233.207977,215.752594 230.566818,214.046280 226.302383,213.241104 
z"/>
<path fill="#E6F8F9" opacity="1.000000" stroke="none" 
	d="
M291.122711,200.130890 
	C289.735443,200.130890 288.348206,200.130890 286.099548,200.130890 
	C286.099548,196.097305 286.097076,192.195816 286.100067,188.294312 
	C286.105133,181.675461 286.123627,175.056595 286.117920,168.437759 
	C286.112213,161.844620 287.878052,160.784500 294.728271,164.147293 
	C294.818054,175.177185 294.718201,185.429642 294.811646,195.680359 
	C294.836823,198.440063 294.233582,200.199783 291.122711,200.130890 
z"/>
<path fill="#D9F8F9" opacity="1.000000" stroke="none" 
	d="
M297.336639,238.905365 
	C294.049194,239.582016 291.118011,240.322189 288.176483,240.365723 
	C282.130035,240.455246 277.418243,237.814041 275.277405,232.012543 
	C272.945648,225.693649 273.330627,219.492538 278.280090,214.358200 
	C282.935455,209.528961 288.839569,209.216934 294.949432,210.523926 
	C295.710602,210.686752 296.221649,212.018799 296.848572,212.809082 
	C296.039856,213.218384 295.248230,213.921188 294.418518,213.969437 
	C293.115875,214.045227 291.789825,213.547028 290.469727,213.524521 
	C285.625885,213.441879 281.641205,214.973679 279.507904,219.724457 
	C277.516541,224.159180 277.964020,231.353088 281.549744,233.599335 
	C284.621216,235.523422 288.824158,235.945541 292.573517,236.143112 
	C293.112885,236.171524 293.915161,231.210541 294.403290,229.308533 
	C291.700165,227.735199 290.037994,226.767746 288.375824,225.800293 
	C290.445892,225.287277 292.498138,224.671341 294.594269,224.309067 
	C295.503784,224.151855 296.503540,224.516937 297.688202,224.674911 
	C297.688202,229.490921 297.688202,234.072220 297.336639,238.905365 
z"/>
<path fill="#E1FBFC" opacity="1.000000" stroke="none" 
	d="
M165.586395,240.161682 
	C164.389954,239.316330 162.983047,238.494385 162.967865,237.647476 
	C162.807281,228.694656 162.868393,219.737854 162.868393,210.405579 
	C168.399734,210.405579 173.451202,210.405579 180.004608,210.405579 
	C176.156448,215.699081 171.050049,212.281631 167.342850,214.341675 
	C167.342850,216.735657 167.342850,219.313446 167.342850,222.796677 
	C170.144669,222.796677 172.901291,222.656754 175.627518,222.883011 
	C176.432510,222.949829 177.151657,224.050827 177.910126,224.677887 
	C177.175491,225.155762 176.446976,225.643585 175.700165,226.101593 
	C175.576920,226.177170 175.372665,226.112991 175.207306,226.128754 
	C166.372421,226.970474 166.372437,226.970627 167.503540,236.731293 
	C170.422012,236.731293 173.507706,236.574295 176.559967,236.824661 
	C177.505325,236.902237 178.359848,238.087082 179.255966,238.764954 
	C178.339386,239.237854 177.439514,240.075684 176.503265,240.118561 
	C173.015991,240.278259 169.516785,240.176910 165.586395,240.161682 
z"/>
<path fill="#D9F8F9" opacity="1.000000" stroke="none" 
	d="
M348.337891,233.785202 
	C348.339905,236.019363 348.339905,237.815948 348.339905,241.218307 
	C346.231659,239.592300 344.226105,238.640060 344.325745,238.033798 
	C346.019470,227.728119 339.897186,220.012772 335.872009,211.604828 
	C335.747772,211.345352 335.856293,210.974472 335.856293,210.562500 
	C340.224304,208.742416 340.754333,212.512939 342.077148,214.888214 
	C343.517426,217.474411 344.726074,220.189636 346.468109,223.726578 
	C348.253540,220.274231 349.801727,217.632019 351.011597,214.843079 
	C352.237701,212.016617 353.136810,209.055298 357.505707,210.429504 
	C355.343628,218.458054 347.277252,224.133133 348.337891,233.785202 
z"/>
<path fill="#E1FBFC" opacity="1.000000" stroke="none" 
	d="
M49.113602,226.232300 
	C49.113605,229.516281 49.113605,232.800278 49.113605,236.721298 
	C52.506889,236.721298 55.461880,236.577942 58.389824,236.796631 
	C59.459080,236.876480 60.464081,237.816696 61.498402,238.364410 
	C60.536301,238.966019 59.595390,240.043045 58.608425,240.087036 
	C54.313778,240.278503 50.005733,240.169220 45.293686,240.169220 
	C45.293686,230.143021 45.293686,220.461426 45.293686,210.592987 
	C50.725689,210.592987 56.029980,210.592987 62.352509,210.592987 
	C58.370689,215.797241 53.297371,212.226990 49.377357,214.312866 
	C49.377357,216.905746 49.377357,219.659866 49.510635,223.017334 
	C49.467140,224.491226 49.290371,225.361771 49.113602,226.232300 
z"/>
<path fill="#37989D" opacity="1.000000" stroke="none" 
	d="
M291.262329,200.379807 
	C294.233582,200.199783 294.836823,198.440063 294.811646,195.680359 
	C294.718201,185.429642 294.818054,175.177185 294.926849,164.462799 
	C295.335907,169.099426 295.790466,174.194534 295.955139,179.298996 
	C296.118774,184.372238 295.990967,189.454895 295.990967,195.766830 
	C297.970886,193.960327 298.884644,193.126633 300.069885,192.113144 
	C299.837585,194.001556 299.333801,196.069748 298.695801,198.504120 
	C296.175049,199.456467 293.788483,200.042603 291.262329,200.379807 
z"/>
<path fill="#2C939B" opacity="1.000000" stroke="none" 
	d="
M168.339111,162.976562 
	C168.590393,174.678055 168.596725,186.324463 168.528259,198.423706 
	C168.054581,198.157043 167.312149,197.439423 167.308289,196.717819 
	C167.248886,185.619934 167.282089,174.521530 167.332962,163.423416 
	C167.333725,163.254959 167.829453,163.088745 168.339111,162.976562 
z"/>
<path fill="#2C939B" opacity="1.000000" stroke="none" 
	d="
M63.018490,198.626068 
	C62.747593,190.418320 62.751789,181.857819 62.597080,173.300171 
	C62.549526,170.669861 63.586670,169.678757 66.543053,170.159546 
	C65.989517,172.333817 64.312477,174.356476 64.137672,176.501526 
	C63.548138,183.735703 63.492336,191.013367 63.018490,198.626068 
z"/>
<path fill="#2C939B" opacity="1.000000" stroke="none" 
	d="
M122.664185,239.683929 
	C122.383736,230.322464 122.364616,220.619492 122.332817,210.438141 
	C122.787857,210.813522 123.674187,211.674850 123.658882,212.519867 
	C123.496933,221.462204 123.191444,230.401962 122.664185,239.683929 
z"/>
<path fill="#2C939B" opacity="1.000000" stroke="none" 
	d="
M250.511200,162.109756 
	C241.909210,162.379044 232.973877,162.420609 223.582031,162.529114 
	C224.468826,162.077499 225.819595,161.095383 227.154221,161.116852 
	C234.830887,161.240326 242.503708,161.601471 250.511200,162.109756 
z"/>
<path fill="#37989D" opacity="1.000000" stroke="none" 
	d="
M218.369110,210.327118 
	C218.463730,218.995682 218.304565,228.005417 218.071945,237.470215 
	C218.037445,228.839630 218.076385,219.753967 218.369110,210.327118 
z"/>
<path fill="#E1FBFC" opacity="1.000000" stroke="none" 
	d="
M52.982986,222.999542 
	C55.302002,223.432068 57.621017,223.864578 59.940033,224.297104 
	C57.561337,224.896149 55.182644,225.495193 52.527924,225.639374 
	C52.495598,224.456177 52.739292,223.727859 52.982986,222.999542 
z"/>
<path fill="#2C939B" opacity="1.000000" stroke="none" 
	d="
M70.540405,161.918427 
	C62.581017,162.168442 54.276241,162.211945 45.516350,162.206650 
	C53.439163,162.009216 61.817093,161.860565 70.540405,161.918427 
z"/>
<path fill="#5AABB0" opacity="1.000000" stroke="none" 
	d="
M104.505363,235.693756 
	C104.338074,230.033585 104.338074,223.994080 104.338074,216.891647 
	C105.471054,218.824097 106.205971,220.077591 106.986076,221.647217 
	C106.376221,224.315903 105.554733,226.638000 105.116814,229.030319 
	C104.741005,231.083344 104.803810,233.216644 104.505363,235.693756 
z"/>
<path fill="#EBFDFD" opacity="1.000000" stroke="none" 
	d="
M52.607136,222.926361 
	C52.739292,223.727859 52.495598,224.456177 52.136997,225.551437 
	C51.246319,225.995117 50.470547,226.071854 49.404190,226.190445 
	C49.290371,225.361771 49.467140,224.491226 49.796524,223.321014 
	C50.709854,222.965286 51.470570,222.909225 52.607136,222.926361 
z"/>
<path fill="#5AABB0" opacity="1.000000" stroke="none" 
	d="
M101.209221,240.336945 
	C101.763229,240.133438 102.508606,240.089066 103.627426,240.028534 
	C103.134109,240.173615 102.267342,240.334839 101.209221,240.336945 
z"/>
<path fill="#37989D" opacity="1.000000" stroke="none" 
	d="
M301.963684,186.298035 
	C301.965118,186.905045 301.773254,187.785934 301.338898,188.913300 
	C301.321075,188.297150 301.545746,187.434525 301.963684,186.298035 
z"/>
<path fill="#37989D" opacity="1.000000" stroke="none" 
	d="
M300.959320,189.275970 
	C300.998322,189.699356 300.860046,190.449982 300.442566,191.469940 
	C300.369629,191.027252 300.575836,190.315216 300.959320,189.275970 
z"/>
<path fill="#29A3AB" opacity="1.000000" stroke="none" 
	d="
M122.725746,174.122330 
	C122.725746,174.122330 122.712326,174.598419 122.337662,175.006332 
	C121.669395,175.975891 121.375809,176.537552 121.082214,177.099213 
	C121.082222,177.099213 121.010422,177.001831 120.693695,177.073181 
	C116.589211,178.577789 114.757729,176.961899 114.249962,173.236343 
	C114.093330,172.087082 113.866325,170.947403 113.671547,169.803345 
	C113.671547,169.803345 113.608505,169.709732 114.081467,169.704071 
	C117.278198,171.173035 120.001976,172.647675 122.725746,174.122330 
z"/>
<path fill="#5AABB0" opacity="1.000000" stroke="none" 
	d="
M113.511246,170.176025 
	C113.866325,170.947403 114.093330,172.087082 114.249962,173.236343 
	C114.757729,176.961899 116.589211,178.577789 120.733040,177.122284 
	C118.811554,177.963440 116.533997,178.826828 113.350937,180.033493 
	C113.350937,175.998596 113.350937,173.273636 113.511246,170.176025 
z"/>
<path fill="#5AABB0" opacity="1.000000" stroke="none" 
	d="
M122.814163,173.809387 
	C120.001976,172.647675 117.278198,171.173035 114.123398,169.666306 
	C119.119926,167.748947 121.001938,168.538162 122.814163,173.809387 
z"/>
<path fill="#5AABB0" opacity="1.000000" stroke="none" 
	d="
M121.392151,176.967072 
	C121.375809,176.537552 121.669395,175.975891 122.209435,175.207001 
	C122.204620,175.611481 121.953354,176.223206 121.392151,176.967072 
z"/>
<path fill="#3CA3AB" opacity="1.000000" stroke="none" 
	d="
M147.078766,168.850266 
	C151.404556,168.650726 154.734497,169.510773 154.598557,174.276230 
	C154.499832,177.737259 150.985153,179.246841 144.525620,178.379791 
	C145.241638,175.185425 145.945236,172.046463 147.078766,168.850266 
z"/>
<path fill="#3CA3AB" opacity="1.000000" stroke="none" 
	d="
M272.119751,171.696655 
	C272.467804,177.958313 270.221619,179.608932 263.294891,178.412598 
	C263.212463,177.526962 263.066467,176.574585 263.046875,175.619614 
	C263.006866,173.669113 263.034912,171.717194 263.034912,169.571564 
	C266.568176,168.444885 269.595367,168.119766 272.119751,171.696655 
z"/>
<path fill="#4AA4A9" opacity="1.000000" stroke="none" 
	d="
M312.956726,176.130325 
	C313.412537,174.359177 313.798676,172.948273 314.593231,170.045074 
	C316.106812,175.289124 317.228760,179.176239 318.501434,183.585693 
	C315.848419,183.585693 313.824829,183.585693 311.139618,183.585693 
	C311.755676,181.084366 312.321381,178.787460 312.956726,176.130325 
z"/>
<path fill="#3CA3AB" opacity="1.000000" stroke="none" 
	d="
M226.699554,213.289520 
	C230.566818,214.046280 233.207977,215.752594 232.155289,219.691544 
	C230.857132,224.548920 226.955368,224.341614 223.058655,223.677322 
	C221.241333,216.072495 221.874634,214.090347 226.699554,213.289520 
z"/>
</svg>