<svg version="1.1" id="Layer_1" xmlns="http://www.w3.org/2000/svg" xmlns:xlink="http://www.w3.org/1999/xlink" x="0px" y="0px"
	 width="100%" viewBox="0 0 1024 560" enable-background="new 0 0 1024 560" xml:space="preserve">
<path fill="#000000" opacity="1.000000" stroke="none" 
	d="
M330.343323,301.443024 
	C328.738647,310.250122 329.208252,318.792053 328.370453,327.238159 
	C327.984222,331.132080 329.362488,334.812622 330.931305,338.325928 
	C332.104797,340.953918 331.160706,342.114166 328.695251,343.248688 
	C320.969421,346.803772 313.431458,346.807373 305.615143,343.418427 
	C302.528473,342.080170 302.450378,340.916260 303.290466,337.825348 
	C308.768463,317.670197 307.624390,298.455139 294.012390,281.373474 
	C293.939636,281.282227 293.692535,281.329895 292.891296,281.246582 
	C290.406769,291.100159 287.862579,301.043701 285.398285,311.007019 
	C283.160645,320.054016 280.874237,329.092773 278.881897,338.194855 
	C277.972412,342.349762 275.852570,344.270508 271.624725,343.871735 
	C266.309418,343.370453 261.000061,343.360199 255.662857,343.715576 
	C252.200500,343.946136 250.401154,342.660187 251.548386,338.564514 
	C259.402283,310.525482 267.124298,282.449432 274.836670,254.370987 
	C275.722870,251.144531 277.332214,248.725220 280.344330,247.063919 
	C283.104187,245.541779 285.611633,243.565536 288.251648,241.821716 
	C294.142883,237.930298 294.200867,237.967484 297.620148,243.905762 
	C300.009460,248.055359 302.467957,252.165146 305.399597,256.181793 
	C305.133514,248.173843 307.598724,240.048141 303.284119,232.768082 
	C304.531494,230.481277 306.366760,230.969330 307.945496,230.951019 
	C313.441559,230.887268 318.939026,230.886841 324.435455,230.929962 
	C330.384735,230.976654 330.556732,231.248657 329.145050,236.867035 
	C327.590240,243.054947 328.484955,249.272736 329.464783,255.773666 
	C332.138885,251.247818 334.912842,246.777145 337.452942,242.177322 
	C339.233856,238.952347 341.306305,238.281982 344.196442,240.693024 
	C344.323456,240.798996 344.473083,240.878128 344.613342,240.967957 
	C359.301910,250.374908 359.191284,250.404617 363.726837,267.285858 
	C369.898987,290.258606 376.238434,313.186584 382.554749,336.120361 
	C384.492859,343.157410 384.047028,343.845825 376.648956,343.903046 
	C372.151947,343.937836 367.648376,343.741760 363.158783,343.923096 
	C359.134857,344.085602 357.194794,342.393555 356.221863,338.463501 
	C351.902374,321.015472 347.348663,303.625427 342.870514,286.216766 
	C342.428101,284.496826 341.923431,282.792938 341.222351,280.271149 
	C336.304626,287.179932 331.844849,293.292603 330.343323,301.443024 
z"/>
<path fill="#000000" opacity="1.000000" stroke="none" 
	d="
M440.152039,310.210266 
	C441.938934,305.851807 443.690552,301.884674 445.156982,297.814728 
	C446.439972,294.253967 449.040985,293.538361 452.308167,293.986450 
	C456.003357,294.493225 455.289978,297.431824 455.297943,299.815979 
	C455.340790,312.643219 455.337280,325.470795 455.291901,338.298035 
	C455.284027,340.526245 455.903442,343.440125 452.413757,343.618378 
	C448.676483,343.809265 448.859314,340.872284 448.853027,338.350830 
	C448.827118,327.948364 448.842133,317.545837 448.127869,307.033630 
	C443.723816,317.592438 439.329285,328.155212 434.908203,338.706940 
	C433.960480,340.968933 433.406067,343.692444 430.148254,343.750397 
	C426.864410,343.808807 426.295502,341.163239 425.337311,338.851379 
	C420.940643,328.243622 416.500458,317.653870 411.238770,307.085419 
	C411.238770,310.877014 411.240082,314.668640 411.238464,318.460236 
	C411.235657,324.957245 411.286499,331.454987 411.197754,337.950836 
	C411.165741,340.293945 411.993683,343.461121 408.128723,343.587494 
	C404.279510,343.713348 404.768829,340.644409 404.761414,338.212585 
	C404.721710,325.218567 404.721405,312.224335 404.755310,299.230316 
	C404.760773,297.136047 404.298218,294.588196 407.378693,294.122986 
	C410.449005,293.659302 413.364105,293.617523 414.850098,297.293213 
	C417.970398,305.011444 421.228912,312.673889 424.445496,320.352997 
	C426.167664,324.464355 427.920624,328.562805 430.211975,333.970520 
	C433.787933,325.410370 436.890381,317.983673 440.152039,310.210266 
z"/>
<path fill="#000000" opacity="1.000000" stroke="none" 
	d="
M764.956299,265.214722 
	C758.982727,265.276550 753.500366,265.323547 748.019226,265.430023 
	C747.600281,265.438141 747.189392,265.866760 746.805969,266.082397 
	C748.357971,274.324249 757.186401,278.063141 764.444641,273.630249 
	C765.289062,273.114563 766.060120,272.460022 766.801941,271.798859 
	C768.668213,270.135498 770.461060,270.367035 772.039368,272.103668 
	C773.865906,274.113495 772.243896,275.498199 770.859314,276.657257 
	C765.021423,281.544312 758.385925,282.767395 751.255981,280.217987 
	C743.931641,277.598999 739.984741,271.886841 739.253845,264.444794 
	C738.536804,257.143585 741.601562,251.088943 747.887146,247.061905 
	C758.048950,240.551514 770.749573,245.239929 774.464294,256.750946 
	C776.627563,263.454681 775.426025,265.142578 768.439941,265.207855 
	C767.442627,265.217163 766.445190,265.212799 764.956299,265.214722 
M751.211670,259.103027 
	C756.722168,259.103027 762.232666,259.103027 768.060181,259.103027 
	C765.942200,252.649231 761.992493,249.884598 756.627197,250.250122 
	C751.468445,250.601547 747.838928,253.859650 746.969421,259.114166 
	C748.138123,259.114166 749.270081,259.114166 751.211670,259.103027 
z"/>
<path fill="#000000" opacity="1.000000" stroke="none" 
	d="
M465.680054,342.704529 
	C461.178436,339.518677 458.994965,335.693329 460.536438,330.482819 
	C462.078125,325.271698 466.141602,323.357971 471.113403,322.797852 
	C473.759216,322.499786 476.406219,322.173645 479.061890,322.010651 
	C483.323181,321.749115 483.195190,319.380005 481.617554,316.576538 
	C479.389618,312.617432 475.706055,312.735748 471.972565,313.694702 
	C470.382874,314.102997 468.927399,315.014130 467.385498,315.633484 
	C465.615082,316.344666 464.538361,315.354584 463.711792,313.965332 
	C462.870361,312.551086 463.325348,311.380890 464.598358,310.531464 
	C469.890106,307.000580 475.599548,305.735077 481.672394,308.049744 
	C487.289124,310.190613 489.021942,314.892426 489.071564,320.461914 
	C489.105682,324.291107 489.077911,328.120850 489.089600,331.950287 
	C489.097198,334.431915 488.855072,336.885651 491.669128,338.418549 
	C493.058929,339.175598 493.299683,340.906769 492.439148,342.414551 
	C491.663879,343.772949 490.013733,344.313843 488.987732,343.602112 
	C484.034943,340.166534 479.539246,342.608795 474.763397,344.031738 
	C471.918274,344.879456 468.799866,344.354523 465.680054,342.704529 
M478.439392,337.079315 
	C480.576324,335.815491 481.655762,333.836273 482.250610,331.509644 
	C482.756256,329.532135 482.264557,328.129852 480.014648,328.109985 
	C476.720215,328.080902 473.405029,327.924164 470.186279,328.973511 
	C468.080719,329.659943 466.731354,330.990234 466.566101,333.196289 
	C466.395874,335.469482 467.828827,336.792908 469.695953,337.808533 
	C472.488800,339.327667 475.135864,338.582153 478.439392,337.079315 
z"/>
<path fill="#000000" opacity="1.000000" stroke="none" 
	d="
M491.450745,275.283173 
	C488.557800,266.946472 492.447845,261.015411 501.181030,259.928253 
	C503.980133,259.579834 506.809204,259.474579 509.610168,259.138306 
	C513.030334,258.727692 513.213562,256.554077 511.893066,254.107666 
	C509.668091,249.985840 505.933594,249.738403 501.955231,250.855164 
	C500.374939,251.298752 498.950409,252.269470 497.401093,252.858444 
	C495.598267,253.543793 494.580902,252.349792 493.806946,251.000687 
	C493.000122,249.594345 493.468719,248.441055 494.817444,247.632294 
	C500.346191,244.317032 506.099213,242.678223 512.347839,245.532013 
	C518.062378,248.141876 519.315735,253.103699 519.212097,258.775482 
	C519.148315,262.267029 519.172180,265.760468 519.183289,269.252960 
	C519.190613,271.547180 518.863464,273.844025 521.473694,275.336670 
	C523.110962,276.273010 523.281433,278.188232 522.233765,279.743927 
	C521.140930,281.366699 519.026062,281.609924 517.769897,280.616547 
	C513.914612,277.567688 510.647644,279.341461 506.855743,280.816864 
	C501.016205,283.088928 495.596558,280.930023 491.450745,275.283173 
M510.755737,265.261108 
	C507.443634,265.218628 504.081635,264.858795 500.874176,265.896973 
	C497.159760,267.099304 495.630554,271.234619 498.092590,273.713379 
	C501.119934,276.761292 504.848114,276.401093 508.164459,274.309296 
	C511.278351,272.345184 514.245056,269.888641 510.755737,265.261108 
z"/>
<path fill="#000000" opacity="1.000000" stroke="none" 
	d="
M523.850464,325.970978 
	C524.377991,316.533173 529.088928,310.552521 537.497375,307.770477 
	C545.076660,305.262787 551.658264,307.719208 556.999512,313.326569 
	C562.087219,318.667755 563.182556,326.740906 560.087891,333.297302 
	C556.580994,340.727051 549.597595,344.725098 540.991821,344.229950 
	C533.803894,343.816437 527.179260,338.558350 524.832153,331.277618 
	C524.326416,329.708862 524.171143,328.027130 523.850464,325.970978 
M554.319031,330.723907 
	C556.325500,325.363312 555.390991,320.499573 551.382935,316.491058 
	C547.906494,313.014221 543.522339,312.310425 538.899353,313.769562 
	C533.614258,315.437683 530.198914,320.463074 530.364075,325.988434 
	C530.520874,331.233673 534.293030,336.246460 539.095703,337.591858 
	C545.007568,339.248016 550.085449,337.135010 554.319031,330.723907 
z"/>
<path fill="#000000" opacity="1.000000" stroke="none" 
	d="
M693.238708,279.016418 
	C689.238464,275.942413 687.601074,272.167297 687.570984,267.530426 
	C687.532166,261.548676 687.227905,255.568100 687.225342,249.586929 
	C687.224426,247.481201 687.293030,244.992172 690.415833,244.892731 
	C693.877380,244.782471 693.882812,247.379715 693.924316,249.727356 
	C694.021179,255.214203 693.862183,260.708160 694.062927,266.189850 
	C694.283691,272.220764 697.224121,275.308807 702.383179,275.370972 
	C707.348206,275.430786 710.897949,271.629028 711.027710,265.845184 
	C711.150757,260.359650 711.025757,254.868942 711.087585,249.381393 
	C711.113098,247.117264 711.453613,244.901306 714.481262,244.869156 
	C717.598572,244.836044 717.813782,247.157715 717.818604,249.370056 
	C717.838867,258.674896 717.826416,267.980743 717.698547,277.284454 
	C717.652222,280.653381 715.344727,282.157349 712.760681,280.347748 
	C710.421265,278.709381 708.979248,279.443573 706.939575,280.244415 
	C702.369507,282.038727 697.840820,281.938507 693.238708,279.016418 
z"/>
<path fill="#000000" opacity="1.000000" stroke="none" 
	d="
M572.133789,339.539612 
	C572.009155,342.586060 570.905151,344.133362 568.058655,343.667877 
	C565.651062,343.274109 565.517395,341.474731 565.529541,339.513702 
	C565.585144,330.525757 565.540527,321.536987 565.632019,312.549500 
	C565.682068,307.630829 567.363525,306.522766 571.668274,308.995331 
	C573.356689,309.965179 574.041687,309.114166 575.149597,308.613770 
	C585.507812,303.935455 595.551208,309.939209 596.031311,321.280426 
	C596.284546,327.261414 596.074890,333.263062 596.032776,339.255066 
	C596.016602,341.555054 595.663208,343.792603 592.633850,343.712524 
	C589.780212,343.637115 589.138428,341.526733 589.108826,339.193176 
	C589.037170,333.534637 589.100281,327.874329 589.021057,322.215973 
	C588.938538,316.324097 586.349609,313.355469 581.317627,313.208710 
	C575.896790,313.050598 572.343628,316.421967 572.210571,322.114929 
	C572.078430,327.771606 572.160522,333.433289 572.133789,339.539612 
z"/>
<path fill="#000000" opacity="1.000000" stroke="none" 
	d="
M448.070068,265.031372 
	C448.058685,269.350494 448.082733,273.178040 448.021454,277.004181 
	C447.985657,279.240936 447.213623,281.018463 444.554108,280.859009 
	C442.136993,280.714111 441.722656,278.948975 441.720886,276.952209 
	C441.715912,271.294769 441.768005,265.636200 441.673126,259.980164 
	C441.570740,253.876114 438.477448,250.360382 433.307861,250.255737 
	C427.941528,250.147079 424.326202,253.853333 424.180115,259.895081 
	C424.047424,265.382965 424.159882,270.876495 424.137238,276.367432 
	C424.127716,278.674133 423.826172,280.926270 420.753174,280.766785 
	C418.069550,280.627533 417.765625,278.581329 417.765228,276.444397 
	C417.763550,267.292633 417.673248,258.139709 417.795715,248.989655 
	C417.849701,244.957199 419.734467,243.829102 423.153564,245.757309 
	C424.421600,246.472412 425.157898,246.847610 426.656586,246.261948 
	C439.884521,241.092789 448.058472,246.781357 448.076263,261.044800 
	C448.077698,262.209595 448.072021,263.374359 448.070068,265.031372 
z"/>
<path fill="#000000" opacity="1.000000" stroke="none" 
	d="
M530.415161,270.388062 
	C532.634094,274.569977 535.927246,276.065948 540.123657,275.672668 
	C542.429260,275.456573 544.348511,274.462524 544.753174,271.901520 
	C545.161560,269.317078 543.659790,267.782745 541.439819,266.997833 
	C538.466064,265.946472 535.378723,265.213409 532.413940,264.139954 
	C527.091980,262.213013 524.392334,258.431335 524.780029,253.751389 
	C525.161438,249.146088 528.567810,245.580215 533.779724,244.330139 
	C539.851685,242.873764 547.332825,246.492508 549.595398,251.993378 
	C550.237366,253.554047 551.020630,255.285645 549.064758,256.386719 
	C547.215820,257.427521 545.423767,256.956635 544.373901,255.044174 
	C542.725708,252.041473 540.441162,250.138382 536.886658,250.115189 
	C534.402588,250.098999 532.065674,250.604538 531.464233,253.421753 
	C530.904297,256.044434 532.774170,257.456055 534.871155,258.258514 
	C537.658569,259.325195 540.623962,259.929199 543.404907,261.009827 
	C549.995483,263.570892 552.297058,267.255005 551.212036,273.095673 
	C550.283508,278.093903 545.347595,281.711243 539.217590,281.596558 
	C533.599365,281.491425 528.745728,279.600494 525.753906,274.493164 
	C524.873352,272.989929 523.518494,271.048981 525.253235,269.517731 
	C526.744141,268.201752 528.685181,268.629028 530.415161,270.388062 
z"/>
<path fill="#000000" opacity="1.000000" stroke="none" 
	d="
M625.476318,338.305847 
	C619.081238,346.624023 606.279480,346.226105 601.122131,337.808075 
	C600.076965,336.102173 598.130859,333.850586 600.716736,332.203033 
	C602.847229,330.845673 604.670898,332.229004 606.024353,334.360382 
	C608.443909,338.170593 611.999268,339.527954 616.362549,338.184784 
	C618.161072,337.631195 619.717468,336.585938 619.808167,334.387360 
	C619.894775,332.286896 618.771606,330.813843 616.941223,330.128601 
	C613.988281,329.023102 610.909058,328.259491 607.933594,327.208771 
	C601.662292,324.994049 598.754883,320.505951 600.021729,315.179565 
	C601.318665,309.726715 607.060181,306.119720 613.204651,307.029022 
	C617.658691,307.688171 621.570129,309.442627 623.856323,313.585907 
	C624.822083,315.336243 626.798401,317.541138 624.097351,319.173279 
	C621.916443,320.491089 620.014160,319.283386 618.798523,317.033508 
	C617.315002,314.287750 614.871460,313.069153 611.796082,313.062073 
	C609.284668,313.056305 606.998840,313.649719 606.461731,316.485474 
	C605.959473,319.137085 607.875916,320.468567 609.987000,321.236298 
	C612.796448,322.257935 615.764587,322.847046 618.564331,323.890656 
	C625.533447,326.488495 627.597107,330.708618 625.476318,338.305847 
z"/>
<path fill="#000000" opacity="1.000000" stroke="none" 
	d="
M615.590820,280.275635 
	C603.680847,283.460449 596.119019,277.872253 595.907776,266.048706 
	C595.809753,260.563141 595.863159,255.074341 595.896057,249.587296 
	C595.909180,247.397522 595.830627,245.001038 598.979126,244.909515 
	C602.526611,244.806396 602.289917,247.456085 602.308044,249.788147 
	C602.349426,255.108826 602.224304,260.432617 602.358521,265.750305 
	C602.514282,271.919800 605.645691,275.383514 610.810608,275.410858 
	C616.018433,275.438416 619.639221,271.553680 619.778625,265.507324 
	C619.901184,260.189362 619.778625,254.866013 619.790161,249.545105 
	C619.794983,247.309998 619.830139,245.009064 622.941833,244.916550 
	C626.059387,244.823837 626.268616,247.022919 626.267822,249.326675 
	C626.264526,258.305847 626.328491,267.285858 626.221558,276.263824 
	C626.166199,280.916901 624.339233,282.118469 620.403992,279.703918 
	C618.370972,278.456543 617.376099,279.583344 615.590820,280.275635 
z"/>
<path fill="#000000" opacity="1.000000" stroke="none" 
	d="
M513.840515,308.849335 
	C516.071289,310.157684 517.739319,311.571289 518.756348,313.521637 
	C519.630249,315.197632 521.365295,317.312225 519.113037,318.815338 
	C517.077698,320.173676 514.969788,319.274170 513.719055,316.971466 
	C512.110474,314.009918 509.547913,312.852142 506.249176,313.060944 
	C503.930878,313.207672 501.848145,313.775818 501.396545,316.416168 
	C500.945557,319.053162 502.755707,320.449554 504.851624,321.245178 
	C507.329010,322.185608 509.968292,322.689575 512.484375,323.539734 
	C519.132324,325.786011 522.144348,330.031036 521.178040,335.623413 
	C520.262390,340.922516 515.528625,344.236450 508.851410,344.258209 
	C503.114929,344.276886 498.444824,342.242767 495.500366,337.114746 
	C494.617706,335.577515 493.322113,333.577118 495.355621,332.243408 
	C497.217468,331.022308 499.246368,331.683777 500.438751,333.769897 
	C501.940125,336.396576 504.170074,338.077271 507.107635,338.527466 
	C510.259399,339.010529 513.477905,338.510376 514.472900,335.030914 
	C515.510010,331.404053 512.541626,330.158142 509.735321,329.244843 
	C507.365082,328.473450 504.922363,327.914642 502.577545,327.077393 
	C496.739929,324.993042 494.091492,321.103271 494.802582,315.877472 
	C495.499298,310.756836 499.864838,307.170135 505.803192,306.891785 
	C508.523499,306.764252 511.065704,307.503113 513.840515,308.849335 
z"/>
<path fill="#000000" opacity="1.000000" stroke="none" 
	d="
M654.801270,252.057404 
	C649.556946,249.359055 644.833862,249.542709 640.498474,253.109009 
	C636.292603,256.568756 635.376709,261.250488 636.554077,266.231750 
	C637.724304,271.183167 641.124084,274.258575 646.152832,275.303192 
	C650.002502,276.102875 653.443115,274.955536 656.357361,272.468262 
	C658.378662,270.743134 660.393066,269.654510 662.288757,272.190552 
	C664.218018,274.771576 661.642944,276.147980 660.150757,277.438507 
	C653.136719,283.504425 641.926025,282.858948 635.142029,276.136993 
	C628.160095,269.218933 627.613647,258.261414 633.875916,250.748367 
	C639.899841,243.521225 650.914612,241.922028 658.676636,247.370300 
	C660.621033,248.735123 664.263855,250.116394 662.117920,253.359299 
	C659.622986,257.129700 657.329224,253.654556 654.801270,252.057404 
z"/>
<path fill="#000000" opacity="1.000000" stroke="none" 
	d="
M684.697754,247.143402 
	C684.910767,250.308350 683.005554,250.857941 680.872559,250.912140 
	C677.780762,250.990677 676.953735,252.756775 677.001099,255.480789 
	C677.067627,259.301239 677.022461,263.123871 677.003662,266.945435 
	C676.983826,270.963867 676.325562,275.317535 682.637024,275.058777 
	C684.187012,274.995270 684.741577,276.503937 684.738159,277.954071 
	C684.734619,279.441010 683.996277,280.369659 682.538757,280.887726 
	C676.638794,282.984924 670.280884,278.892365 670.041626,272.569763 
	C669.834351,267.094116 669.952026,261.604614 669.995422,256.121765 
	C670.016785,253.427444 669.695984,251.145569 666.338379,250.685867 
	C664.680786,250.458908 663.702698,249.368210 663.803650,247.553223 
	C663.889771,246.005447 664.696228,244.942429 666.218811,244.891754 
	C669.779602,244.773193 669.991028,242.455017 669.987732,239.744629 
	C669.984741,237.256744 669.787781,234.381546 673.538086,234.456268 
	C676.860657,234.522461 677.032471,237.138641 676.937927,239.478012 
	C676.790283,243.132019 677.892395,245.249268 681.976074,244.871384 
	C683.244629,244.753983 684.166443,245.511536 684.697754,247.143402 
z"/>
<path fill="#000000" opacity="1.000000" stroke="none" 
	d="
M467.997009,236.261078 
	C464.431091,236.402145 463.322052,238.166046 463.325897,241.188187 
	C463.329742,244.186432 465.056641,244.808685 467.513153,244.831223 
	C469.215820,244.846848 470.422577,245.577530 470.575714,247.423294 
	C470.749603,249.519638 469.499573,250.621750 467.630951,250.684097 
	C463.680969,250.815842 463.229462,253.200729 463.297729,256.410706 
	C463.432312,262.736481 463.369354,269.067749 463.302216,275.395874 
	C463.276855,277.785004 463.946655,280.951080 460.041840,280.804993 
	C456.337097,280.666412 456.877533,277.563141 456.847076,275.155518 
	C456.769135,268.994202 456.766174,262.830872 456.831207,256.669373 
	C456.862701,253.687515 456.933075,250.886841 452.855713,250.576035 
	C451.330658,250.459793 450.550598,249.395401 450.564026,247.815079 
	C450.576904,246.298950 451.202240,244.973114 452.745667,244.970245 
	C457.031036,244.962296 456.750549,242.097046 456.888702,239.149429 
	C457.177399,232.991180 461.136414,229.601364 467.050201,230.213745 
	C468.585144,230.372696 470.097870,230.651001 470.555054,232.450836 
	C471.041901,234.367432 470.419312,235.714523 467.997009,236.261078 
z"/>
<path fill="#000000" opacity="1.000000" stroke="none" 
	d="
M572.055176,249.353241 
	C571.625488,249.876389 571.345764,250.262604 571.096863,250.243713 
	C563.898071,249.697479 563.818909,254.303101 564.245544,259.474091 
	C564.464050,262.122498 564.369629,264.807465 564.261719,267.469604 
	C564.095398,271.572266 564.071838,275.342896 569.945068,274.979919 
	C571.671631,274.873230 572.480164,276.358063 572.434753,278.101624 
	C572.387146,279.930969 571.266968,280.653656 569.617615,281.025574 
	C563.020874,282.512909 557.988281,278.708038 557.812195,271.854767 
	C557.666626,266.191864 557.696472,260.522156 557.769592,254.856995 
	C557.801392,252.394394 557.420105,250.581039 554.380005,250.560364 
	C552.713501,250.549042 551.531372,249.682053 551.410156,247.835815 
	C551.289429,245.996735 552.240845,244.852768 553.993896,244.860825 
	C557.673096,244.877716 557.814514,242.546814 557.756042,239.826309 
	C557.701965,237.313812 557.470642,234.441360 561.239502,234.499878 
	C564.845215,234.555862 564.335083,237.444077 564.245544,239.648682 
	C564.107422,243.052124 564.942688,245.118805 568.911011,244.837433 
	C571.778687,244.634094 572.742126,246.344055 572.055176,249.353241 
z"/>
<path fill="#000000" opacity="1.000000" stroke="none" 
	d="
M411.402771,235.299622 
	C411.400360,249.057877 411.413666,262.351501 411.363983,275.644836 
	C411.355713,277.857910 412.007996,280.738678 408.428467,280.835480 
	C405.131256,280.924591 404.904968,278.408325 404.901855,275.966064 
	C404.884796,262.506500 404.885803,249.046906 404.902069,235.587372 
	C404.904602,233.488190 405.213501,231.458344 407.875732,231.198273 
	C410.477905,230.944061 411.453796,232.429916 411.402771,235.299622 
z"/>
<path fill="#000000" opacity="1.000000" stroke="none" 
	d="
M488.501465,250.533234 
	C482.156281,252.207321 480.417236,254.260315 480.273773,260.378571 
	C480.148895,265.704041 480.228973,271.034271 480.217712,276.362396 
	C480.212769,278.705627 479.845917,280.888855 476.823425,280.784576 
	C474.132751,280.691742 473.777405,278.660217 473.773590,276.515411 
	C473.757202,267.357758 473.757050,258.200043 473.726898,249.042435 
	C473.718811,246.580307 474.756683,243.823624 477.208649,245.091064 
	C480.718018,246.905121 483.327118,245.371552 486.336456,244.649124 
	C487.976990,244.255295 489.845215,244.134415 490.682922,246.046661 
	C491.520538,247.958740 491.145691,249.655579 488.501465,250.533234 
z"/>
<path fill="#000000" opacity="1.000000" stroke="none" 
	d="
M723.640442,259.008728 
	C723.648804,255.179520 723.688721,251.847809 723.657837,248.516739 
	C723.635010,246.063431 724.877991,244.146530 727.182373,245.033752 
	C730.272888,246.223694 732.872620,245.476013 735.735718,244.759216 
	C737.636292,244.283432 739.882202,243.907852 740.435059,246.840424 
	C740.929504,249.463333 739.549133,250.339844 737.159851,250.684402 
	C732.123718,251.410721 730.249695,254.871765 730.167297,259.539459 
	C730.070251,265.034821 730.135864,270.532867 730.093933,276.029449 
	C730.075317,278.468140 729.903442,281.024658 726.547180,280.843445 
	C723.461365,280.676849 723.660339,278.196472 723.658691,275.997375 
	C723.654480,270.500397 723.647522,265.003448 723.640442,259.008728 
z"/>
<path fill="#000000" opacity="1.000000" stroke="none" 
	d="
M578.496460,244.875443 
	C581.376709,245.836716 583.580933,247.012100 586.512024,245.166763 
	C588.294922,244.044327 591.626953,243.148056 592.651367,246.767563 
	C593.628906,250.221466 590.846008,250.324173 588.533020,250.814651 
	C584.067383,251.761581 582.299438,254.917664 582.217590,259.163239 
	C582.108826,264.807159 582.159302,270.454010 582.124329,276.099487 
	C582.109070,278.564209 581.866089,281.054871 578.546753,280.860168 
	C575.463135,280.679260 575.688232,278.174927 575.684509,276.005310 
	C575.669495,267.204620 575.653442,258.403809 575.687622,249.603271 
	C575.695129,247.676178 575.268005,245.419250 578.496460,244.875443 
z"/>
</svg>