<svg version="1.1" id="Layer_1" xmlns="http://www.w3.org/2000/svg" xmlns:xlink="http://www.w3.org/1999/xlink" x="0px" y="0px"
	 width="100%" viewBox="0 0 267 109" enable-background="new 0 0 267 109" xml:space="preserve">
<path fill="#021640" opacity="1.000000" stroke="none" 
	d="
M268.000000,99.000000 
	C268.000000,102.662132 268.000000,106.324265 268.000000,109.989792 
	C179.114624,109.993195 90.229240,109.993195 1.000000,109.993195 
	C1.000000,84.980156 1.000000,59.958736 1.463742,34.468658 
	C2.757957,34.000000 3.588496,34.006935 4.418892,33.998943 
	C14.168770,33.905090 18.901720,35.973053 18.169523,21.562321 
	C18.112383,20.437731 20.142836,18.736677 21.556149,18.140148 
	C22.967741,17.544348 24.824978,18.047302 26.483852,17.986649 
	C32.163578,17.778973 33.810684,16.157042 33.978973,10.466843 
	C34.072227,7.313779 33.998474,4.155777 34.000000,1.000000 
	C44.020893,1.000000 54.041790,1.000000 64.531342,1.458073 
	C64.999550,3.896564 65.223198,5.910914 64.930046,7.847011 
	C64.680992,9.491792 63.941292,12.362904 63.236553,12.419399 
	C59.631977,12.708354 55.957047,12.373587 52.331848,12.007809 
	C51.130341,11.886579 50.003708,11.023254 48.842842,10.499214 
	C48.640995,12.226985 48.073032,14.010339 48.324883,15.669233 
	C48.684200,18.036045 49.644314,20.311647 50.401646,22.931412 
	C50.267143,23.824097 50.078812,24.411575 49.544876,24.948032 
	C44.932728,23.907701 42.225086,24.979082 41.901829,29.926844 
	C41.821293,31.159555 40.590664,32.293217 39.991108,33.522381 
	C39.337540,34.862282 38.803089,36.260288 37.985107,37.825287 
	C36.904320,38.542667 36.055134,39.067730 35.024124,39.287651 
	C34.051311,38.922993 33.260326,38.863476 32.469345,38.803959 
	C32.749359,39.578934 33.029373,40.353909 33.164032,41.429771 
	C32.096355,42.688633 31.174028,43.646606 30.187935,44.181030 
	C28.895382,42.520905 27.835852,40.929001 26.354216,40.223263 
	C25.764490,39.942364 23.216047,41.847157 23.330383,42.368496 
	C23.703665,44.070549 24.775993,45.677685 25.828722,47.142120 
	C26.221670,47.688740 27.301405,47.741653 28.038940,48.345833 
	C27.623802,49.447449 27.237709,50.222912 26.456028,50.998402 
	C24.385807,50.509655 22.732525,49.920425 21.030884,49.558670 
	C19.100157,49.148216 16.550037,48.076199 15.331705,48.887459 
	C14.094032,49.711594 14.014748,52.458069 13.695031,54.406487 
	C13.516140,55.496700 13.878928,56.675793 13.735392,57.936012 
	C12.908991,58.131527 12.344838,58.205872 11.459209,58.279987 
	C10.762891,58.471466 10.388046,58.663174 9.723038,58.993187 
	C9.538315,59.724754 9.512376,60.769035 9.768872,60.843750 
	C13.728857,61.997314 17.694111,63.171425 21.723577,64.035683 
	C24.987453,64.735733 27.140217,66.153053 27.055731,70.242813 
	C27.318264,73.898483 25.608971,78.598045 32.237831,77.414597 
	C36.206871,79.844376 39.986813,81.995773 43.532108,84.481796 
	C44.724510,85.317917 45.320358,87.004776 46.141479,88.798149 
	C46.944691,91.782997 43.636974,95.719620 48.824471,97.055374 
	C49.465420,99.180267 49.969963,100.997101 50.660065,103.482117 
	C51.376339,102.281876 51.758392,101.641678 52.511467,101.013657 
	C54.101986,101.142174 55.321491,101.258522 57.708832,101.486282 
	C56.838436,96.788033 56.087418,92.734138 55.320129,88.587906 
	C55.303864,88.495575 55.423965,88.351570 55.891335,88.511337 
	C59.764603,88.671104 63.170498,88.671104 66.576393,88.671104 
	C66.712082,88.046219 66.847771,87.421333 66.983452,86.796448 
	C65.612350,85.512512 64.241249,84.228584 63.043961,82.662216 
	C65.271866,80.825493 67.325966,79.271210 69.692444,77.912781 
	C72.786316,79.358345 75.458878,81.023590 78.368065,81.786163 
	C91.299934,85.175941 96.178139,80.195137 93.009071,67.240532 
	C92.721573,66.065308 92.932640,64.161072 93.702835,63.440563 
	C96.823837,60.520905 99.934982,53.187077 97.561943,50.516369 
	C95.586128,48.292706 91.363770,47.317871 88.076279,47.175018 
	C82.585159,46.936405 76.752327,50.216854 71.622833,44.875351 
	C67.555237,42.083900 63.777851,39.449749 60.024315,36.448563 
	C61.895401,34.825623 63.742638,33.569714 64.924118,32.766445 
	C64.592186,28.928497 64.257172,25.566412 64.023491,22.197302 
	C63.822643,19.301456 65.251717,18.166685 68.154411,17.961329 
	C82.004288,16.981468 81.999992,16.920773 82.000000,2.982508 
	C82.000000,2.321672 82.000000,1.660836 82.000000,1.000000 
	C143.897873,1.000000 205.795761,1.000000 268.000000,1.000000 
	C268.000000,27.353436 268.000000,53.708061 267.648010,80.479614 
	C262.621185,78.522774 262.349823,74.061165 262.013062,69.660126 
	C261.832550,67.301765 262.586853,64.505577 258.997253,63.669308 
	C259.007385,62.908577 259.009827,62.473816 259.031372,61.631878 
	C259.336914,58.228966 259.623352,55.233223 259.943451,51.838078 
	C260.305664,49.606655 260.634247,47.774635 261.054871,45.429314 
	C259.254822,45.699516 258.049042,45.880508 256.554504,45.955025 
	C255.504425,45.164665 254.743057,44.480785 253.832092,43.623531 
	C253.447296,43.243439 253.176239,43.108952 252.454590,43.018852 
	C246.310516,42.995533 240.581192,43.000057 234.673325,43.136520 
	C234.275497,43.475578 234.112350,43.720146 233.669724,44.001846 
	C232.886612,44.002071 232.439102,44.002625 231.890488,43.806404 
	C231.622253,43.360260 231.410461,43.157562 230.978394,42.649155 
	C228.909622,42.865025 227.016464,43.433285 224.706345,44.001640 
	C222.089218,45.375084 219.889038,46.748440 217.434174,47.997276 
	C216.779800,47.251274 216.380112,46.629799 216.300186,45.856915 
	C217.319473,44.412071 218.018997,43.118633 218.718536,41.825195 
	C218.130951,41.553158 217.543350,41.281120 216.955765,41.009083 
	C216.215012,42.189903 215.474258,43.370724 214.453796,44.346828 
	C213.115753,43.377407 212.057434,42.612701 210.830536,41.675514 
	C210.108643,41.618114 209.555328,41.733192 208.728699,41.946014 
	C208.253159,42.362740 208.050949,42.681721 207.725845,43.103180 
	C207.444016,43.532280 207.525986,43.797478 207.912781,44.463425 
	C207.932816,49.613815 207.888947,54.302036 207.545410,59.068993 
	C207.445862,60.102089 207.645996,61.056450 207.911285,62.381855 
	C207.932175,63.502571 207.887878,64.252243 207.650360,65.214478 
	C207.587677,66.284035 207.718216,67.141045 207.916901,68.303665 
	C208.012131,69.025833 208.039215,69.442390 207.899277,70.170105 
	C206.488892,70.992348 205.245514,71.503418 203.998001,71.756241 
	C203.990479,71.325829 203.987122,71.153671 203.831268,70.761292 
	C203.388962,70.336014 203.099121,70.130966 202.879456,69.689575 
	C202.949631,69.453239 203.130753,68.994637 203.340302,68.752388 
	C203.393585,67.340324 203.237320,66.170509 202.968170,64.851768 
	C202.855270,64.702843 202.861649,64.329124 202.861328,64.032372 
	C202.608246,63.363403 202.355484,62.991188 202.102707,62.618980 
	C201.734467,63.059914 201.366226,63.500847 200.560669,64.029404 
	C197.748199,64.062874 195.373062,64.008720 192.716492,63.713089 
	C190.946854,63.314857 189.458603,63.158108 187.866791,62.633369 
	C187.829559,61.510132 187.895920,60.754879 188.413177,59.997063 
	C192.255005,59.583260 195.645905,59.172028 199.438141,58.625858 
	C200.667801,58.356243 201.496140,58.221565 202.597809,58.010170 
	C202.827820,56.943840 202.784485,55.954235 202.562317,54.667564 
	C201.921570,53.893242 201.459656,53.415981 200.686035,52.692482 
	C197.249557,52.612022 194.124817,52.777809 190.670319,53.025784 
	C189.894119,53.053417 189.447662,52.998859 188.869812,52.747162 
	C188.531464,52.301338 188.276978,52.118965 187.879242,51.609360 
	C187.849258,50.143944 187.915009,49.072060 188.336151,47.996468 
	C189.794174,47.715805 190.896790,47.438847 192.433243,47.095825 
	C194.911606,47.074047 196.956146,47.118328 199.213654,47.355431 
	C200.284103,47.416954 201.141556,47.285656 202.268677,47.051704 
	C202.739471,46.632553 202.940582,46.316051 203.336609,45.787598 
	C203.405975,44.718395 203.280411,43.861145 202.930969,42.618599 
	C196.613144,42.151970 190.518005,41.989864 184.426620,42.080555 
	C183.560425,42.093452 182.712494,43.333702 181.707230,44.266762 
	C181.654755,44.901447 181.751175,45.275272 181.919434,46.095787 
	C181.852921,47.116322 181.714554,47.690159 181.257858,47.854370 
	C180.633408,47.305195 180.327301,47.165642 179.850464,46.786949 
	C179.462738,45.688904 179.236481,44.832203 179.030930,43.970570 
	C178.737427,42.740395 178.459061,41.506603 178.174240,40.274353 
	C177.102600,41.227036 176.030960,42.179714 174.585541,43.039261 
	C165.846344,39.259686 160.180344,40.687119 153.696793,48.009514 
	C152.177460,47.646420 151.023758,47.296169 149.916901,46.504623 
	C149.963730,44.812153 149.963730,43.560974 149.963730,41.998119 
	C143.495819,41.998119 137.441635,41.919079 131.394302,42.086975 
	C130.529648,42.110981 129.698151,43.329487 128.624481,44.338951 
	C128.548416,50.790161 128.699173,56.897594 128.913971,63.452953 
	C128.978012,65.822685 128.978012,67.744499 128.978012,69.746841 
	C136.221436,69.746841 142.942657,69.746841 150.004089,69.746841 
	C149.888138,67.723145 149.786285,65.945557 150.064102,63.995171 
	C151.496017,63.479748 152.548264,63.137123 153.777084,63.031960 
	C154.408630,64.139336 154.863586,65.009239 154.975769,66.045753 
	C153.751633,68.487366 152.870300,70.762360 151.659576,73.037727 
	C150.560944,73.360550 149.791702,73.682999 148.647766,73.844025 
	C146.949860,73.587631 145.626648,73.492668 143.954849,73.399963 
	C142.040894,73.596489 140.475540,73.790771 138.536743,74.007294 
	C134.980957,74.495949 131.798615,74.962372 127.809097,75.547096 
	C127.809097,77.054932 127.809097,79.519157 127.529449,82.063568 
	C127.041283,82.523048 126.562973,83.024193 126.669930,83.260986 
	C127.194099,84.421494 127.874054,85.511635 128.498962,86.626640 
	C127.803726,86.903076 126.606918,87.550369 126.493324,87.396744 
	C125.653664,86.261108 125.029785,84.965927 124.338043,83.720917 
	C124.338043,83.720917 125.076309,75.002632 125.025650,74.699936 
	C124.291122,74.599014 123.607262,74.800781 122.622864,75.142700 
	C120.975395,75.441765 119.628448,75.600677 119.127007,75.659843 
	C117.873428,78.201538 116.936722,80.100769 115.983444,81.627228 
	C113.944687,80.182419 111.922485,79.110390 109.523277,77.821358 
	C106.815247,72.656021 113.031410,76.815559 112.803314,73.704407 
	C110.891029,73.704407 108.924797,73.704407 106.662415,73.704407 
	C106.464081,75.134132 106.266098,76.561340 105.830994,78.182793 
	C105.739883,79.253151 105.885880,80.129257 106.145325,81.182961 
	C106.510429,81.695053 106.762093,82.029556 106.980293,82.779083 
	C106.389870,84.931061 105.926666,86.704926 105.259842,88.398613 
	C102.255852,96.028519 104.124939,98.857773 112.338211,98.996346 
	C113.502022,99.015991 114.666435,98.999954 115.830574,98.999954 
	C166.553711,99.000008 217.276855,99.000000 268.000000,99.000000 
M125.923546,64.116936 
	C125.781258,63.506855 125.638962,62.896774 125.496674,62.286686 
	C124.998611,62.929962 124.500549,63.573238 123.104210,64.505875 
	C119.491623,64.505875 115.879044,64.505875 111.803802,64.505875 
	C111.803802,56.874062 111.803802,49.634075 111.803802,42.306160 
	C109.621475,42.306160 107.926590,42.306160 106.362022,42.306160 
	C106.362022,51.676208 106.362022,60.722519 106.362022,69.802238 
	C113.000511,69.802238 119.280426,69.802238 125.920387,69.802238 
	C125.839218,67.978516 125.766853,66.352814 125.923546,64.116936 
M117.679588,54.361202 
	C116.535355,55.529892 115.391113,56.698582 114.246880,57.867271 
	C115.226234,58.560871 116.227264,59.837013 117.179512,59.801594 
	C118.387817,59.756645 119.556534,58.647038 120.742310,57.996525 
	C119.962708,56.790470 119.183105,55.584419 117.679588,54.361202 
M39.104321,94.624641 
	C40.049725,95.609566 40.995129,96.594482 41.940533,97.579407 
	C42.186214,96.080963 42.431892,94.582512 42.677570,93.084068 
	C41.538685,93.350334 40.399803,93.616608 39.104321,94.624641 
M40.956005,14.176106 
	C41.884258,13.113271 42.812511,12.050435 43.740765,10.987597 
	C43.025898,10.480049 42.311031,9.972502 41.596161,9.464954 
	C41.228775,10.859659 40.861385,12.254365 40.956005,14.176106 
M73.739494,33.502937 
	C73.057709,33.201393 72.375931,32.899853 71.694145,32.598309 
	C71.581017,33.022980 71.467896,33.447647 71.354767,33.872318 
	C72.096977,33.957672 72.839195,34.043030 73.739494,33.502937 
z"/>
<path fill="#031742" opacity="1.000000" stroke="none" 
	d="
M258.989563,63.995274 
	C262.586853,64.505577 261.832550,67.301765 262.013062,69.660126 
	C262.349823,74.061165 262.621185,78.522774 267.648010,80.948273 
	C268.000000,86.688042 268.000000,92.376083 268.000000,98.532059 
	C217.276855,99.000000 166.553711,99.000008 115.830574,98.999954 
	C114.666435,98.999954 113.502022,99.015991 112.338211,98.996346 
	C104.124939,98.857773 102.255852,96.028519 105.259842,88.398613 
	C105.926666,86.704926 106.389870,84.931061 107.391365,82.753693 
	C109.478828,82.338425 111.121758,82.363579 112.842079,82.760300 
	C113.524574,83.986557 114.129669,84.841248 115.525398,86.812706 
	C115.786491,84.165146 115.893250,83.082573 116.000008,82.000000 
	C116.936722,80.100769 117.873428,78.201538 119.127007,75.659843 
	C119.628448,75.600677 120.975395,75.441765 122.981995,75.160614 
	C124.119865,75.026451 124.598083,75.014542 125.076309,75.002632 
	C125.076309,75.002632 124.338043,83.720917 124.338043,83.720917 
	C125.029785,84.965927 125.653664,86.261108 126.493324,87.396744 
	C126.606918,87.550369 127.803726,86.903076 128.498962,86.626640 
	C127.874054,85.511635 127.194099,84.421494 126.669930,83.260986 
	C126.562973,83.024193 127.041283,82.523048 127.849548,82.319733 
	C130.652740,82.714661 132.856155,82.933624 133.979248,83.045235 
	C136.509766,81.981346 133.549149,75.095642 138.870361,80.410416 
	C139.960876,80.579422 140.991730,80.357010 142.437714,80.045036 
	C143.111984,80.535255 144.294235,81.394775 144.885056,81.824303 
	C145.291092,80.363762 145.616867,79.191986 146.181915,77.822571 
	C146.031815,76.743614 145.642456,75.862305 145.136627,74.693718 
	C144.781265,74.070198 144.542343,73.733955 144.303436,73.397713 
	C145.626648,73.492668 146.949860,73.587631 148.641937,74.266418 
	C149.462799,77.064583 149.364502,79.666512 150.556839,81.359406 
	C151.375900,82.522308 153.974152,82.644218 155.805359,82.752075 
	C156.350815,82.784195 157.471924,81.207344 157.494949,80.345428 
	C157.553650,78.147720 157.141724,75.937439 156.848114,73.042046 
	C155.035767,74.542702 153.589996,75.739807 151.746109,77.266563 
	C151.852768,75.408958 151.920868,74.223160 151.988953,73.037354 
	C152.870300,70.762360 153.751633,68.487366 155.269806,66.184357 
	C157.939453,67.478783 159.972260,68.801216 162.164444,70.303986 
	C162.880341,70.394844 163.436844,70.305382 164.393524,70.177719 
	C165.853470,70.284889 166.913254,70.430252 168.039215,70.839622 
	C169.993500,73.599274 170.581085,72.118050 171.328262,70.049194 
	C173.031525,69.269829 174.417175,68.594833 176.051666,67.822433 
	C176.522293,67.452530 176.744095,67.180046 177.144363,66.554016 
	C177.636597,64.139473 177.950333,62.078465 178.623596,60.015865 
	C179.941788,60.011108 180.900467,60.007950 181.929352,60.458229 
	C181.999542,63.843105 181.999542,66.774544 181.999542,70.122154 
	C189.079391,70.122154 195.543701,70.122154 202.204102,70.321289 
	C202.928055,70.674133 203.455902,70.827827 203.983765,70.981522 
	C203.987122,71.153671 203.990479,71.325829 203.816528,71.987488 
	C202.280991,73.731819 198.971024,73.268158 199.716583,76.702309 
	C198.937241,76.570274 198.434036,76.354385 197.819580,75.899452 
	C197.421570,75.467087 197.134796,75.273773 196.631195,75.017830 
	C196.414368,74.955208 195.987030,74.809875 195.889191,74.658485 
	C195.640640,74.317078 195.463470,74.156204 195.042160,73.778244 
	C194.493484,74.305168 193.917053,75.069046 193.887375,75.853600 
	C193.839417,77.121429 194.151093,78.402855 194.310898,79.678543 
	C193.843445,79.645279 193.375977,79.612007 192.908524,79.578743 
	C192.131851,77.665657 191.355179,75.752579 190.578491,73.839493 
	C190.111801,73.968750 189.645111,74.098007 189.178421,74.227264 
	C189.035080,76.473564 188.891739,78.719872 188.481903,81.055656 
	C188.810638,81.762573 189.405853,82.380005 190.381912,83.006760 
	C193.967560,81.014221 197.172348,79.012352 200.537155,77.296021 
	C202.096344,79.273933 203.268082,82.069267 204.944962,82.415092 
	C207.883667,83.021133 211.132202,82.124847 213.890213,81.888794 
	C214.405258,79.855331 215.507690,77.458969 215.446350,75.092773 
	C215.401581,73.366661 213.823151,71.680328 213.068970,69.529579 
	C213.349213,64.399643 213.488907,59.716381 213.901672,55.033768 
	C214.720688,55.026180 215.266663,55.017952 216.074219,55.231316 
	C219.924118,60.217724 223.512421,64.982544 227.195938,69.984070 
	C227.858978,70.192635 228.426788,70.164497 229.421890,70.047165 
	C230.287460,65.637749 230.725723,61.317535 231.393173,56.659496 
	C231.745438,52.215511 231.868515,48.109344 231.991608,44.003181 
	C232.439102,44.002625 232.886612,44.002071 233.669708,44.470242 
	C234.006790,51.065174 233.849838,57.197052 234.068863,63.315472 
	C234.201187,67.011589 233.835129,70.353096 230.872070,73.279282 
	C230.159286,74.044983 229.589172,74.559288 228.779663,74.821350 
	C226.134644,74.349510 223.724899,73.944878 221.325241,73.997795 
	C220.309631,74.020203 218.504013,74.943512 218.457504,75.562523 
	C218.292923,77.753334 218.297821,80.175835 219.133057,82.127724 
	C219.532974,83.062363 221.924515,83.390900 223.445175,83.483597 
	C224.089706,83.522896 225.470337,82.101868 225.358246,81.606743 
	C225.158752,80.725571 224.077805,80.043968 223.443710,79.362869 
	C225.180923,78.610924 226.960861,77.840485 228.896545,77.298119 
	C229.353012,77.732384 229.653702,77.938591 229.954163,78.300354 
	C229.953903,78.455902 229.934891,78.766441 229.771637,78.955246 
	C230.051178,79.423676 230.493973,79.703300 230.945129,80.005928 
	C230.953506,80.028938 230.998215,80.048904 230.893158,80.328285 
	C233.089554,83.859612 233.543533,83.890434 237.461884,81.020920 
	C239.176559,81.009071 240.495636,81.010216 241.933502,81.339890 
	C242.678467,81.717796 243.304611,81.767181 244.116257,82.059601 
	C245.988159,82.483406 247.674576,82.664185 250.154861,82.930069 
	C249.726212,78.145142 249.354630,73.997025 249.042877,69.761780 
	C249.102707,69.674644 249.306763,69.729836 249.617157,69.727394 
	C250.283752,69.525520 250.639938,69.326088 251.306534,68.979454 
	C253.718933,67.211327 255.820938,65.590408 258.189514,63.979134 
	C258.633881,63.990940 258.811707,63.993107 258.989563,63.995274 
M255.305496,73.682632 
	C252.749496,73.630096 251.518295,74.432892 252.757050,77.219887 
	C253.250977,78.331116 253.692322,79.689857 253.512756,80.834793 
	C252.944336,84.459480 255.890213,84.154884 257.615265,84.134651 
	C258.735809,84.121513 260.666290,82.347893 260.788025,81.208565 
	C261.159088,77.735130 260.131256,74.657631 255.305496,73.682632 
M185.788498,81.691345 
	C184.524200,78.836212 183.259888,75.981079 181.995590,73.125946 
	C181.513611,73.202393 181.031647,73.278847 180.549683,73.355301 
	C179.305267,76.042625 178.060867,78.729942 177.005554,81.008881 
	C180.036957,81.415489 182.572174,81.755547 185.788498,81.691345 
M166.699173,73.808876 
	C164.633530,73.808876 162.567886,73.808876 160.739471,73.808876 
	C162.126587,77.157166 163.280807,79.943268 164.435028,82.729370 
	C164.944550,82.695923 165.454071,82.662483 165.963577,82.629044 
	C166.344360,79.882195 166.725143,77.135353 166.699173,73.808876 
z"/>
<path fill="#031742" opacity="1.000000" stroke="none" 
	d="
M33.531342,1.000000 
	C33.998474,4.155777 34.072227,7.313779 33.978973,10.466843 
	C33.810684,16.157042 32.163578,17.778973 26.483852,17.986649 
	C24.824978,18.047302 22.967741,17.544348 21.556149,18.140148 
	C20.142836,18.736677 18.112383,20.437731 18.169523,21.562321 
	C18.901720,35.973053 14.168770,33.905090 4.418892,33.998943 
	C3.588496,34.006935 2.757957,34.000000 1.463742,34.000000 
	C1.000000,23.073441 1.000000,12.146883 1.000000,1.000000 
	C11.686553,1.000000 22.374619,1.000000 33.531342,1.000000 
z"/>
<path fill="#031742" opacity="1.000000" stroke="none" 
	d="
M50.347816,22.626205 
	C49.644314,20.311647 48.684200,18.036045 48.324883,15.669233 
	C48.073032,14.010339 48.640995,12.226985 48.842842,10.499214 
	C50.003708,11.023254 51.130341,11.886579 52.331848,12.007809 
	C55.957047,12.373587 59.631977,12.708354 63.236553,12.419399 
	C63.941292,12.362904 64.680992,9.491792 64.930046,7.847011 
	C65.223198,5.910914 64.999550,3.896564 65.000000,1.458073 
	C70.354927,1.000000 75.709862,1.000000 81.532394,1.000000 
	C82.000000,1.660836 82.000000,2.321672 82.000000,2.982508 
	C81.999992,16.920773 82.004288,16.981468 68.154411,17.961329 
	C65.251717,18.166685 63.822643,19.301456 64.023491,22.197302 
	C64.257172,25.566412 64.592186,28.928497 64.924118,32.766445 
	C63.742638,33.569714 61.895401,34.825623 59.716148,36.599091 
	C59.953541,38.735558 60.522953,40.354458 60.770027,41.953751 
	C59.873989,41.290150 59.300282,40.646164 58.669769,39.672623 
	C57.338371,37.240276 56.063778,35.137482 54.764385,32.763687 
	C54.257446,32.288815 53.775311,32.084938 53.115814,31.512226 
	C52.552303,28.778608 52.166145,26.413830 51.826706,23.746262 
	C51.364891,23.171049 50.856354,22.898628 50.347816,22.626205 
z"/>
<path fill="#ECF1F7" opacity="1.000000" stroke="none" 
	d="
M61.092365,41.973362 
	C60.522953,40.354458 59.953541,38.735558 59.692295,36.966125 
	C63.777851,39.449749 67.555237,42.083900 71.697731,45.225582 
	C72.893829,47.314533 73.560577,49.014580 74.596100,50.448277 
	C75.987160,52.374214 77.663033,54.094440 79.312729,55.997387 
	C79.408821,56.091805 79.674271,56.138569 79.674271,56.138569 
	C79.674271,56.138569 79.921570,56.031410 80.274979,56.020805 
	C81.747032,56.368347 82.865677,56.726494 84.006065,57.316345 
	C84.027809,57.548054 84.012749,58.013256 83.778015,58.015121 
	C83.274918,58.133392 83.006554,58.249794 82.738190,58.366196 
	C82.822357,58.487869 82.906532,58.609543 82.990700,58.731216 
	C83.322769,58.483822 83.654846,58.236431 84.417847,57.891888 
	C85.126350,57.696583 85.403923,57.598431 86.032440,57.584957 
	C88.686569,58.291393 90.989754,58.913155 93.292931,59.534916 
	C88.583015,61.776028 83.828072,62.915039 79.196335,64.430611 
	C77.700409,64.920097 76.154343,66.152161 75.281731,67.473976 
	C73.114777,70.756432 71.322701,74.286377 69.380066,77.716919 
	C67.325966,79.271210 65.271866,80.825493 62.678608,82.691132 
	C59.716892,84.554436 55.443317,83.782532 55.423965,88.351570 
	C55.423965,88.351570 55.303864,88.495575 55.166779,88.900787 
	C54.066616,93.204498 53.103531,97.102989 52.140446,101.001488 
	C51.758392,101.641678 51.376339,102.281876 50.660065,103.482117 
	C49.969963,100.997101 49.465420,99.180267 48.800186,96.653015 
	C47.822620,93.395996 47.005741,90.849403 46.188862,88.302803 
	C45.320358,87.004776 44.724510,85.317917 43.532108,84.481796 
	C39.986813,81.995773 36.206871,79.844376 32.111843,77.097099 
	C30.162273,74.353050 28.619490,72.074104 27.076708,69.795166 
	C27.140217,66.153053 24.987453,64.735733 21.723577,64.035683 
	C17.694111,63.171425 13.728857,61.997314 9.768872,60.843750 
	C9.512376,60.769035 9.538315,59.724754 10.051637,59.021561 
	C11.040495,58.701153 11.410589,58.490681 11.780684,58.280212 
	C12.344838,58.205872 12.908991,58.131527 14.113329,57.952271 
	C17.461767,57.111156 20.145128,56.258652 22.885429,55.672192 
	C25.508514,55.110813 26.939924,53.754841 26.851612,50.998371 
	C27.237709,50.222912 27.623802,49.447449 28.298042,48.199463 
	C29.141357,46.686153 29.696529,45.645367 30.251701,44.604584 
	C31.174028,43.646606 32.096355,42.688633 33.404385,41.360191 
	C34.262043,40.524082 34.733997,40.058434 35.205952,39.592789 
	C36.055134,39.067730 36.904320,38.542667 38.331673,37.676510 
	C43.706131,37.224953 39.552605,39.685417 39.619530,41.005157 
	C38.305996,42.262577 37.331551,43.402557 36.270962,44.455788 
	C28.786596,51.888218 27.473707,63.150494 33.098869,71.859940 
	C38.454449,80.152000 49.005962,83.708542 58.041889,80.267365 
	C68.104225,76.435280 74.034592,66.503128 71.830513,55.972893 
	C70.534317,49.780148 67.934212,43.983860 60.967361,41.920578 
	C61.015862,41.895699 61.092365,41.973362 61.092365,41.973362 
M80.389603,58.351044 
	C80.029503,58.055798 79.669411,57.760548 79.309311,57.465298 
	C79.128944,57.826950 78.948578,58.188602 78.768211,58.550255 
	C79.190697,58.607735 79.613182,58.665211 80.389603,58.351044 
M85.516472,59.473843 
	C85.749458,59.592194 85.974380,59.737877 86.220840,59.810570 
	C86.286232,59.829853 86.417786,59.624802 86.518967,59.522755 
	C86.286064,59.404076 86.053162,59.285397 85.516472,59.473843 
z"/>
<path fill="#031742" opacity="1.000000" stroke="none" 
	d="
M79.216644,55.902969 
	C77.663033,54.094440 75.987160,52.374214 74.596100,50.448277 
	C73.560577,49.014580 72.893829,47.314533 71.987946,45.382874 
	C76.752327,50.216854 82.585159,46.936405 88.076279,47.175018 
	C91.363770,47.317871 95.586128,48.292706 97.561943,50.516369 
	C99.934982,53.187077 96.823837,60.520905 93.702835,63.440563 
	C92.932640,64.161072 92.721573,66.065308 93.009071,67.240532 
	C96.178139,80.195137 91.299934,85.175941 78.368065,81.786163 
	C75.458878,81.023590 72.786316,79.358345 69.692444,77.912781 
	C71.322701,74.286377 73.114777,70.756432 75.281731,67.473976 
	C76.154343,66.152161 77.700409,64.920097 79.196335,64.430611 
	C83.828072,62.915039 88.583015,61.776028 93.292931,59.534916 
	C90.989754,58.913155 88.686569,58.291393 85.790985,57.392693 
	C84.793839,57.105381 84.389076,57.095013 83.984322,57.084641 
	C82.865677,56.726494 81.747032,56.368347 80.182861,55.911682 
	C79.539558,55.702923 79.365997,55.732857 79.216644,55.902969 
z"/>
<path fill="#F0F4F8" opacity="1.000000" stroke="none" 
	d="
M257.922943,63.969490 
	C255.820938,65.590408 253.718933,67.211327 250.986115,68.944893 
	C250.005783,69.281639 249.656281,69.505737 249.306763,69.729843 
	C249.306763,69.729836 249.102707,69.674644 248.578369,69.753014 
	C243.811508,69.831383 239.568985,69.831383 235.046280,69.831383 
	C235.046280,65.016090 235.071533,60.723793 235.039291,56.431931 
	C235.005692,51.955929 234.916656,47.480343 234.851852,43.004578 
	C240.581192,43.000057 246.310516,42.995533 252.559036,43.248856 
	C253.379379,43.603439 253.680527,43.700176 253.981689,43.796906 
	C254.743057,44.480785 255.504425,45.164665 256.660889,46.287331 
	C258.007263,48.563236 258.958527,50.400364 259.909790,52.237488 
	C259.623352,55.233223 259.336914,58.228966 258.799500,61.804024 
	C258.339966,62.912064 258.131470,63.440781 257.922943,63.969490 
M251.839218,62.489582 
	C254.796021,58.919449 255.270966,54.920025 253.000885,51.003075 
	C250.298859,46.340794 245.634003,46.983521 241.128448,47.083805 
	C241.128448,52.965733 241.128448,58.483562 241.128448,64.702576 
	C244.769287,64.067383 247.954376,63.511700 251.839218,62.489582 
z"/>
<path fill="#F4F8FB" opacity="1.000000" stroke="none" 
	d="
M149.684433,64.167969 
	C149.786285,65.945557 149.888138,67.723145 150.004089,69.746841 
	C142.942657,69.746841 136.221436,69.746841 128.978012,69.746841 
	C128.978012,67.744499 128.978012,65.822685 128.992630,62.990025 
	C128.955261,56.051174 128.903290,50.023174 128.851318,43.995174 
	C129.698151,43.329487 130.529648,42.110981 131.394302,42.086975 
	C137.441635,41.919079 143.495819,41.998119 149.963730,41.998119 
	C149.963730,43.560974 149.963730,44.812153 149.457626,46.528168 
	C144.192734,46.993004 139.433945,46.993004 134.732010,46.993004 
	C134.732010,49.267914 134.732010,51.013218 134.732010,53.151924 
	C139.567749,53.151924 144.145447,53.151924 149.322647,53.151924 
	C148.994446,55.329140 148.737747,57.032131 148.068008,58.589294 
	C143.441818,58.443474 139.228638,58.443474 134.757202,58.443474 
	C134.757202,60.525898 134.757202,62.076042 134.757202,63.935741 
	C138.901276,63.935741 142.950333,63.935741 147.325684,64.028976 
	C148.329453,64.137459 149.006943,64.152710 149.684433,64.167969 
z"/>
<path fill="#F1F5F8" opacity="1.000000" stroke="none" 
	d="
M162.005066,70.123657 
	C159.972260,68.801216 157.939453,67.478783 155.612610,66.017746 
	C154.863586,65.009239 154.408630,64.139336 153.686020,62.720497 
	C153.232864,61.780743 153.047348,61.389923 152.912186,60.718372 
	C152.785934,59.914822 152.609299,59.391998 152.447113,58.460964 
	C152.995193,54.709282 153.528809,51.365818 154.062439,48.022354 
	C160.180344,40.687119 165.846344,39.259686 174.735535,43.336414 
	C179.102142,46.393799 175.316635,47.205784 174.215485,48.893948 
	C173.000366,48.218632 172.059433,47.531292 171.008240,47.140614 
	C166.961975,45.636810 163.106735,45.811733 160.191040,49.371277 
	C157.290070,52.912834 157.123642,56.990616 159.079086,61.006157 
	C160.870483,64.684891 166.395584,66.666664 170.310547,64.636047 
	C171.923676,63.799343 172.640121,61.233864 174.227386,58.722088 
	C170.497238,58.456680 168.403625,58.307716 166.270737,58.155956 
	C166.270737,56.442963 166.270737,55.019440 166.270737,53.365471 
	C170.271362,53.365471 174.021606,53.365471 177.876389,53.365471 
	C178.015594,55.038784 178.138046,56.510624 178.176117,58.318230 
	C178.149185,59.108486 178.206635,59.562973 178.264084,60.017460 
	C177.950333,62.078465 177.636597,64.139473 176.881012,66.632240 
	C176.227066,67.349281 176.014938,67.634552 175.802826,67.919830 
	C174.417175,68.594833 173.031525,69.269829 170.940369,69.993790 
	C169.480927,70.220375 168.726990,70.397995 167.973053,70.575615 
	C166.913254,70.430252 165.853470,70.284889 164.068710,70.083984 
	C162.897522,70.060173 162.451294,70.091911 162.005066,70.123657 
z"/>
<path fill="#F3F7F9" opacity="1.000000" stroke="none" 
	d="
M213.628601,55.033119 
	C213.488907,59.716381 213.349213,64.399643 212.663391,69.522446 
	C210.766953,69.927643 209.416626,69.893295 208.066299,69.858948 
	C208.039215,69.442390 208.012131,69.025833 207.992752,67.932861 
	C207.948166,66.504936 207.895874,65.753426 207.843582,65.001915 
	C207.887878,64.252243 207.932175,63.502571 207.987823,62.008080 
	C207.947815,60.505592 207.896454,59.747929 207.845093,58.990261 
	C207.888947,54.302036 207.932816,49.613815 207.982971,44.213261 
	C207.942429,43.334190 207.895584,43.167446 207.848755,43.000698 
	C208.050949,42.681721 208.253159,42.362740 209.058502,42.023148 
	C210.107468,41.951019 210.553284,41.899509 210.999115,41.847996 
	C212.057434,42.612701 213.115753,43.377407 214.531799,44.588501 
	C215.253159,45.359364 215.616806,45.683842 215.980438,46.008320 
	C216.380112,46.629799 216.779800,47.251274 217.547607,48.326454 
	C220.115555,51.554977 222.315384,54.329803 225.123306,57.871674 
	C225.123306,52.493553 225.123306,48.247555 225.123306,44.001549 
	C227.016464,43.433285 228.909622,42.865025 230.903473,43.108421 
	C231.057449,48.279160 231.110733,52.638241 231.164001,56.997318 
	C230.725723,61.317535 230.287460,65.637749 229.111664,69.958252 
	C227.949661,69.888138 227.525192,69.817757 227.100708,69.747368 
	C223.512421,64.982544 219.924118,60.217724 216.012436,54.932823 
	C215.008820,53.769978 214.328583,53.127213 213.152725,52.016125 
	C213.385040,53.488987 213.506821,54.261051 213.628601,55.033119 
z"/>
<path fill="#F2F6FA" opacity="1.000000" stroke="none" 
	d="
M202.007996,70.122154 
	C195.543701,70.122154 189.079391,70.122154 181.999542,70.122154 
	C181.999542,66.774544 181.999542,63.843105 182.010345,60.034496 
	C181.965240,57.436069 181.909317,55.714809 181.924530,53.622063 
	C181.948166,52.498669 181.900665,51.746765 181.932953,50.667130 
	C181.935745,49.675419 181.858780,49.011444 181.657318,48.296005 
	C181.532837,48.244541 181.424225,48.491108 181.448090,48.424877 
	C181.471970,48.358646 181.576187,48.263992 181.576187,48.263992 
	C181.714554,47.690159 181.852921,47.116322 182.005493,45.825985 
	C181.965179,44.741627 181.910645,44.373768 181.856110,44.005905 
	C182.712494,43.333702 183.560425,42.093452 184.426620,42.080555 
	C190.518005,41.989864 196.613144,42.151970 202.855042,42.989243 
	C203.049225,44.496639 203.095459,45.248096 203.141708,45.999550 
	C202.940582,46.316051 202.739471,46.632553 201.897156,46.979355 
	C200.504211,47.060642 199.752441,47.111626 199.000671,47.162609 
	C196.956146,47.118328 194.911606,47.074047 192.052124,47.020226 
	C190.151688,47.340511 189.066223,47.670341 187.980743,48.000172 
	C187.915009,49.072060 187.849258,50.143944 187.846390,51.919151 
	C188.273239,52.729752 188.637238,52.837029 189.001221,52.944305 
	C189.447662,52.998859 189.894119,53.053417 191.116135,53.122009 
	C194.927063,53.070274 197.962402,53.004501 200.997757,52.938728 
	C201.459656,53.415981 201.921570,53.893242 202.417999,55.038017 
	C202.409851,56.499321 202.367172,57.293106 202.324478,58.086887 
	C201.496140,58.221565 200.667801,58.356243 199.004883,58.475655 
	C196.358612,58.441055 194.515793,58.207623 192.744339,58.465149 
	C191.110489,58.702671 189.553253,59.467216 187.962280,59.999626 
	C187.895920,60.754879 187.829559,61.510132 187.950272,63.036415 
	C189.757538,63.856491 191.377716,63.905529 192.997910,63.954571 
	C195.373062,64.008720 197.748199,64.062874 200.862823,64.129532 
	C202.022064,64.204391 202.441864,64.266754 202.861649,64.329124 
	C202.861649,64.329124 202.855270,64.702843 202.923706,65.250458 
	C203.038361,66.863602 203.084549,67.929115 203.130753,68.994637 
	C203.130753,68.994637 202.949631,69.453239 202.669067,69.697495 
	C202.388519,69.941757 202.007996,70.122154 202.007996,70.122154 
z"/>
<path fill="#031742" opacity="1.000000" stroke="none" 
	d="
M181.853180,50.994865 
	C181.900665,51.746765 181.948166,52.498669 181.604462,53.636280 
	C180.229019,55.342148 179.244766,56.662308 178.260498,57.982468 
	C178.138046,56.510624 178.015594,55.038784 177.876389,53.365471 
	C174.021606,53.365471 170.271362,53.365471 166.270737,53.365471 
	C166.270737,55.019440 166.270737,56.442963 166.270737,58.155956 
	C168.403625,58.307716 170.497238,58.456680 174.227386,58.722088 
	C172.640121,61.233864 171.923676,63.799343 170.310547,64.636047 
	C166.395584,66.666664 160.870483,64.684891 159.079086,61.006157 
	C157.123642,56.990616 157.290070,52.912834 160.191040,49.371277 
	C163.106735,45.811733 166.961975,45.636810 171.008240,47.140614 
	C172.059433,47.531292 173.000366,48.218632 174.215485,48.893948 
	C175.316635,47.205784 179.102142,46.393799 175.109314,43.429543 
	C176.030960,42.179714 177.102600,41.227036 178.174240,40.274353 
	C178.459061,41.506603 178.737427,42.740395 179.030930,43.970570 
	C179.236481,44.832203 179.462738,45.688904 180.089691,47.024864 
	C180.807831,47.831654 181.116028,48.161385 181.424225,48.491112 
	C181.424225,48.491108 181.532837,48.244541 181.454285,48.610691 
	C181.534882,49.649517 181.694031,50.322193 181.853180,50.994865 
z"/>
<path fill="#EDF4FA" opacity="1.000000" stroke="none" 
	d="
M125.694496,64.727119 
	C125.766853,66.352814 125.839218,67.978516 125.920387,69.802238 
	C119.280426,69.802238 113.000511,69.802238 106.362022,69.802238 
	C106.362022,60.722519 106.362022,51.676208 106.362022,42.306160 
	C107.926590,42.306160 109.621475,42.306160 111.803802,42.306160 
	C111.803802,49.634075 111.803802,56.874062 111.803802,64.505875 
	C115.879044,64.505875 119.491623,64.505875 123.809662,64.520287 
	C124.908241,64.598839 125.301369,64.662979 125.694496,64.727119 
z"/>
<path fill="#0F2145" opacity="1.000000" stroke="none" 
	d="
M234.673325,43.136520 
	C234.916656,47.480343 235.005692,51.955929 235.039291,56.431931 
	C235.071533,60.723793 235.046280,65.016090 235.046280,69.831383 
	C239.568985,69.831383 243.811508,69.831383 248.518524,69.840149 
	C249.354630,73.997025 249.726212,78.145142 250.154861,82.930069 
	C247.674576,82.664185 245.988159,82.483406 244.096375,81.659088 
	C244.962372,80.643608 246.033707,80.271675 247.674500,79.702042 
	C247.752533,78.241890 247.864655,76.143494 247.992676,73.747429 
	C245.811035,73.747429 243.976181,73.747429 241.814697,73.747429 
	C241.814697,76.413147 241.814697,78.712250 241.814697,81.011353 
	C240.495636,81.010216 239.176559,81.009071 237.513214,80.701904 
	C237.563095,79.421631 237.957245,78.447380 238.351395,77.473137 
	C238.017395,77.104050 237.683380,76.734970 237.349365,76.365883 
	C235.768509,78.876755 234.580338,82.327431 230.998215,80.048904 
	C230.998215,80.048904 230.953506,80.028938 230.851776,79.751991 
	C230.478317,79.238846 230.206604,79.002647 229.934891,78.766449 
	C229.934891,78.766441 229.953903,78.455902 230.107788,77.998100 
	C230.512695,76.036156 230.763718,74.532013 231.014740,73.027870 
	C233.835129,70.353096 234.201187,67.011589 234.068863,63.315472 
	C233.849838,57.197052 234.006790,51.065174 234.005341,44.470570 
	C234.112350,43.720146 234.275497,43.475578 234.673325,43.136520 
M234.894684,74.660675 
	C235.255508,74.935753 235.616318,75.210838 235.977127,75.485916 
	C235.912704,74.899910 235.848282,74.313911 235.783875,73.727905 
	C235.417725,73.891685 235.051575,74.055466 234.894684,74.660675 
z"/>
<path fill="#0F2145" opacity="1.000000" stroke="none" 
	d="
M207.899277,70.170105 
	C209.416626,69.893295 210.766953,69.927643 212.522842,69.969131 
	C213.823151,71.680328 215.401581,73.366661 215.446350,75.092773 
	C215.507690,77.458969 214.405258,79.855331 213.890213,81.888794 
	C211.132202,82.124847 207.883667,83.021133 204.944962,82.415092 
	C203.268082,82.069267 202.096344,79.273933 200.411362,77.224419 
	C200.125565,76.867287 199.992706,76.618454 199.992706,76.618454 
	C198.971024,73.268158 202.280991,73.731819 203.820679,72.245743 
	C205.245514,71.503418 206.488892,70.992348 207.899277,70.170105 
z"/>
<path fill="#031742" opacity="1.000000" stroke="none" 
	d="
M153.696793,48.009514 
	C153.528809,51.365818 152.995193,54.709282 151.952316,58.487049 
	C150.455719,58.859272 149.468369,58.797195 148.481033,58.735123 
	C148.737747,57.032131 148.994446,55.329140 149.322647,53.151924 
	C144.145447,53.151924 139.567749,53.151924 134.732010,53.151924 
	C134.732010,51.013218 134.732010,49.267914 134.732010,46.993004 
	C139.433945,46.993004 144.192734,46.993004 149.410797,46.969463 
	C151.023758,47.296169 152.177460,47.646420 153.696793,48.009514 
z"/>
<path fill="#031742" opacity="1.000000" stroke="none" 
	d="
M39.918743,40.847561 
	C39.552605,39.685417 43.706131,37.224953 38.563278,37.484192 
	C38.803089,36.260288 39.337540,34.862282 39.991108,33.522381 
	C40.590664,32.293217 41.821293,31.159555 41.901829,29.926844 
	C42.225086,24.979082 44.932728,23.907701 49.608093,25.195717 
	C50.053196,25.660940 50.089466,25.827456 49.959351,26.315826 
	C48.498623,29.695906 47.204288,32.754128 45.624664,35.988411 
	C43.917370,38.122776 42.495361,40.081070 40.839291,41.884460 
	C40.376400,41.435555 40.147572,41.141556 39.918743,40.847561 
z"/>
<path fill="#031742" opacity="1.000000" stroke="none" 
	d="
M26.456028,50.998402 
	C26.939924,53.754841 25.508514,55.110813 22.885429,55.672192 
	C20.145128,56.258652 17.461767,57.111156 14.375576,57.831100 
	C13.878928,56.675793 13.516140,55.496700 13.695031,54.406487 
	C14.014748,52.458069 14.094032,49.711594 15.331705,48.887459 
	C16.550037,48.076199 19.100157,49.148216 21.030884,49.558670 
	C22.732525,49.920425 24.385807,50.509655 26.456028,50.998402 
z"/>
<path fill="#16274A" opacity="1.000000" stroke="none" 
	d="
M138.810699,80.018997 
	C133.549149,75.095642 136.509766,81.981346 133.979248,83.045235 
	C132.856155,82.933624 130.652740,82.714661 128.129211,82.239532 
	C127.809097,79.519157 127.809097,77.054932 127.809097,75.547096 
	C131.798615,74.962372 134.980957,74.495949 138.560089,74.438553 
	C138.908142,76.571388 138.859421,78.295189 138.810699,80.018997 
z"/>
<path fill="#16274A" opacity="1.000000" stroke="none" 
	d="
M151.659576,73.037727 
	C151.920868,74.223160 151.852768,75.408958 151.746109,77.266563 
	C153.589996,75.739807 155.035767,74.542702 156.848114,73.042046 
	C157.141724,75.937439 157.553650,78.147720 157.494949,80.345428 
	C157.471924,81.207344 156.350815,82.784195 155.805359,82.752075 
	C153.974152,82.644218 151.375900,82.522308 150.556839,81.359406 
	C149.364502,79.666512 149.462799,77.064583 149.016632,74.427856 
	C149.791702,73.682999 150.560944,73.360550 151.659576,73.037727 
z"/>
<path fill="#031742" opacity="1.000000" stroke="none" 
	d="
M224.706345,44.001640 
	C225.123306,48.247555 225.123306,52.493553 225.123306,57.871674 
	C222.315384,54.329803 220.115555,51.554977 217.802307,48.450977 
	C219.889038,46.748440 222.089218,45.375084 224.706345,44.001640 
z"/>
<path fill="#C1CBD7" opacity="1.000000" stroke="none" 
	d="
M112.764679,82.388733 
	C111.121758,82.363579 109.478828,82.338425 107.424835,82.338661 
	C106.762093,82.029556 106.510429,81.695053 106.257416,80.814026 
	C106.193413,79.507851 106.130760,78.748192 106.068108,77.988541 
	C106.266098,76.561340 106.464081,75.134132 106.662415,73.704407 
	C108.924797,73.704407 110.891029,73.704407 112.803314,73.704407 
	C113.031410,76.815559 106.815247,72.656021 109.396530,78.213875 
	C109.824959,79.441170 109.810860,80.323463 110.221245,80.621750 
	C111.079704,81.245712 112.161934,81.561790 113.015961,82.060699 
	C112.879669,82.117073 112.764679,82.388733 112.764679,82.388733 
z"/>
<path fill="#031742" opacity="1.000000" stroke="none" 
	d="
M55.891335,88.511337 
	C55.443317,83.782532 59.716892,84.554436 62.504799,82.973572 
	C64.241249,84.228584 65.612350,85.512512 66.983452,86.796448 
	C66.847771,87.421333 66.712082,88.046219 66.576393,88.671104 
	C63.170498,88.671104 59.764603,88.671104 55.891335,88.511337 
z"/>
<path fill="#D7E1E9" opacity="1.000000" stroke="none" 
	d="
M138.870361,80.410416 
	C138.859421,78.295189 138.908142,76.571388 138.933517,74.416321 
	C140.475540,73.790771 142.040894,73.596489 143.954849,73.399963 
	C144.542343,73.733955 144.781265,74.070198 145.060699,74.971161 
	C145.381699,76.363998 145.662155,77.192108 145.942627,78.020218 
	C145.616867,79.191986 145.291092,80.363762 144.885056,81.824303 
	C144.294235,81.394775 143.111984,80.535255 142.437714,80.045036 
	C140.991730,80.357010 139.960876,80.579422 138.870361,80.410416 
z"/>
<path fill="#031742" opacity="1.000000" stroke="none" 
	d="
M52.511467,101.013657 
	C53.103531,97.102989 54.066616,93.204498 55.183044,88.993118 
	C56.087418,92.734138 56.838436,96.788033 57.708832,101.486282 
	C55.321491,101.258522 54.101986,101.142174 52.511467,101.013657 
z"/>
<path fill="#031742" opacity="1.000000" stroke="none" 
	d="
M30.187931,44.181030 
	C29.696529,45.645367 29.141357,46.686153 28.327084,47.873314 
	C27.301405,47.741653 26.221670,47.688740 25.828722,47.142120 
	C24.775993,45.677685 23.703665,44.070549 23.330383,42.368496 
	C23.216047,41.847157 25.764490,39.942364 26.354216,40.223263 
	C27.835852,40.929001 28.895382,42.520905 30.187931,44.181030 
z"/>
<path fill="#031742" opacity="1.000000" stroke="none" 
	d="
M118.041542,54.369785 
	C119.183105,55.584419 119.962708,56.790470 120.742310,57.996521 
	C119.556534,58.647038 118.387817,59.756645 117.179512,59.801594 
	C116.227264,59.837013 115.226234,58.560871 114.246880,57.867271 
	C115.391113,56.698582 116.535355,55.529892 118.041542,54.369785 
z"/>
<path fill="#0F2145" opacity="1.000000" stroke="none" 
	d="
M188.413177,59.997063 
	C189.553253,59.467216 191.110489,58.702671 192.744339,58.465149 
	C194.515793,58.207623 196.358612,58.441055 198.603577,58.610588 
	C195.645905,59.172028 192.255005,59.583260 188.413177,59.997063 
z"/>
<path fill="#031742" opacity="1.000000" stroke="none" 
	d="
M39.182617,94.253754 
	C40.399803,93.616608 41.538685,93.350334 42.677570,93.084068 
	C42.431892,94.582512 42.186214,96.080963 41.940533,97.579407 
	C40.995129,96.594482 40.049725,95.609566 39.182617,94.253754 
z"/>
<path fill="#031742" opacity="1.000000" stroke="none" 
	d="
M40.725002,13.912588 
	C40.861385,12.254365 41.228775,10.859659 41.596161,9.464954 
	C42.311031,9.972502 43.025898,10.480049 43.740765,10.987598 
	C42.812511,12.050435 41.884258,13.113271 40.725002,13.912588 
z"/>
<path fill="#16274A" opacity="1.000000" stroke="none" 
	d="
M128.624481,44.338951 
	C128.903290,50.023174 128.955261,56.051174 128.928589,62.542103 
	C128.699173,56.897594 128.548416,50.790161 128.624481,44.338951 
z"/>
<path fill="#031742" opacity="1.000000" stroke="none" 
	d="
M27.055731,70.242813 
	C28.619490,72.074104 30.162273,74.353050 31.831045,76.949486 
	C25.608971,78.598045 27.318264,73.898483 27.055731,70.242813 
z"/>
<path fill="#031742" opacity="1.000000" stroke="none" 
	d="
M152.861816,60.999100 
	C153.047348,61.389923 153.232864,61.780743 153.509445,62.483028 
	C152.548264,63.137123 151.496017,63.479748 150.064102,63.995171 
	C149.006943,64.152710 148.329453,64.137459 147.337219,63.686066 
	C147.634491,59.037712 150.720963,61.245003 152.861816,60.999100 
z"/>
<path fill="#031742" opacity="1.000000" stroke="none" 
	d="
M113.152260,82.004318 
	C112.161934,81.561790 111.079704,81.245712 110.221245,80.621750 
	C109.810860,80.323463 109.824959,79.441170 109.773544,78.430878 
	C111.922485,79.110390 113.944687,80.182419 115.627472,81.627304 
	C114.576126,82.001541 113.864197,82.002930 113.152260,82.004318 
z"/>
<path fill="#031742" opacity="1.000000" stroke="none" 
	d="
M216.300186,45.856915 
	C215.616806,45.683842 215.253159,45.359364 214.811523,44.793213 
	C215.474258,43.370724 216.215012,42.189903 216.955765,41.009083 
	C217.543350,41.281120 218.130951,41.553158 218.718536,41.825195 
	C218.018997,43.118633 217.319473,44.412071 216.300186,45.856915 
z"/>
<path fill="#031742" opacity="1.000000" stroke="none" 
	d="
M259.943451,51.838081 
	C258.958527,50.400364 258.007263,48.563236 256.949646,46.393806 
	C258.049042,45.880508 259.254822,45.699516 261.054871,45.429314 
	C260.634247,47.774635 260.305664,49.606655 259.943451,51.838081 
z"/>
<path fill="#0F2145" opacity="1.000000" stroke="none" 
	d="
M231.393173,56.659496 
	C231.110733,52.638241 231.057449,48.279160 231.079086,43.460812 
	C231.410461,43.157562 231.622253,43.360260 231.890488,43.806404 
	C231.868515,48.109344 231.745438,52.215511 231.393173,56.659496 
z"/>
<path fill="#031742" opacity="1.000000" stroke="none" 
	d="
M46.141479,88.798149 
	C47.005741,90.849403 47.822620,93.395996 48.663780,96.344963 
	C43.636974,95.719620 46.944691,91.782997 46.141479,88.798149 
z"/>
<path fill="#0F2145" opacity="1.000000" stroke="none" 
	d="
M200.686035,52.692482 
	C197.962402,53.004501 194.927063,53.070274 191.445892,53.039825 
	C194.124817,52.777809 197.249557,52.612022 200.686035,52.692482 
z"/>
<path fill="#031742" opacity="1.000000" stroke="none" 
	d="
M73.660446,33.815662 
	C72.839195,34.043030 72.096977,33.957672 71.354767,33.872318 
	C71.467896,33.447647 71.581017,33.022980 71.694145,32.598309 
	C72.375931,32.899853 73.057709,33.201393 73.660446,33.815662 
z"/>
<path fill="#031742" opacity="1.000000" stroke="none" 
	d="
M35.024124,39.287651 
	C34.733997,40.058434 34.262043,40.524082 33.549736,41.059303 
	C33.029373,40.353909 32.749359,39.578934 32.469345,38.803959 
	C33.260326,38.863476 34.051311,38.922993 35.024124,39.287651 
z"/>
<path fill="#0F2145" opacity="1.000000" stroke="none" 
	d="
M202.597809,58.010170 
	C202.367172,57.293106 202.409851,56.499321 202.596848,55.335083 
	C202.784485,55.954235 202.827820,56.943840 202.597809,58.010170 
z"/>
<path fill="#F1F3F7" opacity="1.000000" stroke="none" 
	d="
M50.125736,25.993969 
	C50.089466,25.827456 50.053196,25.660940 49.953705,25.246740 
	C50.078812,24.411575 50.267143,23.824097 50.401646,22.931412 
	C50.856354,22.898628 51.364891,23.171049 51.641930,23.925362 
	C50.982197,24.936157 50.553967,25.465063 50.125736,25.993969 
z"/>
<path fill="#0F2145" opacity="1.000000" stroke="none" 
	d="
M207.545410,59.068993 
	C207.896454,59.747929 207.947815,60.505592 207.922653,61.637035 
	C207.645996,61.056450 207.445862,60.102089 207.545410,59.068993 
z"/>
<path fill="#031742" opacity="1.000000" stroke="none" 
	d="
M125.809021,64.422028 
	C125.301369,64.662979 124.908241,64.598839 124.258804,64.375610 
	C124.500549,63.573238 124.998611,62.929962 125.496674,62.286690 
	C125.638962,62.896774 125.781258,63.506855 125.809021,64.422028 
z"/>
<path fill="#0F2145" opacity="1.000000" stroke="none" 
	d="
M192.716492,63.713089 
	C191.377716,63.905529 189.757538,63.856491 188.053864,63.404404 
	C189.458603,63.158108 190.946854,63.314857 192.716492,63.713089 
z"/>
<path fill="#16274A" opacity="1.000000" stroke="none" 
	d="
M125.025650,74.699936 
	C124.598083,75.014542 124.119865,75.026451 123.282516,75.020462 
	C123.607262,74.800781 124.291122,74.599014 125.025650,74.699936 
z"/>
<path fill="#0F2145" opacity="1.000000" stroke="none" 
	d="
M203.340302,68.752388 
	C203.084549,67.929115 203.038361,66.863602 203.036621,65.399384 
	C203.237320,66.170509 203.393585,67.340324 203.340302,68.752388 
z"/>
<path fill="#0F2145" opacity="1.000000" stroke="none" 
	d="
M188.336151,47.996468 
	C189.066223,47.670341 190.151688,47.340511 191.618286,47.086285 
	C190.896790,47.438847 189.794174,47.715805 188.336151,47.996468 
z"/>
<path fill="#0F2145" opacity="1.000000" stroke="none" 
	d="
M202.861328,64.032372 
	C202.441864,64.266754 202.022064,64.204391 201.300140,64.041901 
	C201.366226,63.500847 201.734467,63.059914 202.102707,62.618980 
	C202.355484,62.991188 202.608246,63.363403 202.861328,64.032372 
z"/>
<path fill="#0F2145" opacity="1.000000" stroke="none" 
	d="
M203.336609,45.787598 
	C203.095459,45.248096 203.049225,44.496639 203.078918,43.374542 
	C203.280411,43.861145 203.405975,44.718395 203.336609,45.787598 
z"/>
<path fill="#031742" opacity="1.000000" stroke="none" 
	d="
M105.830994,78.182793 
	C106.130760,78.748192 106.193413,79.507851 106.143974,80.636429 
	C105.885880,80.129257 105.739883,79.253151 105.830994,78.182793 
z"/>
<path fill="#0F2145" opacity="1.000000" stroke="none" 
	d="
M199.213654,47.355431 
	C199.752441,47.111626 200.504211,47.060642 201.627502,47.082008 
	C201.141556,47.285656 200.284103,47.416954 199.213654,47.355431 
z"/>
<path fill="#0F2145" opacity="1.000000" stroke="none" 
	d="
M207.650360,65.214478 
	C207.895874,65.753426 207.948166,66.504936 207.924606,67.627243 
	C207.718216,67.141045 207.587677,66.284035 207.650360,65.214478 
z"/>
<path fill="#0F2145" opacity="1.000000" stroke="none" 
	d="
M258.189514,63.979137 
	C258.131470,63.440781 258.339966,62.912064 258.780365,62.211197 
	C259.009827,62.473816 259.007385,62.908577 258.997253,63.669308 
	C258.811707,63.993107 258.633881,63.990940 258.189514,63.979137 
z"/>
<path fill="#0F2145" opacity="1.000000" stroke="none" 
	d="
M210.830536,41.675514 
	C210.553284,41.899509 210.107468,41.951019 209.331833,41.925400 
	C209.555328,41.733192 210.108643,41.618114 210.830536,41.675514 
z"/>
<path fill="#0F2145" opacity="1.000000" stroke="none" 
	d="
M202.204102,70.321289 
	C202.007996,70.122154 202.388519,69.941757 202.598907,69.933838 
	C203.099121,70.130966 203.388962,70.336014 203.831268,70.761292 
	C203.455902,70.827827 202.928055,70.674133 202.204102,70.321289 
z"/>
<path fill="#0F2145" opacity="1.000000" stroke="none" 
	d="
M181.448090,48.424881 
	C181.116028,48.161385 180.807831,47.831654 180.260406,47.264008 
	C180.327301,47.165642 180.633408,47.305195 181.257858,47.854370 
	C181.576187,48.263992 181.471970,48.358646 181.448090,48.424881 
z"/>
<path fill="#0F2145" opacity="1.000000" stroke="none" 
	d="
M207.725845,43.103180 
	C207.895584,43.167446 207.942429,43.334190 207.919067,43.751091 
	C207.525986,43.797478 207.444016,43.532280 207.725845,43.103180 
z"/>
<path fill="#031742" opacity="1.000000" stroke="none" 
	d="
M11.459209,58.279987 
	C11.410589,58.490681 11.040495,58.701153 10.341801,58.883255 
	C10.388046,58.663174 10.762891,58.471466 11.459209,58.279987 
z"/>
<path fill="#0F2145" opacity="1.000000" stroke="none" 
	d="
M188.869812,52.747162 
	C188.637238,52.837029 188.273239,52.729752 187.942108,52.312683 
	C188.276978,52.118965 188.531464,52.301338 188.869812,52.747162 
z"/>
<path fill="#031742" opacity="1.000000" stroke="none" 
	d="
M253.832092,43.623535 
	C253.680527,43.700176 253.379379,43.603439 252.973785,43.276695 
	C253.176239,43.108952 253.447296,43.243439 253.832092,43.623535 
z"/>
<path fill="#0F2145" opacity="1.000000" stroke="none" 
	d="
M181.707230,44.266766 
	C181.910645,44.373768 181.965179,44.741627 181.933655,45.379288 
	C181.751175,45.275272 181.654755,44.901447 181.707230,44.266766 
z"/>
<path fill="#0F2145" opacity="1.000000" stroke="none" 
	d="
M228.740784,77.070053 
	C226.960861,77.840485 225.180923,78.610924 223.443710,79.362869 
	C224.077805,80.043968 225.158752,80.725571 225.358246,81.606743 
	C225.470337,82.101868 224.089706,83.522896 223.445175,83.483597 
	C221.924515,83.390900 219.532974,83.062363 219.133057,82.127724 
	C218.297821,80.175835 218.292923,77.753334 218.457504,75.562523 
	C218.504013,74.943512 220.309631,74.020203 221.325241,73.997795 
	C223.724899,73.944878 226.134644,74.349510 228.751846,75.155334 
	C228.889191,76.184387 228.814987,76.627220 228.740784,77.070053 
z"/>
<path fill="#0F2145" opacity="1.000000" stroke="none" 
	d="
M255.650558,73.785980 
	C260.131256,74.657631 261.159088,77.735130 260.788025,81.208565 
	C260.666290,82.347893 258.735809,84.121513 257.615265,84.134651 
	C255.890213,84.154884 252.944336,84.459480 253.512756,80.834793 
	C253.692322,79.689857 253.250977,78.331116 252.757050,77.219887 
	C251.518295,74.432892 252.749496,73.630096 255.650558,73.785980 
z"/>
<path fill="#384263" opacity="1.000000" stroke="none" 
	d="
M197.930817,76.138496 
	C198.434036,76.354385 198.937241,76.570274 199.716583,76.702309 
	C199.992706,76.618454 200.125565,76.867287 200.251358,76.938889 
	C197.172348,79.012352 193.967560,81.014221 190.231445,82.749153 
	C189.382874,81.976875 189.065643,81.471519 188.748398,80.966171 
	C188.891739,78.719872 189.035080,76.473564 189.178421,74.227264 
	C189.645111,74.098007 190.111801,73.968750 190.578491,73.839493 
	C191.355179,75.752579 192.131851,77.665657 192.908524,79.578743 
	C193.375977,79.612007 193.843445,79.645279 194.310898,79.678543 
	C194.151093,78.402855 193.839417,77.121429 193.887375,75.853600 
	C193.917053,75.069046 194.493484,74.305168 195.090118,73.965134 
	C195.502045,74.633728 195.712479,74.770935 195.987030,74.809875 
	C195.987030,74.809875 196.414368,74.955208 196.765930,75.236984 
	C197.388596,75.725334 197.659698,75.931915 197.930817,76.138496 
z"/>
<path fill="#CEDEE8" opacity="1.000000" stroke="none" 
	d="
M241.933502,81.339890 
	C241.814697,78.712250 241.814697,76.413147 241.814697,73.747429 
	C243.976181,73.747429 245.811035,73.747429 247.992676,73.747429 
	C247.864655,76.143494 247.752533,78.241890 247.674500,79.702042 
	C246.033707,80.271675 244.962372,80.643608 243.910889,81.416061 
	C243.304611,81.767181 242.678467,81.717796 241.933502,81.339890 
z"/>
<path fill="#D1DAE8" opacity="1.000000" stroke="none" 
	d="
M185.447937,81.893471 
	C182.572174,81.755547 180.036957,81.415489 177.005554,81.008881 
	C178.060867,78.729942 179.305267,76.042625 180.549683,73.355301 
	C181.031647,73.278847 181.513611,73.202393 181.995590,73.125946 
	C183.259888,75.981079 184.524200,78.836212 185.447937,81.893471 
z"/>
<path fill="#0F2145" opacity="1.000000" stroke="none" 
	d="
M166.902557,74.098694 
	C166.725143,77.135353 166.344360,79.882195 165.963577,82.629044 
	C165.454071,82.662483 164.944550,82.695923 164.435028,82.729370 
	C163.280807,79.943268 162.126587,77.157166 160.739471,73.808876 
	C162.567886,73.808876 164.633530,73.808876 166.902557,74.098694 
z"/>
<path fill="#1A2D4F" opacity="1.000000" stroke="none" 
	d="
M230.893158,80.328285 
	C234.580338,82.327431 235.768509,78.876755 237.349365,76.365883 
	C237.683380,76.734970 238.017395,77.104050 238.351395,77.473137 
	C237.957245,78.447380 237.563095,79.421631 237.117615,80.714890 
	C233.543533,83.890434 233.089554,83.859612 230.893158,80.328285 
z"/>
<path fill="#0F2145" opacity="1.000000" stroke="none" 
	d="
M178.176117,58.318233 
	C179.244766,56.662308 180.229019,55.342148 181.533325,54.007774 
	C181.909317,55.714809 181.965240,57.436069 181.940155,59.581055 
	C180.900467,60.007950 179.941788,60.011108 178.623596,60.015865 
	C178.206635,59.562973 178.149185,59.108486 178.176117,58.318233 
z"/>
<path fill="#021640" opacity="1.000000" stroke="none" 
	d="
M113.015961,82.060692 
	C113.864197,82.002930 114.576126,82.001541 115.644035,82.000076 
	C115.893250,83.082573 115.786491,84.165146 115.525398,86.812706 
	C114.129669,84.841248 113.524574,83.986557 112.842079,82.760300 
	C112.764679,82.388733 112.879669,82.117073 113.015961,82.060692 
z"/>
<path fill="#1A2D4F" opacity="1.000000" stroke="none" 
	d="
M228.896545,77.298119 
	C228.814987,76.627220 228.889191,76.184387 228.991211,75.407578 
	C229.589172,74.559288 230.159286,74.044983 230.872070,73.279282 
	C230.763718,74.532013 230.512695,76.036156 230.108032,77.842545 
	C229.653702,77.938591 229.353012,77.732384 228.896545,77.298119 
z"/>
<path fill="#0F2145" opacity="1.000000" stroke="none" 
	d="
M168.039215,70.839622 
	C168.726990,70.397995 169.480927,70.220375 170.622757,70.098160 
	C170.581085,72.118050 169.993500,73.599274 168.039215,70.839622 
z"/>
<path fill="#16274A" opacity="1.000000" stroke="none" 
	d="
M146.181915,77.822571 
	C145.662155,77.192108 145.381699,76.363998 145.177155,75.258438 
	C145.642456,75.862305 146.031815,76.743614 146.181915,77.822571 
z"/>
<path fill="#0F2145" opacity="1.000000" stroke="none" 
	d="
M213.901657,55.033768 
	C213.506821,54.261051 213.385040,53.488987 213.152725,52.016125 
	C214.328583,53.127213 215.008820,53.769978 215.750824,54.711231 
	C215.266663,55.017952 214.720688,55.026180 213.901657,55.033768 
z"/>
<path fill="#0F2145" opacity="1.000000" stroke="none" 
	d="
M188.481903,81.055656 
	C189.065643,81.471519 189.382874,81.976875 189.850586,82.739822 
	C189.405853,82.380005 188.810638,81.762573 188.481903,81.055656 
z"/>
<path fill="#1A2D4F" opacity="1.000000" stroke="none" 
	d="
M229.771637,78.955246 
	C230.206604,79.002647 230.478317,79.238846 230.843399,79.728981 
	C230.493973,79.703300 230.051178,79.423676 229.771637,78.955246 
z"/>
<path fill="#0F2145" opacity="1.000000" stroke="none" 
	d="
M162.164444,70.303986 
	C162.451294,70.091911 162.897522,70.060173 163.668549,70.122177 
	C163.436844,70.305382 162.880341,70.394844 162.164444,70.303986 
z"/>
<path fill="#0F2145" opacity="1.000000" stroke="none" 
	d="
M227.195938,69.984070 
	C227.525192,69.817757 227.949661,69.888138 228.684372,70.047440 
	C228.426788,70.164497 227.858978,70.192635 227.195938,69.984070 
z"/>
<path fill="#0F2145" opacity="1.000000" stroke="none" 
	d="
M195.889191,74.658485 
	C195.712479,74.770935 195.502045,74.633728 195.307770,74.211372 
	C195.463470,74.156204 195.640640,74.317078 195.889191,74.658485 
z"/>
<path fill="#0F2145" opacity="1.000000" stroke="none" 
	d="
M249.617157,69.727402 
	C249.656281,69.505737 250.005783,69.281639 250.675705,69.092094 
	C250.639938,69.326088 250.283752,69.525520 249.617157,69.727402 
z"/>
<path fill="#0F2145" opacity="1.000000" stroke="none" 
	d="
M197.819580,75.899452 
	C197.659698,75.931915 197.388596,75.725334 196.982758,75.299606 
	C197.134796,75.273773 197.421570,75.467087 197.819580,75.899452 
z"/>
<path fill="#0F2145" opacity="1.000000" stroke="none" 
	d="
M176.051651,67.822426 
	C176.014938,67.634552 176.227066,67.349281 176.702530,66.985779 
	C176.744095,67.180046 176.522293,67.452530 176.051651,67.822426 
z"/>
<path fill="#F9FAFC" opacity="1.000000" stroke="none" 
	d="
M41.073357,42.039368 
	C42.495361,40.081070 43.917370,38.122776 45.777161,36.291031 
	C47.445026,37.626793 48.675117,38.836006 49.917774,40.382896 
	C49.595818,41.511707 49.261295,42.302837 48.579788,43.122513 
	C47.214199,44.845840 46.195591,46.540619 45.176983,48.235401 
	C45.795326,48.507820 46.413666,48.780243 47.368927,49.036587 
	C48.503815,48.677982 49.301781,48.335457 50.324596,47.995159 
	C50.549450,47.997387 50.999161,48.001106 51.047729,48.108028 
	C51.096302,48.214951 51.381329,48.230640 51.381329,48.230640 
	C51.381329,48.230640 51.001110,47.999146 51.117058,47.735378 
	C51.159367,46.649517 51.085720,45.827427 51.026463,44.652290 
	C51.414082,43.197311 51.787315,42.095375 52.523624,40.932518 
	C54.833328,40.581795 56.779949,40.291985 58.726574,40.002178 
	C59.300282,40.646164 59.873989,41.290150 60.770027,41.953751 
	C61.092365,41.973362 61.015862,41.895699 61.026592,42.262409 
	C64.678032,47.388802 69.705193,51.434326 69.092606,58.867943 
	C69.072975,60.392586 69.101166,61.409542 69.161407,62.797749 
	C67.965317,71.806374 60.803532,74.830025 54.488667,78.617462 
	C53.840393,79.006256 52.865437,78.952431 52.045277,78.936699 
	C44.346882,78.789131 37.996780,75.971733 34.402386,68.888443 
	C30.798599,61.786640 31.376774,54.765369 36.178169,48.268524 
	C37.747025,46.145676 39.438148,44.113182 41.073357,42.039368 
M54.139080,59.628593 
	C55.039688,60.115204 55.940296,60.601814 56.840904,61.088425 
	C57.009457,60.544052 57.178009,59.999680 57.346565,59.455307 
	C56.231647,59.302906 55.116734,59.150505 53.893387,58.308315 
	C52.029945,56.783184 50.166504,55.258053 48.303062,53.732922 
	C47.850754,54.525669 47.398445,55.318420 46.946136,56.111168 
	C49.296886,57.074711 51.647633,58.038258 54.139080,59.628593 
M63.641151,65.816231 
	C62.590069,64.310394 61.538986,62.804562 60.487904,61.298729 
	C60.132236,61.579712 59.776569,61.860695 59.420902,62.141682 
	C60.694569,63.497784 61.968231,64.853889 63.641151,65.816231 
z"/>
<path fill="#F8FBFC" opacity="1.000000" stroke="none" 
	d="
M49.905209,40.045216 
	C48.675117,38.836006 47.445026,37.626793 46.062447,36.114964 
	C47.204288,32.754128 48.498623,29.695906 49.959351,26.315826 
	C50.553967,25.465063 50.982197,24.936157 51.595207,24.228153 
	C52.166145,26.413830 52.552303,28.778608 52.753834,31.603807 
	C51.681210,34.724556 50.793209,37.384888 49.905209,40.045216 
z"/>
<path fill="#F8FBFC" opacity="1.000000" stroke="none" 
	d="
M58.669769,39.672623 
	C56.779949,40.291985 54.833328,40.581795 52.532433,40.593849 
	C53.048500,37.888962 53.918842,35.461826 54.789185,33.034687 
	C56.063778,35.137482 57.338371,37.240276 58.669769,39.672623 
z"/>
<path fill="#F1F3F7" opacity="1.000000" stroke="none" 
	d="
M54.764385,32.763687 
	C53.918842,35.461826 53.048500,37.888962 52.169350,40.654770 
	C51.787315,42.095375 51.414082,43.197311 50.715286,44.601757 
	C49.902073,44.300835 49.414421,43.697403 48.926773,43.093967 
	C49.261295,42.302837 49.595818,41.511707 49.917774,40.382896 
	C50.793209,37.384888 51.681210,34.724556 52.931190,31.972647 
	C53.775311,32.084938 54.257446,32.288815 54.764385,32.763687 
z"/>
<path fill="#1B2B49" opacity="1.000000" stroke="none" 
	d="
M40.839294,41.884460 
	C39.438148,44.113182 37.747025,46.145676 36.178169,48.268524 
	C31.376774,54.765369 30.798599,61.786640 34.402386,68.888443 
	C37.996780,75.971733 44.346882,78.789131 52.045277,78.936699 
	C52.865437,78.952431 53.840393,79.006256 54.488667,78.617462 
	C60.803532,74.830025 67.965317,71.806374 69.362305,62.496586 
	C69.400909,60.669529 69.270668,59.514889 69.140434,58.360249 
	C69.705193,51.434326 64.678032,47.388802 60.978096,42.287289 
	C67.934212,43.983860 70.534317,49.780148 71.830513,55.972893 
	C74.034592,66.503128 68.104225,76.435280 58.041889,80.267365 
	C49.005962,83.708542 38.454449,80.152000 33.098869,71.859940 
	C27.473707,63.150494 28.786596,51.888218 36.270962,44.455788 
	C37.331551,43.402557 38.305996,42.262577 39.619530,41.005157 
	C40.147572,41.141556 40.376400,41.435555 40.839294,41.884460 
z"/>
<path fill="#CBD7E1" opacity="1.000000" stroke="none" 
	d="
M80.212631,58.536865 
	C79.613182,58.665211 79.190697,58.607735 78.768211,58.550255 
	C78.948578,58.188602 79.128944,57.826950 79.309311,57.465298 
	C79.669411,57.760548 80.029503,58.055798 80.212631,58.536865 
z"/>
<path fill="#CBD7E1" opacity="1.000000" stroke="none" 
	d="
M83.986923,57.989044 
	C83.654846,58.236431 83.322769,58.483822 82.990700,58.731216 
	C82.906532,58.609543 82.822357,58.487869 82.738190,58.366196 
	C83.006554,58.249794 83.274918,58.133392 83.771713,58.008587 
	C84.000145,58.000187 83.986923,57.989044 83.986923,57.989044 
z"/>
<path fill="#CBD7E1" opacity="1.000000" stroke="none" 
	d="
M85.668365,59.320282 
	C86.053162,59.285397 86.286064,59.404076 86.518967,59.522755 
	C86.417786,59.624802 86.286232,59.829853 86.220840,59.810570 
	C85.974380,59.737877 85.749458,59.592194 85.668365,59.320282 
z"/>
<path fill="#CBD7E1" opacity="1.000000" stroke="none" 
	d="
M84.006065,57.316349 
	C84.389076,57.095013 84.793839,57.105381 85.440048,57.308018 
	C85.403923,57.598431 85.126350,57.696583 84.417847,57.891891 
	C83.986923,57.989044 84.000145,58.000187 84.006447,58.006721 
	C84.012749,58.013256 84.027809,57.548054 84.006065,57.316349 
z"/>
<path fill="#CBD7E1" opacity="1.000000" stroke="none" 
	d="
M79.312729,55.997387 
	C79.365997,55.732857 79.539558,55.702923 79.829453,55.922287 
	C79.921570,56.031410 79.674271,56.138569 79.674271,56.138569 
	C79.674271,56.138569 79.408821,56.091805 79.312729,55.997387 
z"/>
<path fill="#061841" opacity="1.000000" stroke="none" 
	d="
M251.489349,62.722801 
	C247.954376,63.511700 244.769287,64.067383 241.128448,64.702576 
	C241.128448,58.483562 241.128448,52.965733 241.128448,47.083805 
	C245.634003,46.983521 250.298859,46.340794 253.000885,51.003075 
	C255.270966,54.920025 254.796021,58.919449 251.489349,62.722801 
z"/>
<path fill="#021640" opacity="1.000000" stroke="none" 
	d="
M152.912186,60.718376 
	C150.720963,61.245003 147.634491,59.037712 147.010941,63.592834 
	C142.950333,63.935741 138.901276,63.935741 134.757202,63.935741 
	C134.757202,62.076042 134.757202,60.525898 134.757202,58.443474 
	C139.228638,58.443474 143.441818,58.443474 148.068008,58.589298 
	C149.468369,58.797195 150.455719,58.859272 151.937866,58.895264 
	C152.609299,59.391998 152.785934,59.914822 152.912186,60.718376 
z"/>
<path fill="#0F2145" opacity="1.000000" stroke="none" 
	d="
M181.932953,50.667130 
	C181.694031,50.322193 181.534882,49.649517 181.578766,48.662155 
	C181.858780,49.011444 181.935745,49.675419 181.932953,50.667130 
z"/>
<path fill="#1A2D4F" opacity="1.000000" stroke="none" 
	d="
M234.790054,74.439964 
	C235.051575,74.055466 235.417725,73.891685 235.783875,73.727905 
	C235.848282,74.313911 235.912704,74.899910 235.977142,75.485916 
	C235.616318,75.210838 235.255508,74.935753 234.790054,74.439964 
z"/>
<path fill="#F8FBFC" opacity="1.000000" stroke="none" 
	d="
M48.579788,43.122513 
	C49.414421,43.697403 49.902073,44.300835 50.700897,44.954803 
	C51.085720,45.827427 51.159367,46.649517 51.116505,47.735806 
	C51.000000,48.000000 50.999161,48.001106 50.999161,48.001106 
	C50.999161,48.001106 50.549450,47.997387 50.260811,47.716782 
	C48.992115,47.975010 48.012062,48.513840 47.032005,49.052666 
	C46.413666,48.780243 45.795326,48.507820 45.176983,48.235401 
	C46.195591,46.540619 47.214199,44.845840 48.579788,43.122513 
z"/>
<path fill="#F1F3F7" opacity="1.000000" stroke="none" 
	d="
M53.998383,59.001801 
	C51.647633,58.038258 49.296886,57.074711 46.946136,56.111168 
	C47.398445,55.318420 47.850754,54.525669 48.303062,53.732922 
	C50.166504,55.258053 52.029945,56.783184 53.946693,58.654160 
	C54.000000,59.000000 53.998383,59.001801 53.998383,59.001801 
z"/>
<path fill="#F1F3F7" opacity="1.000000" stroke="none" 
	d="
M63.441525,66.013107 
	C61.968231,64.853889 60.694569,63.497784 59.420902,62.141682 
	C59.776569,61.860695 60.132236,61.579712 60.487904,61.298729 
	C61.538986,62.804562 62.590069,64.310394 63.441525,66.013107 
z"/>
<path fill="#F1F3F7" opacity="1.000000" stroke="none" 
	d="
M54.000908,58.999050 
	C55.116734,59.150505 56.231647,59.302906 57.346565,59.455307 
	C57.178009,59.999680 57.009457,60.544052 56.840904,61.088425 
	C55.940296,60.601814 55.039688,60.115204 54.068733,59.315197 
	C53.998383,59.001801 54.000000,59.000000 54.000908,58.999050 
z"/>
<path fill="#F1F3F7" opacity="1.000000" stroke="none" 
	d="
M47.368927,49.036587 
	C48.012062,48.513840 48.992115,47.975010 50.035957,47.714554 
	C49.301781,48.335457 48.503815,48.677982 47.368927,49.036587 
z"/>
<path fill="#F1F3F7" opacity="1.000000" stroke="none" 
	d="
M69.092606,58.867943 
	C69.270668,59.514889 69.400909,60.669529 69.330254,62.125332 
	C69.101166,61.409542 69.072975,60.392586 69.092606,58.867943 
z"/>
<path fill="#F8FBFC" opacity="1.000000" stroke="none" 
	d="
M51.000557,47.999573 
	C51.001110,47.999146 51.381329,48.230640 51.381329,48.230640 
	C51.381329,48.230640 51.096302,48.214951 51.047729,48.108028 
	C50.999161,48.001106 51.000000,48.000000 51.000557,47.999573 
z"/>
</svg>