<svg version="1.1" id="Layer_1" xmlns="http://www.w3.org/2000/svg" xmlns:xlink="http://www.w3.org/1999/xlink" x="0px" y="0px"
	 width="100%" viewBox="0 0 419 120" enable-background="new 0 0 419 120" xml:space="preserve">
<path fill="#FEFEFE" opacity="1.000000" stroke="none" 
	d="
M121.000000,1.000000 
	C220.605911,1.000000 320.211823,1.000000 419.908875,1.000000 
	C419.908875,40.914680 419.908875,80.829636 419.908875,121.000000 
	C320.645905,121.000000 221.291611,121.000000 121.486069,120.531372 
	C121.023224,80.375168 121.011612,40.687584 121.000000,1.000000 
M340.089417,42.083683 
	C332.316650,42.083683 324.543884,42.083683 316.681030,42.083683 
	C316.681030,54.969231 316.681030,67.345467 316.681030,79.703995 
	C325.489777,79.703995 333.935669,79.703995 342.440735,79.703995 
	C342.440735,77.785362 342.440735,76.103104 342.440735,74.039108 
	C335.625031,74.039108 329.195312,74.039108 322.107941,74.039108 
	C322.107941,69.210106 322.107941,64.756310 322.463684,59.444653 
	C327.179108,65.099258 333.348602,64.071144 339.530457,63.425591 
	C339.530457,61.575161 339.530457,60.002289 339.530457,57.616714 
	C333.554047,57.616714 327.846283,57.616714 322.322418,56.770134 
	C322.322418,53.861725 322.322418,50.953312 322.322418,47.730968 
	C329.351196,47.730968 335.629883,47.730968 342.273529,47.730968 
	C342.165466,45.923695 342.078033,44.461697 342.022797,42.435291 
	C341.688049,42.367428 341.353271,42.299564 340.089417,42.083683 
M203.667709,68.013985 
	C204.049225,68.013176 204.430756,68.012367 205.354752,68.519661 
	C207.668289,73.773407 212.366699,71.764168 216.199387,71.854187 
	C219.105499,71.922455 221.377274,72.090027 222.005600,75.508537 
	C222.847580,80.089546 225.954269,80.561531 230.155151,79.517426 
	C225.100525,67.597672 220.134125,55.704937 214.989899,43.889626 
	C213.790771,41.135460 208.189880,41.194637 206.980530,43.973667 
	C201.850235,55.762707 196.890411,67.625938 191.850571,79.503891 
	C196.406082,80.870850 198.799469,79.409988 199.977600,75.263680 
	C200.691284,72.751884 202.034836,70.419044 203.667709,68.013985 
M244.747620,66.001053 
	C250.269211,65.081360 254.286102,67.011185 256.827911,72.110199 
	C257.554504,73.567787 259.041718,74.640488 259.801239,76.088455 
	C261.960938,80.205727 265.174103,80.690773 269.579224,79.223946 
	C265.954132,74.385353 262.512909,69.792206 258.921051,64.997955 
	C259.949402,64.337181 260.745148,63.841076 261.525574,63.321888 
	C265.870819,60.431068 267.833710,55.783012 266.820526,50.922421 
	C265.766296,45.865166 262.466400,42.904026 257.559479,42.593834 
	C250.863480,42.170540 244.120621,42.488205 237.447006,42.488205 
	C237.447006,55.069084 237.447006,67.308159 237.447006,79.651947 
	C239.447662,79.651947 241.177750,79.651947 243.452209,79.651947 
	C243.452209,74.946350 243.452209,70.490105 243.644501,66.121155 
	C243.644501,66.121155 243.844986,66.054771 244.747620,66.001053 
M150.839630,55.590176 
	C150.958511,55.318398 151.044998,55.023979 151.211594,54.785526 
	C151.282211,54.684437 151.637283,54.627426 151.666824,54.674255 
	C154.498871,59.160507 157.292191,63.671242 160.131790,68.152664 
	C162.991272,72.665512 166.149918,72.602516 169.065903,67.997971 
	C171.917496,63.495056 174.752884,58.981876 177.595398,54.473198 
	C177.960358,54.615314 178.325317,54.757431 178.690277,54.899544 
	C178.690277,63.147060 178.690277,71.394577 178.690277,79.959091 
	C180.895432,79.858353 182.637039,79.778786 184.485718,79.694328 
	C184.485718,67.030411 184.485718,54.766842 184.485718,42.586964 
	C180.488266,41.131062 178.221527,42.585541 176.267548,45.976231 
	C172.721939,52.128815 168.739243,58.029507 164.725143,64.373291 
	C160.742676,58.010815 156.790894,52.261066 153.462219,46.170757 
	C151.422714,42.439190 148.948898,41.240616 145.004822,42.462856 
	C145.004822,54.853653 145.004822,67.259659 145.004822,79.953629 
	C147.034912,79.856361 148.777832,79.772850 150.832443,79.674408 
	C150.832443,71.670158 150.832443,64.033348 150.839630,55.590176 
M276.275635,42.097614 
	C274.908051,42.176125 273.540436,42.254635 271.840332,42.352234 
	C276.709991,54.337093 281.286377,65.866325 286.175934,77.261192 
	C286.721527,78.532684 289.073456,79.757164 290.538818,79.702156 
	C292.019257,79.646561 294.169952,78.295959 294.765015,76.953339 
	C298.316559,68.940079 301.512909,60.769028 304.807281,52.642353 
	C306.182892,49.249004 307.506439,45.834564 308.830383,42.488525 
	C303.933350,41.074173 301.905945,42.912914 300.482697,47.130867 
	C297.575134,55.747604 294.036011,64.151245 290.519653,73.257301 
	C286.851288,63.695660 283.532104,54.866180 280.037170,46.106827 
	C279.442841,44.617271 278.094543,43.428555 276.275635,42.097614 
M364.518433,74.201469 
	C362.738312,74.201469 360.958221,74.201469 358.752686,74.201469 
	C358.752686,63.324032 358.752686,52.914379 358.752686,42.299240 
	C356.555878,42.299240 354.791290,42.299240 352.928345,42.299240 
	C352.928345,54.843006 352.928345,67.268677 352.928345,79.668282 
	C361.092407,79.668282 369.001007,79.668282 376.854492,79.668282 
	C376.854492,77.682259 376.854492,75.973343 376.854492,74.201469 
	C372.815979,74.201469 369.155762,74.201469 364.518433,74.201469 
M385.761414,79.883598 
	C393.715942,79.883598 401.670471,79.883598 409.807068,79.883598 
	C409.807068,77.864555 409.807068,76.275421 409.807068,74.207253 
	C403.565277,74.207253 397.489746,74.207253 390.860687,74.207253 
	C390.860687,63.204147 390.860687,52.666832 390.860687,42.248848 
	C388.662537,42.248848 387.039398,42.248848 385.069305,42.248848 
	C385.069305,54.666115 385.069305,66.941467 385.761414,79.883598 
z"/>
<path fill="#FCFCFC" opacity="1.000000" stroke="none" 
	d="
M2.000000,1.000000 
	C41.020893,1.000000 80.041786,1.000000 119.462128,1.331542 
	C118.319740,3.170872 116.928284,4.883547 115.206978,6.146789 
	C110.632591,9.503874 109.499405,13.820349 109.570686,19.436131 
	C109.887054,44.360771 110.162849,69.303902 109.495049,94.214661 
	C109.207741,104.932373 110.408951,114.108055 119.888100,120.524239 
	C119.987297,120.591377 119.965378,120.837456 120.000000,121.000000 
	C80.979103,121.000000 41.958210,121.000000 2.590262,120.687866 
	C4.028250,118.632759 5.669835,116.704987 7.627953,115.184967 
	C11.807487,111.940559 12.868109,107.867882 12.812229,102.636711 
	C12.543557,77.484825 12.136028,52.310486 12.950797,27.182154 
	C13.301898,16.353849 11.344581,7.721771 2.188010,1.456017 
	C2.074483,1.378331 2.060466,1.155227 2.000000,1.000000 
M34.641174,94.883865 
	C27.199438,94.883965 22.462576,97.985435 18.863222,105.193474 
	C47.141151,105.193474 75.432419,105.193474 104.488304,105.193474 
	C102.675873,103.262253 101.301010,102.051270 100.233009,100.612503 
	C96.785332,95.967987 92.381866,94.596184 86.556107,94.737602 
	C69.580864,95.149651 52.589169,94.883865 34.641174,94.883865 
M39.500393,16.365726 
	C32.495605,16.365726 25.490816,16.365726 17.337488,16.365726 
	C19.597631,18.747030 21.015190,19.937086 22.058077,21.395130 
	C25.462786,26.155188 29.937122,27.386383 35.726845,27.253119 
	C52.515369,26.866686 69.354980,26.455887 86.101395,27.380180 
	C95.192261,27.881939 99.264572,22.760778 104.562950,16.365749 
	C82.605370,16.365749 61.552822,16.365749 39.500393,16.365726 
M31.587559,77.471069 
	C31.587559,81.558723 31.587559,85.646378 31.587559,91.153557 
	C34.273914,88.326942 35.788067,86.304672 37.708683,84.801857 
	C41.748455,81.640854 42.905785,77.730995 42.676334,72.667442 
	C42.270855,63.719128 42.615459,54.738605 42.512493,45.773098 
	C42.494629,44.217857 42.275726,42.288967 41.360271,41.190636 
	C38.635338,37.921356 35.517162,34.979851 31.587610,30.911037 
	C31.587610,47.034733 31.587610,61.757145 31.587559,77.471069 
M90.785217,33.524788 
	C90.558380,33.137943 90.217651,32.386650 90.121140,32.416813 
	C86.366615,33.590244 79.795616,42.510681 79.792648,46.366238 
	C79.786102,54.856213 80.564789,63.436947 79.583122,71.811867 
	C78.498123,81.068336 84.841988,84.780861 90.792496,90.766930 
	C90.792496,71.139450 90.792496,52.744102 90.785217,33.524788 
M62.573910,59.317223 
	C66.839317,55.268051 71.104721,51.218884 76.275742,46.310005 
	C65.708183,46.310005 56.792324,46.310005 47.876461,46.310005 
	C47.471584,46.818378 47.066704,47.326756 46.661827,47.835129 
	C50.937241,51.620560 55.182617,55.441135 59.523148,59.150372 
	C60.117298,59.658104 61.185383,59.611237 62.573910,59.317223 
z"/>
<path fill="#080808" opacity="1.000000" stroke="none" 
	d="
M1.500000,1.000000 
	C2.060466,1.155227 2.074483,1.378331 2.188010,1.456017 
	C11.344581,7.721771 13.301898,16.353849 12.950797,27.182154 
	C12.136028,52.310486 12.543557,77.484825 12.812229,102.636711 
	C12.868109,107.867882 11.807487,111.940559 7.627953,115.184967 
	C5.669835,116.704987 4.028250,118.632759 2.121604,120.687866 
	C1.666666,119.673523 1.043884,118.347443 1.042099,117.020523 
	C0.990070,78.347069 1.000000,39.673527 1.500000,1.000000 
z"/>
<path fill="#000000" opacity="1.000000" stroke="none" 
	d="
M120.250000,121.000000 
	C119.965378,120.837456 119.987297,120.591377 119.888100,120.524239 
	C110.408951,114.108055 109.207741,104.932373 109.495049,94.214661 
	C110.162849,69.303902 109.887054,44.360771 109.570686,19.436131 
	C109.499405,13.820349 110.632591,9.503874 115.206978,6.146789 
	C116.928284,4.883547 118.319740,3.170872 119.930786,1.331542 
	C120.000000,1.000000 120.500000,1.000000 120.750000,1.000000 
	C121.011612,40.687584 121.023224,80.375168 121.017410,120.531372 
	C121.000000,121.000000 120.500000,121.000000 120.250000,121.000000 
z"/>
<path fill="#0D0D0D" opacity="1.000000" stroke="none" 
	d="
M150.836029,55.993355 
	C150.832443,64.033348 150.832443,71.670158 150.832443,79.674408 
	C148.777832,79.772850 147.034912,79.856361 145.004822,79.953629 
	C145.004822,67.259659 145.004822,54.853653 145.004822,42.462856 
	C148.948898,41.240616 151.422714,42.439190 153.462219,46.170757 
	C156.790894,52.261066 160.742676,58.010815 164.725143,64.373291 
	C168.739243,58.029507 172.721939,52.128815 176.267548,45.976231 
	C178.221527,42.585541 180.488266,41.131062 184.485718,42.586964 
	C184.485718,54.766842 184.485718,67.030411 184.485718,79.694328 
	C182.637039,79.778786 180.895432,79.858353 178.690277,79.959091 
	C178.690277,71.394577 178.690277,63.147060 178.690277,54.899544 
	C178.325317,54.757431 177.960358,54.615314 177.595398,54.473198 
	C174.752884,58.981876 171.917496,63.495056 169.065903,67.997971 
	C166.149918,72.602516 162.991272,72.665512 160.131790,68.152664 
	C157.292191,63.671242 154.498871,59.160507 151.666824,54.674255 
	C151.637283,54.627426 151.282211,54.684437 151.211594,54.785526 
	C151.044998,55.023979 150.958511,55.318398 150.836029,55.993355 
z"/>
<path fill="#0D0D0D" opacity="1.000000" stroke="none" 
	d="
M243.452209,66.033859 
	C243.452209,70.490105 243.452209,74.946350 243.452209,79.651947 
	C241.177750,79.651947 239.447662,79.651947 237.447006,79.651947 
	C237.447006,67.308159 237.447006,55.069084 237.447006,42.488205 
	C244.120621,42.488205 250.863480,42.170540 257.559479,42.593834 
	C262.466400,42.904026 265.766296,45.865166 266.820526,50.922421 
	C267.833710,55.783012 265.870819,60.431068 261.525574,63.321888 
	C260.745148,63.841076 259.949402,64.337181 258.921051,64.997955 
	C262.512909,69.792206 265.954132,74.385353 269.579224,79.223946 
	C265.174103,80.690773 261.960938,80.205727 259.801239,76.088455 
	C259.041718,74.640488 257.554504,73.567787 256.827911,72.110199 
	C254.286102,67.011185 250.269211,65.081360 244.423325,65.680008 
	C245.955826,61.817074 248.600311,59.900776 252.850433,60.712761 
	C253.896271,60.912563 255.111557,60.375900 256.219666,60.071293 
	C259.715912,59.110222 260.922150,56.526821 260.588562,53.222473 
	C260.263397,50.001160 258.325592,48.072685 255.007797,47.975666 
	C251.234177,47.865318 247.454834,47.950165 243.452209,47.950165 
	C243.452209,54.164371 243.452209,60.099113 243.452209,66.033859 
z"/>
<path fill="#0D0D0D" opacity="1.000000" stroke="none" 
	d="
M203.095398,68.005814 
	C202.034836,70.419044 200.691284,72.751884 199.977600,75.263680 
	C198.799469,79.409988 196.406082,80.870850 191.850571,79.503891 
	C196.890411,67.625938 201.850235,55.762707 206.980530,43.973667 
	C208.189880,41.194637 213.790771,41.135460 214.989899,43.889626 
	C220.134125,55.704937 225.100525,67.597672 230.155151,79.517426 
	C225.954269,80.561531 222.847580,80.089546 222.005600,75.508537 
	C221.377274,72.090027 219.105499,71.922455 216.199387,71.854187 
	C212.366699,71.764168 207.668289,73.773407 205.042755,67.886551 
	C204.393692,67.032845 204.056641,66.812241 203.719589,66.591637 
	C203.511536,67.063034 203.303467,67.534424 203.095398,68.005814 
M217.480240,64.357002 
	C215.334625,59.259895 213.189011,54.162781 210.800781,48.489338 
	C208.231277,54.823612 205.981537,60.369602 203.286591,67.013107 
	C208.810272,66.297432 213.308792,65.714577 217.480240,64.357002 
z"/>
<path fill="#0B0B0B" opacity="1.000000" stroke="none" 
	d="
M276.685089,42.099236 
	C278.094543,43.428555 279.442841,44.617271 280.037170,46.106827 
	C283.532104,54.866180 286.851288,63.695660 290.519653,73.257301 
	C294.036011,64.151245 297.575134,55.747604 300.482697,47.130867 
	C301.905945,42.912914 303.933350,41.074173 308.830383,42.488525 
	C307.506439,45.834564 306.182892,49.249004 304.807281,52.642353 
	C301.512909,60.769028 298.316559,68.940079 294.765015,76.953339 
	C294.169952,78.295959 292.019257,79.646561 290.538818,79.702156 
	C289.073456,79.757164 286.721527,78.532684 286.175934,77.261192 
	C281.286377,65.866325 276.709991,54.337093 271.840332,42.352234 
	C273.540436,42.254635 274.908051,42.176125 276.685089,42.099236 
z"/>
<path fill="#171717" opacity="1.000000" stroke="none" 
	d="
M322.107941,60.302505 
	C322.107941,64.756310 322.107941,69.210106 322.107941,74.039108 
	C329.195312,74.039108 335.625031,74.039108 342.440735,74.039108 
	C342.440735,76.103104 342.440735,77.785362 342.440735,79.703995 
	C333.935669,79.703995 325.489777,79.703995 316.681030,79.703995 
	C316.681030,67.345467 316.681030,54.969231 316.681030,42.083683 
	C324.543884,42.083683 332.316650,42.083683 340.670654,42.336723 
	C341.456207,42.801941 341.702454,42.938583 341.990601,42.999699 
	C342.078033,44.461697 342.165466,45.923695 342.273529,47.730968 
	C335.629883,47.730968 329.351196,47.730968 322.322418,47.730968 
	C322.322418,50.953312 322.322418,53.861725 322.175262,57.639793 
	C322.054718,59.107140 322.081329,59.704823 322.107941,60.302505 
z"/>
<path fill="#121212" opacity="1.000000" stroke="none" 
	d="
M365.007019,74.201469 
	C369.155762,74.201469 372.815979,74.201469 376.854492,74.201469 
	C376.854492,75.973343 376.854492,77.682259 376.854492,79.668282 
	C369.001007,79.668282 361.092407,79.668282 352.928345,79.668282 
	C352.928345,67.268677 352.928345,54.843006 352.928345,42.299240 
	C354.791290,42.299240 356.555878,42.299240 358.752686,42.299240 
	C358.752686,52.914379 358.752686,63.324032 358.752686,74.201469 
	C360.958221,74.201469 362.738312,74.201469 365.007019,74.201469 
z"/>
<path fill="#0A0A0A" opacity="1.000000" stroke="none" 
	d="
M385.415344,79.550217 
	C385.069305,66.941467 385.069305,54.666115 385.069305,42.248848 
	C387.039398,42.248848 388.662537,42.248848 390.860687,42.248848 
	C390.860687,52.666832 390.860687,63.204147 390.860687,74.207253 
	C397.489746,74.207253 403.565277,74.207253 409.807068,74.207253 
	C409.807068,76.275421 409.807068,77.864555 409.807068,79.883598 
	C401.670471,79.883598 393.715942,79.883598 385.415344,79.550217 
z"/>
<path fill="#EEEEEE" opacity="1.000000" stroke="none" 
	d="
M243.548355,66.077507 
	C243.452209,60.099113 243.452209,54.164371 243.452209,47.950165 
	C247.454834,47.950165 251.234177,47.865318 255.007797,47.975666 
	C258.325592,48.072685 260.263397,50.001160 260.588562,53.222473 
	C260.922150,56.526821 259.715912,59.110222 256.219666,60.071293 
	C255.111557,60.375900 253.896271,60.912563 252.850433,60.712761 
	C248.600311,59.900776 245.955826,61.817074 243.972015,65.706871 
	C243.844986,66.054771 243.644501,66.121155 243.548355,66.077507 
z"/>
<path fill="#1E1E1E" opacity="1.000000" stroke="none" 
	d="
M322.285828,59.873581 
	C322.081329,59.704823 322.054718,59.107140 322.083313,58.063087 
	C327.846283,57.616714 333.554047,57.616714 339.530457,57.616714 
	C339.530457,60.002289 339.530457,61.575161 339.530457,63.425591 
	C333.348602,64.071144 327.179108,65.099258 322.285828,59.873581 
z"/>
<path fill="#F4F4F4" opacity="1.000000" stroke="none" 
	d="
M203.381561,68.009903 
	C203.303467,67.534424 203.511536,67.063034 203.719589,66.591637 
	C204.056641,66.812241 204.393692,67.032845 204.771515,67.632507 
	C204.430756,68.012367 204.049225,68.013176 203.381561,68.009903 
z"/>
<path fill="#1E1E1E" opacity="1.000000" stroke="none" 
	d="
M342.006714,42.717495 
	C341.702454,42.938583 341.456207,42.801941 341.135193,42.410736 
	C341.353271,42.299564 341.688049,42.367428 342.006714,42.717495 
z"/>
<path fill="#0C0C0C" opacity="1.000000" stroke="none" 
	d="
M35.122551,94.883865 
	C52.589169,94.883865 69.580864,95.149651 86.556107,94.737602 
	C92.381866,94.596184 96.785332,95.967987 100.233009,100.612503 
	C101.301010,102.051270 102.675873,103.262253 104.488304,105.193474 
	C75.432419,105.193474 47.141151,105.193474 18.863222,105.193474 
	C22.462576,97.985435 27.199438,94.883965 35.122551,94.883865 
z"/>
<path fill="#0C0C0C" opacity="1.000000" stroke="none" 
	d="
M40.000336,16.365738 
	C61.552822,16.365749 82.605370,16.365749 104.562950,16.365749 
	C99.264572,22.760778 95.192261,27.881939 86.101395,27.380180 
	C69.354980,26.455887 52.515369,26.866686 35.726845,27.253119 
	C29.937122,27.386383 25.462786,26.155188 22.058077,21.395130 
	C21.015190,19.937086 19.597631,18.747030 17.337488,16.365726 
	C25.490816,16.365726 32.495605,16.365726 40.000336,16.365738 
z"/>
<path fill="#0A0A0A" opacity="1.000000" stroke="none" 
	d="
M31.587585,76.975311 
	C31.587610,61.757145 31.587610,47.034733 31.587610,30.911037 
	C35.517162,34.979851 38.635338,37.921356 41.360271,41.190636 
	C42.275726,42.288967 42.494629,44.217857 42.512493,45.773098 
	C42.615459,54.738605 42.270855,63.719128 42.676334,72.667442 
	C42.905785,77.730995 41.748455,81.640854 37.708683,84.801857 
	C35.788067,86.304672 34.273914,88.326942 31.587559,91.153557 
	C31.587559,85.646378 31.587559,81.558723 31.587585,76.975311 
z"/>
<path fill="#0C0C0C" opacity="1.000000" stroke="none" 
	d="
M90.788857,33.936768 
	C90.792496,52.744102 90.792496,71.139450 90.792496,90.766930 
	C84.841988,84.780861 78.498123,81.068336 79.583122,71.811867 
	C80.564789,63.436947 79.786102,54.856213 79.792648,46.366238 
	C79.795616,42.510681 86.366615,33.590244 90.121140,32.416813 
	C90.217651,32.386650 90.558380,33.137943 90.788857,33.936768 
z"/>
<path fill="#000000" opacity="1.000000" stroke="none" 
	d="
M62.303978,59.569183 
	C61.185383,59.611237 60.117298,59.658104 59.523148,59.150372 
	C55.182617,55.441135 50.937241,51.620560 46.661827,47.835129 
	C47.066704,47.326756 47.471584,46.818378 47.876461,46.310005 
	C56.792324,46.310005 65.708183,46.310005 76.275742,46.310005 
	C71.104721,51.218884 66.839317,55.268051 62.303978,59.569183 
z"/>
<path fill="#F4F4F4" opacity="1.000000" stroke="none" 
	d="
M217.643784,64.744370 
	C213.308792,65.714577 208.810272,66.297432 203.286591,67.013107 
	C205.981537,60.369602 208.231277,54.823612 210.800781,48.489338 
	C213.189011,54.162781 215.334625,59.259895 217.643784,64.744370 
z"/>
</svg>