<svg version="1.1" id="Layer_1" xmlns="http://www.w3.org/2000/svg" xmlns:xlink="http://www.w3.org/1999/xlink" x="0px" y="0px"
	 width="100%" viewBox="0 0 900 550" enable-background="new 0 0 900 550" xml:space="preserve">
<path fill="#FEFEFE" opacity="1.000000" stroke="none" 
	d="
M561.000000,551.000000 
	C374.000000,551.000000 187.500000,551.000000 1.000000,551.000000 
	C1.000000,367.666656 1.000000,184.333328 1.000000,1.000000 
	C301.000000,1.000000 601.000000,1.000000 901.000000,1.000000 
	C901.000000,184.333328 901.000000,367.666656 901.000000,551.000000 
	C787.833313,551.000000 674.666687,551.000000 561.000000,551.000000 
M483.500031,331.829987 
	C339.063263,331.829987 194.626511,331.829987 50.065125,331.829987 
	C50.065125,338.524963 50.065125,344.738495 50.065125,351.062622 
	C297.771088,351.062622 545.160034,351.062622 792.698059,351.062622 
	C792.698059,344.585052 792.698059,338.354980 792.698059,331.829895 
	C689.763428,331.829895 587.131775,331.829895 483.500031,331.829987 
M214.750305,298.116730 
	C217.325424,284.940674 220.151672,271.806976 222.381760,258.572784 
	C223.727371,250.587433 224.820358,242.444366 224.801239,234.375092 
	C224.780228,225.506180 220.739456,218.295731 211.904816,214.931763 
	C204.252380,212.017960 196.312683,211.899139 188.359497,213.561981 
	C178.211212,215.683792 170.410233,221.716019 163.162857,229.406769 
	C160.521851,221.520279 155.959229,216.120972 147.961563,213.938965 
	C135.980392,210.670120 125.336510,213.458282 115.513054,220.458847 
	C112.491821,222.611893 109.650787,225.017807 105.914360,227.944687 
	C106.916397,223.103378 107.690750,219.362122 108.524109,215.335754 
	C97.379272,215.335754 86.913620,215.335754 75.866013,215.335754 
	C69.601509,246.873276 63.321178,278.490448 57.022362,310.200684 
	C69.044014,310.200684 80.666649,310.200684 92.302094,310.200684 
	C92.549141,309.594177 92.806358,309.165833 92.899620,308.704346 
	C96.183334,292.454926 99.340668,276.178894 102.778534,259.962311 
	C104.093735,253.758438 105.988586,247.582870 112.057541,244.141754 
	C116.026329,241.891434 120.808266,241.199356 124.193848,244.121658 
	C126.377937,246.006912 127.767288,250.285767 127.468605,253.288559 
	C126.683723,261.179382 124.809219,268.964447 123.315781,276.781525 
	C121.207703,287.815796 119.051903,298.840973 116.876984,310.074158 
	C128.956360,310.074158 140.669540,310.074158 152.526474,310.074158 
	C155.403732,295.145264 157.990631,280.446930 161.164459,265.876465 
	C162.453598,259.958282 164.429825,254.018127 167.168503,248.634918 
	C169.983337,243.102020 177.359772,240.890747 182.797867,243.123154 
	C188.241348,245.357788 187.697281,250.379486 186.970901,254.723969 
	C184.703156,268.287170 182.008942,281.779053 179.482697,295.299072 
	C178.562576,300.223419 177.649918,305.149170 176.674637,310.392609 
	C185.166229,310.392609 192.821716,310.392609 200.477188,310.392609 
	C212.148087,310.392609 212.148087,310.392609 214.750305,298.116730 
M294.134277,213.579071 
	C284.333496,213.978653 274.533295,214.393631 264.731750,214.773605 
	C254.339508,215.176483 247.067154,220.524567 243.215439,229.784348 
	C239.481552,238.760849 236.084808,248.003281 233.826019,257.436859 
	C230.790100,270.116089 228.193939,283.011841 226.906555,295.963531 
	C225.863892,306.452942 231.064713,311.411163 241.478104,312.994080 
	C242.792206,313.193878 244.114319,313.340637 245.432159,313.516113 
	C264.789337,316.093445 284.133759,317.125000 303.450592,313.135223 
	C312.297394,311.307983 319.235107,307.297363 321.785950,297.858826 
	C322.470886,295.324463 323.773956,292.964111 324.619202,290.465027 
	C330.784119,272.237183 336.622406,253.906982 337.235535,234.455429 
	C337.537659,224.870087 335.207306,220.702866 325.878235,218.374878 
	C315.836365,215.868988 305.339142,215.187958 294.134277,213.579071 
M633.111633,247.295105 
	C629.562134,249.183136 626.204956,252.017273 622.427795,252.784912 
	C610.252258,255.259338 597.792053,256.398865 585.688110,259.140991 
	C573.673401,261.862885 564.247131,268.585541 559.476624,280.670380 
	C552.694397,297.851532 559.502014,311.532623 577.323425,314.612915 
	C583.909363,315.751251 590.941467,315.055298 597.684204,314.361053 
	C607.375122,313.363281 615.801514,308.776428 624.019409,302.707916 
	C624.019409,306.445587 624.019409,309.392426 624.019409,312.391327 
	C637.057434,312.391327 649.907959,312.391327 661.745850,312.391327 
	C661.371765,307.674469 660.092163,303.161957 660.844849,299.018677 
	C664.101929,281.089417 668.062927,263.289551 671.554688,245.401001 
	C674.538757,230.113907 669.110779,219.915436 654.488770,217.412186 
	C642.006775,215.275314 629.014771,215.211288 616.300964,215.674225 
	C608.689392,215.951355 600.911011,218.284164 593.683655,220.972672 
	C581.936096,225.342590 574.647461,234.067856 572.039673,246.940536 
	C583.721497,246.940536 594.875244,246.973297 606.028015,246.881546 
	C606.973450,246.873764 608.408264,246.281784 608.777832,245.542389 
	C612.991821,237.111557 620.467468,237.162796 628.110535,238.175354 
	C633.137695,238.841339 634.513855,241.366302 633.111633,247.295105 
M524.699890,259.150238 
	C522.046997,264.572266 519.394104,269.994324 516.741211,275.416351 
	C516.454041,275.357788 516.166870,275.299255 515.879761,275.240723 
	C514.556030,256.108490 513.232239,236.976257 511.909454,217.857605 
	C499.138611,217.857605 486.755341,217.857605 474.151611,217.857605 
	C478.494049,249.708801 482.785400,281.185181 487.092346,312.776031 
	C500.442169,312.776031 513.255981,312.889618 526.062439,312.634308 
	C527.688538,312.601898 529.940979,311.011230 530.780334,309.513275 
	C540.904846,291.444061 550.822754,273.259003 560.784424,255.098587 
	C567.526428,242.807663 574.252441,230.507965 581.362000,217.524887 
	C570.378174,217.524887 560.117432,217.712753 549.869995,217.425018 
	C546.184998,217.321533 544.306702,218.425995 542.740662,221.789124 
	C537.009399,234.096848 530.936523,246.245468 524.699890,259.150238 
M417.095398,219.451324 
	C415.925659,218.810425 414.780548,217.676483 413.581818,217.616684 
	C409.145630,217.395386 404.691742,217.528610 399.550446,217.528610 
	C401.618439,207.408661 403.569397,197.861404 405.547882,188.179474 
	C392.758514,188.179474 380.635010,188.179474 368.302032,188.179474 
	C367.169922,193.783279 366.128021,199.285965 364.930389,204.754517 
	C364.048096,208.783188 364.193481,214.343338 361.633057,216.343567 
	C358.878418,218.495529 353.500519,217.284973 349.268372,217.559433 
	C348.957794,217.579559 348.656586,217.744598 348.122925,217.915176 
	C346.687103,224.821854 345.229584,231.832977 343.674805,239.311737 
	C348.523285,239.311737 352.617615,239.311737 356.986755,239.311737 
	C355.752014,245.179688 354.550446,250.656158 353.453003,256.153412 
	C351.051971,268.180420 348.496185,280.181946 346.399109,292.262512 
	C344.695709,302.075317 347.885956,311.150391 359.638794,311.976837 
	C371.377472,312.802246 383.183258,312.717224 394.961639,312.847229 
	C395.845093,312.856995 397.335297,311.523407 397.544525,310.590332 
	C399.376648,302.418671 400.981506,294.196045 402.721130,285.657593 
	C399.953186,285.499451 397.665161,285.382721 395.379089,285.235687 
	C387.218994,284.710876 385.747650,282.896332 387.342896,274.981964 
	C389.534424,264.109467 391.722351,253.233124 394.217773,242.429092 
	C394.516235,241.136871 396.664459,239.481674 398.060120,239.375732 
	C402.979462,239.002335 407.944489,239.230515 412.935150,239.230515 
	C414.359802,232.621338 415.684906,226.473953 417.095398,219.451324 
M733.856384,230.262558 
	C728.068604,257.605896 722.280762,284.949249 716.391052,312.773926 
	C725.867920,312.773926 734.514954,312.773926 743.162048,312.773926 
	C753.787720,312.773926 753.789978,312.774475 756.319885,302.679962 
	C756.601074,301.558136 756.833130,300.424103 757.098022,299.298126 
	C760.436951,285.107880 763.527893,270.851562 767.276611,256.770416 
	C768.341919,252.768967 770.772949,248.745392 773.650696,245.769745 
	C775.161316,244.207718 779.034607,244.520584 781.748169,244.822189 
	C782.421021,244.896988 783.027405,248.203537 783.133179,250.054916 
	C783.254456,252.176926 782.784302,254.332718 782.557922,256.605988 
	C796.183105,256.605988 809.765442,256.605988 824.601624,256.605988 
	C824.049805,248.230286 824.272766,240.059540 822.797485,232.207916 
	C821.034607,222.825653 815.049377,216.287064 805.118408,215.086639 
	C793.201660,213.646194 782.737549,217.123734 774.544128,226.248062 
	C772.298584,228.748749 770.294006,231.465836 767.266907,235.212265 
	C768.629639,228.491119 769.703125,223.196579 770.777344,217.898285 
	C759.189636,217.898285 747.803894,217.898285 736.416260,217.898285 
	C735.548706,221.978851 734.756897,225.703140 733.856384,230.262558 
M429.941650,218.434006 
	C423.278534,249.681412 416.615387,280.928802 409.880310,312.513672 
	C422.706543,312.513672 435.121490,312.513672 447.798035,312.513672 
	C454.468140,280.920166 461.123901,249.394531 467.807861,217.735336 
	C455.059845,217.735336 442.747437,217.735336 429.941650,218.434006 
M714.040222,277.633301 
	C718.265381,257.751678 722.490540,237.870071 726.772278,217.722031 
	C714.142334,217.722031 701.862732,217.722031 688.924255,217.722031 
	C682.290833,249.075241 675.621948,280.596130 668.876221,312.480103 
	C681.678345,312.480103 694.080811,312.480103 706.712769,312.480103 
	C709.128052,301.126465 711.536926,289.802551 714.040222,277.633301 
M371.044617,400.484650 
	C372.769104,402.925812 374.757355,405.225769 376.157135,407.840729 
	C378.327423,411.895203 381.395172,412.868286 385.718842,411.476135 
	C385.718842,399.416412 385.718842,387.356689 385.718842,375.318909 
	C383.444885,375.318909 381.403259,375.318909 379.016266,375.318909 
	C379.016266,383.695374 379.016266,391.741913 379.016266,401.165253 
	C373.464874,393.224548 368.431152,386.538300 363.991730,379.478363 
	C361.393188,375.345947 358.459778,373.839539 354.040039,375.449554 
	C354.040039,387.623688 354.040039,399.679230 354.040039,411.802246 
	C356.143066,411.802246 357.924133,411.802246 360.295288,411.802246 
	C360.295288,403.370697 360.295288,395.068085 360.295288,385.431854 
	C364.284454,391.047760 367.438049,395.487366 371.044617,400.484650 
M711.187683,411.936859 
	C712.975220,411.936859 714.762756,411.936859 716.769775,411.936859 
	C716.769775,399.465942 716.769775,387.390656 716.769775,375.248230 
	C714.504211,375.248230 712.446045,375.248230 710.052979,375.248230 
	C710.052979,383.571106 710.052979,391.642914 710.052979,401.232178 
	C704.470703,393.220093 699.508362,386.516846 695.030518,379.504181 
	C692.575500,375.659454 689.768921,373.929626 685.260010,375.325958 
	C685.260010,387.484955 685.260010,399.676849 685.260010,412.020355 
	C687.424500,411.905396 689.183411,411.811981 691.337280,411.697601 
	C691.337280,403.122986 691.337280,394.932404 691.337280,385.594635 
	C695.016235,390.692291 697.993774,394.836670 700.991394,398.966400 
	C704.109070,403.261414 707.246155,407.542328 711.187683,411.936859 
M646.782227,378.212738 
	C639.136780,386.281006 637.827820,396.707367 643.435120,404.872864 
	C648.554871,412.328156 658.725342,415.083069 667.343140,411.280365 
	C674.831055,407.976196 678.321289,401.777954 678.591125,393.989441 
	C678.847229,386.598206 675.980408,380.229492 669.291260,376.482056 
	C661.859375,372.318451 654.412781,372.748199 646.782227,378.212738 
M229.094696,377.461304 
	C228.019058,378.492828 226.836823,379.434967 225.884750,380.570129 
	C218.735199,389.094513 220.291336,402.778137 229.113464,409.333893 
	C237.915619,415.874908 251.344070,413.359650 257.028168,404.105286 
	C261.793671,396.346527 260.659271,385.739868 254.375183,379.299957 
	C248.194855,372.966370 238.730774,372.096985 229.094696,377.461304 
M280.322998,412.368805 
	C291.565247,414.533447 301.070831,408.565765 303.277069,397.958069 
	C305.590302,386.835968 299.382111,376.482147 288.989044,374.128998 
	C278.434906,371.739319 268.433014,378.024048 265.856079,388.664612 
	C263.241455,399.460632 269.010529,409.388245 280.322998,412.368805 
M487.076172,398.237274 
	C487.317139,398.854950 487.572876,399.467316 487.796906,400.091095 
	C491.598785,410.678650 502.691498,415.716003 513.273254,411.656952 
	C522.881897,407.971161 527.739380,396.103333 523.862366,385.785675 
	C520.298340,376.300873 508.903259,371.319733 499.166229,374.990173 
	C489.941071,378.467651 486.053558,385.631165 487.076172,398.237274 
M401.972321,403.395752 
	C398.397552,398.141388 398.382935,392.401276 400.197479,386.675934 
	C401.406555,382.860931 404.058685,380.110962 408.384918,379.635681 
	C412.011566,379.237274 416.063599,379.354462 417.625824,382.903656 
	C419.560425,387.298981 422.295837,387.092957 425.845367,386.319580 
	C425.169708,379.541840 421.040771,375.091034 414.638947,374.011841 
	C405.360596,372.447754 397.118774,376.421173 393.862244,384.028412 
	C389.702179,393.746368 391.951935,404.374237 399.314331,409.783997 
	C406.048004,414.731750 413.736908,414.011383 420.873779,408.200684 
	C422.207458,409.658051 423.547638,411.122498 424.887787,412.586914 
	C425.297638,412.254791 425.707489,411.922668 426.117340,411.590576 
	C426.117340,405.817078 426.117340,400.043579 426.117340,394.356323 
	C421.641571,394.356323 417.399780,394.356323 412.976990,394.356323 
	C413.088348,396.332306 413.179108,397.942810 413.277130,399.681763 
	C415.626404,399.816132 417.684235,399.933868 419.887329,400.059875 
	C415.792633,408.310181 409.352509,409.631439 401.972321,403.395752 
M474.192017,386.531586 
	C476.096741,386.531586 478.001434,386.531586 479.873383,386.531586 
	C480.292908,375.177399 468.249603,371.809753 459.243286,374.819427 
	C453.712433,376.667664 451.037842,380.465088 451.292236,385.524811 
	C451.558746,390.826691 454.862000,393.522430 459.559845,394.824310 
	C462.909821,395.752655 466.477539,396.056091 469.666840,397.338135 
	C471.372681,398.023895 473.768799,400.410767 473.558868,401.637329 
	C473.249237,403.447083 471.190063,405.596466 469.353485,406.386292 
	C463.816803,408.767303 459.791016,406.506561 456.729065,400.067902 
	C454.548737,400.067902 452.447571,400.067902 450.363983,400.067902 
	C450.495758,413.464111 465.658173,415.036438 474.232086,411.108551 
	C478.823364,409.005127 480.850159,405.142120 480.689728,400.263458 
	C480.529083,395.377991 477.832764,392.238342 473.113525,390.957947 
	C469.286377,389.919647 465.340607,389.239258 461.627289,387.901123 
	C460.231567,387.398193 458.242096,385.226440 458.468201,384.280212 
	C458.852966,382.670105 460.522614,380.733459 462.099792,380.155945 
	C467.733795,378.092987 471.633270,380.327545 474.192017,386.531586 
M731.531677,394.131073 
	C735.684326,395.232361 739.920776,396.102631 743.943604,397.561737 
	C745.328979,398.064178 747.093384,400.067383 747.048462,401.326782 
	C746.991638,402.923889 745.628418,405.074310 744.198608,405.916168 
	C738.774231,409.109894 733.592468,406.737122 730.204224,399.998688 
	C728.194153,399.998688 726.241394,399.998688 724.046021,399.998688 
	C724.302246,404.983704 725.904724,408.972168 730.447144,411.072662 
	C736.700439,413.964325 743.066589,413.772766 749.082947,410.486847 
	C753.292786,408.187561 754.605286,404.189606 754.258301,399.489441 
	C753.913757,394.823120 751.157410,392.287354 747.022400,391.045746 
	C743.392883,389.955933 739.552063,389.475372 736.048218,388.103516 
	C734.417419,387.465057 733.363586,385.352783 732.048279,383.908569 
	C733.728394,382.566681 735.243835,380.412842 737.118958,380.032501 
	C743.161438,378.806915 744.970886,380.136169 747.856934,386.379700 
	C749.853699,386.379700 751.780457,386.379700 753.683838,386.379700 
	C754.257019,376.320709 743.525024,371.603363 733.040710,374.756042 
	C728.473145,376.129517 725.625305,379.080017 725.081848,383.909119 
	C724.555969,388.581787 726.509644,391.950104 731.531677,394.131073 
M564.544983,374.989807 
	C562.946045,374.989807 561.347107,374.989807 559.492737,374.989807 
	C559.492737,383.998016 559.239441,392.467346 559.575134,400.913300 
	C559.830994,407.350861 563.104065,411.049835 569.543091,412.053650 
	C573.525879,412.674530 577.816040,412.603912 581.765442,411.821106 
	C586.277771,410.926727 589.717163,407.573120 589.948181,402.902161 
	C590.403931,393.687103 590.082581,384.433624 590.082581,375.273865 
	C587.847900,375.273865 585.942444,375.273865 583.828857,375.273865 
	C583.828857,382.529846 583.834412,389.496948 583.827393,396.464050 
	C583.819946,403.869598 581.246826,406.971893 575.065247,407.051147 
	C568.729919,407.132416 566.256592,404.179626 566.136963,396.772247 
	C566.019897,389.528656 565.708740,382.288239 564.544983,374.989807 
M194.684418,380.675201 
	C198.890442,379.030548 203.378113,378.828979 205.841187,382.862671 
	C208.373413,387.009613 211.312012,386.491760 214.984253,385.963562 
	C211.229324,376.186707 203.486603,371.846649 194.627609,374.276459 
	C184.349213,377.095551 178.963776,386.394806 180.889435,397.998657 
	C182.364609,406.887970 191.018082,413.546295 200.374847,412.991547 
	C208.622391,412.502563 214.665939,406.867828 215.054382,399.178986 
	C213.082840,399.178986 211.117615,399.178986 209.008301,399.178986 
	C207.154709,403.675537 204.827667,407.569702 199.010605,407.080017 
	C194.248383,406.679108 190.983398,404.212341 189.029510,400.016449 
	C185.858398,393.206604 187.885620,385.655853 194.684418,380.675201 
M612.116089,381.805267 
	C615.403076,381.336945 618.690063,380.868622 621.916382,380.408966 
	C621.916382,378.559235 621.916382,376.828491 621.916382,375.295746 
	C612.809021,375.295746 604.035156,375.295746 595.106262,375.295746 
	C595.199768,377.232208 595.277588,378.843964 595.378540,380.934052 
	C598.719177,380.934052 601.791443,380.934052 605.321655,380.934052 
	C605.321655,391.501556 605.321655,401.583923 605.321655,411.793915 
	C607.728943,411.793915 609.663879,411.793915 612.070557,411.793915 
	C612.070557,402.007355 612.070557,392.383575 612.116089,381.805267 
M310.108398,381.604736 
	C310.108398,391.665833 310.108398,401.726929 310.108398,411.615326 
	C318.597839,411.615326 326.318176,411.615326 333.944794,411.615326 
	C333.944794,409.661652 333.944794,408.059448 333.944794,406.080811 
	C328.310242,406.080811 322.893036,406.080811 316.968719,406.080811 
	C316.968719,395.511963 316.968719,385.309509 316.968719,375.338348 
	C314.385406,375.338348 312.330200,375.338348 310.108459,375.338348 
	C310.108459,377.342957 310.108459,378.989777 310.108398,381.604736 
M549.374390,406.091949 
	C545.769287,406.091949 542.164124,406.091949 538.152283,406.091949 
	C538.152283,395.419891 538.152283,385.347076 538.152283,375.271057 
	C535.809326,375.271057 533.902100,375.271057 532.129028,375.271057 
	C532.129028,387.613281 532.129028,399.670380 532.129028,411.575928 
	C540.218628,411.575928 547.953674,411.575928 555.917969,411.575928 
	C555.797852,409.598602 555.701172,408.006287 555.584900,406.091797 
	C553.596069,406.091797 551.956909,406.091797 549.374390,406.091949 
M634.809265,401.459625 
	C634.809265,392.702148 634.809265,383.944672 634.809265,375.149536 
	C632.277588,375.149536 630.335754,375.149536 628.316223,375.149536 
	C628.316223,387.516602 628.316223,399.710541 628.316223,412.063110 
	C630.592041,411.934906 632.519348,411.826355 634.810669,411.697266 
	C634.810669,408.370392 634.810669,405.405975 634.809265,401.459625 
M339.043640,411.139465 
	C341.017303,411.495056 342.990967,411.850647 345.292053,412.265228 
	C345.292053,399.502747 345.292053,387.348175 345.292053,375.217163 
	C343.059570,375.217163 341.146912,375.217163 338.970825,375.217163 
	C338.970825,387.045441 338.970825,398.623535 339.043640,411.139465 
M837.563782,219.024200 
	C832.357300,223.928757 832.856750,231.811523 836.395996,236.217194 
	C840.008057,240.713364 846.548462,242.332489 851.660339,239.939636 
	C858.563110,236.708420 861.227051,228.482956 857.505798,221.890686 
	C853.693359,215.136841 845.561157,213.740845 837.563782,219.024200 
z"/>
<path fill="#EB232D" opacity="1.000000" stroke="none" 
	d="
M484.000061,331.829956 
	C587.131775,331.829895 689.763428,331.829895 792.698059,331.829895 
	C792.698059,338.354980 792.698059,344.585052 792.698059,351.062622 
	C545.160034,351.062622 297.771088,351.062622 50.065125,351.062622 
	C50.065125,344.738495 50.065125,338.524963 50.065125,331.829987 
	C194.626511,331.829987 339.063263,331.829987 484.000061,331.829956 
z"/>
<path fill="#020202" opacity="1.000000" stroke="none" 
	d="
M214.620331,298.523010 
	C212.148087,310.392609 212.148087,310.392609 200.477188,310.392609 
	C192.821716,310.392609 185.166229,310.392609 176.674637,310.392609 
	C177.649918,305.149170 178.562576,300.223419 179.482697,295.299072 
	C182.008942,281.779053 184.703156,268.287170 186.970901,254.723969 
	C187.697281,250.379486 188.241348,245.357788 182.797867,243.123154 
	C177.359772,240.890747 169.983337,243.102020 167.168503,248.634918 
	C164.429825,254.018127 162.453598,259.958282 161.164459,265.876465 
	C157.990631,280.446930 155.403732,295.145264 152.526474,310.074158 
	C140.669540,310.074158 128.956360,310.074158 116.876984,310.074158 
	C119.051903,298.840973 121.207703,287.815796 123.315781,276.781525 
	C124.809219,268.964447 126.683723,261.179382 127.468605,253.288559 
	C127.767288,250.285767 126.377937,246.006912 124.193848,244.121658 
	C120.808266,241.199356 116.026329,241.891434 112.057541,244.141754 
	C105.988586,247.582870 104.093735,253.758438 102.778534,259.962311 
	C99.340668,276.178894 96.183334,292.454926 92.899620,308.704346 
	C92.806358,309.165833 92.549141,309.594177 92.302094,310.200684 
	C80.666649,310.200684 69.044014,310.200684 57.022362,310.200684 
	C63.321178,278.490448 69.601509,246.873276 75.866013,215.335754 
	C86.913620,215.335754 97.379272,215.335754 108.524109,215.335754 
	C107.690750,219.362122 106.916397,223.103378 105.914360,227.944687 
	C109.650787,225.017807 112.491821,222.611893 115.513054,220.458847 
	C125.336510,213.458282 135.980392,210.670120 147.961563,213.938965 
	C155.959229,216.120972 160.521851,221.520279 163.162857,229.406769 
	C170.410233,221.716019 178.211212,215.683792 188.359497,213.561981 
	C196.312683,211.899139 204.252380,212.017960 211.904816,214.931763 
	C220.739456,218.295731 224.780228,225.506180 224.801239,234.375092 
	C224.820358,242.444366 223.727371,250.587433 222.381760,258.572784 
	C220.151672,271.806976 217.325424,284.940674 214.620331,298.523010 
z"/>
<path fill="#020202" opacity="1.000000" stroke="none" 
	d="
M294.587433,213.644897 
	C305.339142,215.187958 315.836365,215.868988 325.878235,218.374878 
	C335.207306,220.702866 337.537659,224.870087 337.235535,234.455429 
	C336.622406,253.906982 330.784119,272.237183 324.619202,290.465027 
	C323.773956,292.964111 322.470886,295.324463 321.785950,297.858826 
	C319.235107,307.297363 312.297394,311.307983 303.450592,313.135223 
	C284.133759,317.125000 264.789337,316.093445 245.432159,313.516113 
	C244.114319,313.340637 242.792206,313.193878 241.478104,312.994080 
	C231.064713,311.411163 225.863892,306.452942 226.906555,295.963531 
	C228.193939,283.011841 230.790100,270.116089 233.826019,257.436859 
	C236.084808,248.003281 239.481552,238.760849 243.215439,229.784348 
	C247.067154,220.524567 254.339508,215.176483 264.731750,214.773605 
	C274.533295,214.393631 284.333496,213.978653 294.587433,213.644897 
M276.853363,254.223114 
	C274.563599,264.372009 272.267975,274.519623 269.987274,284.670563 
	C269.196899,288.188385 270.676727,291.112793 273.986206,291.424835 
	C276.712524,291.681976 279.943115,290.497589 282.334869,288.981384 
	C283.851166,288.020142 284.555542,285.361816 285.083252,283.324524 
	C288.690491,269.399506 292.276306,255.465714 295.532196,241.456467 
	C296.016815,239.371338 295.464813,235.720886 294.088165,234.845413 
	C292.139557,233.606247 288.560852,233.379547 286.446106,234.365601 
	C284.080658,235.468552 281.926056,238.127075 280.837646,240.615204 
	C279.064484,244.668701 278.231293,249.133408 276.853363,254.223114 
z"/>
<path fill="#020202" opacity="1.000000" stroke="none" 
	d="
M633.327087,246.964417 
	C634.513855,241.366302 633.137695,238.841339 628.110535,238.175354 
	C620.467468,237.162796 612.991821,237.111557 608.777832,245.542389 
	C608.408264,246.281784 606.973450,246.873764 606.028015,246.881546 
	C594.875244,246.973297 583.721497,246.940536 572.039673,246.940536 
	C574.647461,234.067856 581.936096,225.342590 593.683655,220.972672 
	C600.911011,218.284164 608.689392,215.951355 616.300964,215.674225 
	C629.014771,215.211288 642.006775,215.275314 654.488770,217.412186 
	C669.110779,219.915436 674.538757,230.113907 671.554688,245.401001 
	C668.062927,263.289551 664.101929,281.089417 660.844849,299.018677 
	C660.092163,303.161957 661.371765,307.674469 661.745850,312.391327 
	C649.907959,312.391327 637.057434,312.391327 624.019409,312.391327 
	C624.019409,309.392426 624.019409,306.445587 624.019409,302.707916 
	C615.801514,308.776428 607.375122,313.363281 597.684204,314.361053 
	C590.941467,315.055298 583.909363,315.751251 577.323425,314.612915 
	C559.502014,311.532623 552.694397,297.851532 559.476624,280.670380 
	C564.247131,268.585541 573.673401,261.862885 585.688110,259.140991 
	C597.792053,256.398865 610.252258,255.259338 622.427795,252.784912 
	C626.204956,252.017273 629.562134,249.183136 633.327087,246.964417 
M628.076965,273.947449 
	C628.193909,273.053253 628.310791,272.159058 628.416199,271.352417 
	C622.449097,272.689056 616.780029,273.774261 611.217163,275.257690 
	C605.810120,276.699585 600.076721,277.837158 597.643372,284.035767 
	C595.932312,288.394562 597.366394,291.655396 601.731812,293.016510 
	C609.481262,295.432800 618.402466,292.690887 622.880615,285.883118 
	C625.107056,282.498444 626.315979,278.444458 628.076965,273.947449 
z"/>
<path fill="#020202" opacity="1.000000" stroke="none" 
	d="
M524.846069,258.802124 
	C530.936523,246.245468 537.009399,234.096848 542.740662,221.789124 
	C544.306702,218.425995 546.184998,217.321533 549.869995,217.425018 
	C560.117432,217.712753 570.378174,217.524887 581.362000,217.524887 
	C574.252441,230.507965 567.526428,242.807663 560.784424,255.098587 
	C550.822754,273.259003 540.904846,291.444061 530.780334,309.513275 
	C529.940979,311.011230 527.688538,312.601898 526.062439,312.634308 
	C513.255981,312.889618 500.442169,312.776031 487.092346,312.776031 
	C482.785400,281.185181 478.494049,249.708801 474.151611,217.857605 
	C486.755341,217.857605 499.138611,217.857605 511.909454,217.857605 
	C513.232239,236.976257 514.556030,256.108490 515.879761,275.240723 
	C516.166870,275.299255 516.454041,275.357788 516.741211,275.416351 
	C519.394104,269.994324 522.046997,264.572266 524.846069,258.802124 
z"/>
<path fill="#020202" opacity="1.000000" stroke="none" 
	d="
M417.052704,219.888947 
	C415.684906,226.473953 414.359802,232.621338 412.935150,239.230515 
	C407.944489,239.230515 402.979462,239.002335 398.060120,239.375732 
	C396.664459,239.481674 394.516235,241.136871 394.217773,242.429092 
	C391.722351,253.233124 389.534424,264.109467 387.342896,274.981964 
	C385.747650,282.896332 387.218994,284.710876 395.379089,285.235687 
	C397.665161,285.382721 399.953186,285.499451 402.721130,285.657593 
	C400.981506,294.196045 399.376648,302.418671 397.544525,310.590332 
	C397.335297,311.523407 395.845093,312.856995 394.961639,312.847229 
	C383.183258,312.717224 371.377472,312.802246 359.638794,311.976837 
	C347.885956,311.150391 344.695709,302.075317 346.399109,292.262512 
	C348.496185,280.181946 351.051971,268.180420 353.453003,256.153412 
	C354.550446,250.656158 355.752014,245.179688 356.986755,239.311737 
	C352.617615,239.311737 348.523285,239.311737 343.674805,239.311737 
	C345.229584,231.832977 346.687103,224.821854 348.122925,217.915176 
	C348.656586,217.744598 348.957794,217.579559 349.268372,217.559433 
	C353.500519,217.284973 358.878418,218.495529 361.633057,216.343567 
	C364.193481,214.343338 364.048096,208.783188 364.930389,204.754517 
	C366.128021,199.285965 367.169922,193.783279 368.302032,188.179474 
	C380.635010,188.179474 392.758514,188.179474 405.547882,188.179474 
	C403.569397,197.861404 401.618439,207.408661 399.550446,217.528610 
	C404.691742,217.528610 409.145630,217.395386 413.581818,217.616684 
	C414.780548,217.676483 415.925659,218.810425 417.052704,219.888947 
z"/>
<path fill="#030303" opacity="1.000000" stroke="none" 
	d="
M733.910767,229.845001 
	C734.756897,225.703140 735.548706,221.978851 736.416260,217.898285 
	C747.803894,217.898285 759.189636,217.898285 770.777344,217.898285 
	C769.703125,223.196579 768.629639,228.491119 767.266907,235.212265 
	C770.294006,231.465836 772.298584,228.748749 774.544128,226.248062 
	C782.737549,217.123734 793.201660,213.646194 805.118408,215.086639 
	C815.049377,216.287064 821.034607,222.825653 822.797485,232.207916 
	C824.272766,240.059540 824.049805,248.230286 824.601624,256.605988 
	C809.765442,256.605988 796.183105,256.605988 782.557922,256.605988 
	C782.784302,254.332718 783.254456,252.176926 783.133179,250.054916 
	C783.027405,248.203537 782.421021,244.896988 781.748169,244.822189 
	C779.034607,244.520584 775.161316,244.207718 773.650696,245.769745 
	C770.772949,248.745392 768.341919,252.768967 767.276611,256.770416 
	C763.527893,270.851562 760.436951,285.107880 757.098022,299.298126 
	C756.833130,300.424103 756.601074,301.558136 756.319885,302.679962 
	C753.789978,312.774475 753.787720,312.773926 743.162048,312.773926 
	C734.514954,312.773926 725.867920,312.773926 716.391052,312.773926 
	C722.280762,284.949249 728.068604,257.605896 733.910767,229.845001 
z"/>
<path fill="#030303" opacity="1.000000" stroke="none" 
	d="
M430.188354,218.084671 
	C442.747437,217.735336 455.059845,217.735336 467.807861,217.735336 
	C461.123901,249.394531 454.468140,280.920166 447.798035,312.513672 
	C435.121490,312.513672 422.706543,312.513672 409.880310,312.513672 
	C416.615387,280.928802 423.278534,249.681412 430.188354,218.084671 
z"/>
<path fill="#030303" opacity="1.000000" stroke="none" 
	d="
M713.993042,278.055969 
	C711.536926,289.802551 709.128052,301.126465 706.712769,312.480103 
	C694.080811,312.480103 681.678345,312.480103 668.876221,312.480103 
	C675.621948,280.596130 682.290833,249.075241 688.924255,217.722031 
	C701.862732,217.722031 714.142334,217.722031 726.772278,217.722031 
	C722.490540,237.870071 718.265381,257.751678 713.993042,278.055969 
z"/>
<path fill="#090909" opacity="1.000000" stroke="none" 
	d="
M370.818146,400.205811 
	C367.438049,395.487366 364.284454,391.047760 360.295288,385.431854 
	C360.295288,395.068085 360.295288,403.370697 360.295288,411.802246 
	C357.924133,411.802246 356.143066,411.802246 354.040039,411.802246 
	C354.040039,399.679230 354.040039,387.623688 354.040039,375.449554 
	C358.459778,373.839539 361.393188,375.345947 363.991730,379.478363 
	C368.431152,386.538300 373.464874,393.224548 379.016266,401.165253 
	C379.016266,391.741913 379.016266,383.695374 379.016266,375.318909 
	C381.403259,375.318909 383.444885,375.318909 385.718842,375.318909 
	C385.718842,387.356689 385.718842,399.416412 385.718842,411.476135 
	C381.395172,412.868286 378.327423,411.895203 376.157135,407.840729 
	C374.757355,405.225769 372.769104,402.925812 370.818146,400.205811 
z"/>
<path fill="#070707" opacity="1.000000" stroke="none" 
	d="
M710.781189,411.883118 
	C707.246155,407.542328 704.109070,403.261414 700.991394,398.966400 
	C697.993774,394.836670 695.016235,390.692291 691.337280,385.594635 
	C691.337280,394.932404 691.337280,403.122986 691.337280,411.697601 
	C689.183411,411.811981 687.424500,411.905396 685.260010,412.020355 
	C685.260010,399.676849 685.260010,387.484955 685.260010,375.325958 
	C689.768921,373.929626 692.575500,375.659454 695.030518,379.504181 
	C699.508362,386.516846 704.470703,393.220093 710.052979,401.232178 
	C710.052979,391.642914 710.052979,383.571106 710.052979,375.248230 
	C712.446045,375.248230 714.504211,375.248230 716.769775,375.248230 
	C716.769775,387.390656 716.769775,399.465942 716.769775,411.936859 
	C714.762756,411.936859 712.975220,411.936859 710.781189,411.883118 
z"/>
<path fill="#0A0A0A" opacity="1.000000" stroke="none" 
	d="
M647.085449,378.005371 
	C654.412781,372.748199 661.859375,372.318451 669.291260,376.482056 
	C675.980408,380.229492 678.847229,386.598206 678.591125,393.989441 
	C678.321289,401.777954 674.831055,407.976196 667.343140,411.280365 
	C658.725342,415.083069 648.554871,412.328156 643.435120,404.872864 
	C637.827820,396.707367 639.136780,386.281006 647.085449,378.005371 
M647.827393,397.427521 
	C650.216675,404.881042 655.270874,408.299927 661.866333,406.924164 
	C668.617065,405.515991 672.202515,398.835663 671.001404,389.903931 
	C670.157227,383.626556 664.949646,379.448273 658.380798,379.777832 
	C650.820557,380.157135 646.189026,387.376160 647.827393,397.427521 
z"/>
<path fill="#0A0A0A" opacity="1.000000" stroke="none" 
	d="
M229.398026,377.247345 
	C238.730774,372.096985 248.194855,372.966370 254.375183,379.299957 
	C260.659271,385.739868 261.793671,396.346527 257.028168,404.105286 
	C251.344070,413.359650 237.915619,415.874908 229.113464,409.333893 
	C220.291336,402.778137 218.735199,389.094513 225.884750,380.570129 
	C226.836823,379.434967 228.019058,378.492828 229.398026,377.247345 
M232.582001,403.959656 
	C241.738754,410.270355 251.099014,406.317108 252.821182,395.411774 
	C253.813156,389.130157 249.611465,381.586029 244.278748,380.073792 
	C237.946716,378.278168 231.439880,381.428253 229.585785,387.835083 
	C228.028061,393.217865 228.159775,398.702209 232.582001,403.959656 
z"/>
<path fill="#0A0A0A" opacity="1.000000" stroke="none" 
	d="
M279.920227,412.271210 
	C269.010529,409.388245 263.241455,399.460632 265.856079,388.664612 
	C268.433014,378.024048 278.434906,371.739319 288.989044,374.128998 
	C299.382111,376.482147 305.590302,386.835968 303.277069,397.958069 
	C301.070831,408.565765 291.565247,414.533447 279.920227,412.271210 
M294.031342,384.601379 
	C291.441620,383.006866 289.032806,380.667267 286.221649,379.984680 
	C281.480499,378.833496 277.302277,380.724792 274.801880,385.116699 
	C271.807220,390.376770 271.759888,395.888641 274.542114,401.238373 
	C276.859253,405.693878 280.843445,407.425476 285.750702,407.030121 
	C290.557556,406.642883 293.626678,403.890839 295.432465,399.570496 
	C297.496216,394.633087 296.919678,389.850952 294.031342,384.601379 
z"/>
<path fill="#090909" opacity="1.000000" stroke="none" 
	d="
M487.029083,397.839661 
	C486.053558,385.631165 489.941071,378.467651 499.166229,374.990173 
	C508.903259,371.319733 520.298340,376.300873 523.862366,385.785675 
	C527.739380,396.103333 522.881897,407.971161 513.273254,411.656952 
	C502.691498,415.716003 491.598785,410.678650 487.796906,400.091095 
	C487.572876,399.467316 487.317139,398.854950 487.029083,397.839661 
M500.079651,381.162598 
	C491.712341,385.218475 491.673218,401.782501 500.595703,405.921661 
	C505.553375,408.221527 511.030334,407.221985 514.615051,403.114349 
	C518.697876,398.435944 519.183777,390.351318 515.707153,384.943939 
	C512.474976,379.916748 507.610168,378.572113 500.079651,381.162598 
z"/>
<path fill="#0B0B0B" opacity="1.000000" stroke="none" 
	d="
M402.222656,403.696960 
	C409.352509,409.631439 415.792633,408.310181 419.887329,400.059875 
	C417.684235,399.933868 415.626404,399.816132 413.277130,399.681763 
	C413.179108,397.942810 413.088348,396.332306 412.976990,394.356323 
	C417.399780,394.356323 421.641571,394.356323 426.117340,394.356323 
	C426.117340,400.043579 426.117340,405.817078 426.117340,411.590576 
	C425.707489,411.922668 425.297638,412.254791 424.887787,412.586914 
	C423.547638,411.122498 422.207458,409.658051 420.873779,408.200684 
	C413.736908,414.011383 406.048004,414.731750 399.314331,409.783997 
	C391.951935,404.374237 389.702179,393.746368 393.862244,384.028412 
	C397.118774,376.421173 405.360596,372.447754 414.638947,374.011841 
	C421.040771,375.091034 425.169708,379.541840 425.845367,386.319580 
	C422.295837,387.092957 419.560425,387.298981 417.625824,382.903656 
	C416.063599,379.354462 412.011566,379.237274 408.384918,379.635681 
	C404.058685,380.110962 401.406555,382.860931 400.197479,386.675934 
	C398.382935,392.401276 398.397552,398.141388 402.222656,403.696960 
z"/>
<path fill="#0C0C0C" opacity="1.000000" stroke="none" 
	d="
M473.843109,386.329712 
	C471.633270,380.327545 467.733795,378.092987 462.099792,380.155945 
	C460.522614,380.733459 458.852966,382.670105 458.468201,384.280212 
	C458.242096,385.226440 460.231567,387.398193 461.627289,387.901123 
	C465.340607,389.239258 469.286377,389.919647 473.113525,390.957947 
	C477.832764,392.238342 480.529083,395.377991 480.689728,400.263458 
	C480.850159,405.142120 478.823364,409.005127 474.232086,411.108551 
	C465.658173,415.036438 450.495758,413.464111 450.363983,400.067902 
	C452.447571,400.067902 454.548737,400.067902 456.729065,400.067902 
	C459.791016,406.506561 463.816803,408.767303 469.353485,406.386292 
	C471.190063,405.596466 473.249237,403.447083 473.558868,401.637329 
	C473.768799,400.410767 471.372681,398.023895 469.666840,397.338135 
	C466.477539,396.056091 462.909821,395.752655 459.559845,394.824310 
	C454.862000,393.522430 451.558746,390.826691 451.292236,385.524811 
	C451.037842,380.465088 453.712433,376.667664 459.243286,374.819427 
	C468.249603,371.809753 480.292908,375.177399 479.873383,386.531586 
	C478.001434,386.531586 476.096741,386.531586 473.843109,386.329712 
z"/>
<path fill="#0B0B0B" opacity="1.000000" stroke="none" 
	d="
M731.157593,394.040100 
	C726.509644,391.950104 724.555969,388.581787 725.081848,383.909119 
	C725.625305,379.080017 728.473145,376.129517 733.040710,374.756042 
	C743.525024,371.603363 754.257019,376.320709 753.683838,386.379700 
	C751.780457,386.379700 749.853699,386.379700 747.856934,386.379700 
	C744.970886,380.136169 743.161438,378.806915 737.118958,380.032501 
	C735.243835,380.412842 733.728394,382.566681 732.048279,383.908569 
	C733.363586,385.352783 734.417419,387.465057 736.048218,388.103516 
	C739.552063,389.475372 743.392883,389.955933 747.022400,391.045746 
	C751.157410,392.287354 753.913757,394.823120 754.258301,399.489441 
	C754.605286,404.189606 753.292786,408.187561 749.082947,410.486847 
	C743.066589,413.772766 736.700439,413.964325 730.447144,411.072662 
	C725.904724,408.972168 724.302246,404.983704 724.046021,399.998688 
	C726.241394,399.998688 728.194153,399.998688 730.204224,399.998688 
	C733.592468,406.737122 738.774231,409.109894 744.198608,405.916168 
	C745.628418,405.074310 746.991638,402.923889 747.048462,401.326782 
	C747.093384,400.067383 745.328979,398.064178 743.943604,397.561737 
	C739.920776,396.102631 735.684326,395.232361 731.157593,394.040100 
z"/>
<path fill="#090909" opacity="1.000000" stroke="none" 
	d="
M565.013916,375.018127 
	C565.708740,382.288239 566.019897,389.528656 566.136963,396.772247 
	C566.256592,404.179626 568.729919,407.132416 575.065247,407.051147 
	C581.246826,406.971893 583.819946,403.869598 583.827393,396.464050 
	C583.834412,389.496948 583.828857,382.529846 583.828857,375.273865 
	C585.942444,375.273865 587.847900,375.273865 590.082581,375.273865 
	C590.082581,384.433624 590.403931,393.687103 589.948181,402.902161 
	C589.717163,407.573120 586.277771,410.926727 581.765442,411.821106 
	C577.816040,412.603912 573.525879,412.674530 569.543091,412.053650 
	C563.104065,411.049835 559.830994,407.350861 559.575134,400.913300 
	C559.239441,392.467346 559.492737,383.998016 559.492737,374.989807 
	C561.347107,374.989807 562.946045,374.989807 565.013916,375.018127 
z"/>
<path fill="#0C0C0C" opacity="1.000000" stroke="none" 
	d="
M194.328796,380.859741 
	C187.885620,385.655853 185.858398,393.206604 189.029510,400.016449 
	C190.983398,404.212341 194.248383,406.679108 199.010605,407.080017 
	C204.827667,407.569702 207.154709,403.675537 209.008301,399.178986 
	C211.117615,399.178986 213.082840,399.178986 215.054382,399.178986 
	C214.665939,406.867828 208.622391,412.502563 200.374847,412.991547 
	C191.018082,413.546295 182.364609,406.887970 180.889435,397.998657 
	C178.963776,386.394806 184.349213,377.095551 194.627609,374.276459 
	C203.486603,371.846649 211.229324,376.186707 214.984253,385.963562 
	C211.312012,386.491760 208.373413,387.009613 205.841187,382.862671 
	C203.378113,378.828979 198.890442,379.030548 194.328796,380.859741 
z"/>
<path fill="#0B0B0B" opacity="1.000000" stroke="none" 
	d="
M612.093323,382.282532 
	C612.070557,392.383575 612.070557,402.007355 612.070557,411.793915 
	C609.663879,411.793915 607.728943,411.793915 605.321655,411.793915 
	C605.321655,401.583923 605.321655,391.501556 605.321655,380.934052 
	C601.791443,380.934052 598.719177,380.934052 595.378540,380.934052 
	C595.277588,378.843964 595.199768,377.232208 595.106262,375.295746 
	C604.035156,375.295746 612.809021,375.295746 621.916382,375.295746 
	C621.916382,376.828491 621.916382,378.559235 621.916382,380.408966 
	C618.690063,380.868622 615.403076,381.336945 612.093323,382.282532 
z"/>
<path fill="#0B0B0B" opacity="1.000000" stroke="none" 
	d="
M310.108429,381.120667 
	C310.108459,378.989777 310.108459,377.342957 310.108459,375.338348 
	C312.330200,375.338348 314.385406,375.338348 316.968719,375.338348 
	C316.968719,385.309509 316.968719,395.511963 316.968719,406.080811 
	C322.893036,406.080811 328.310242,406.080811 333.944794,406.080811 
	C333.944794,408.059448 333.944794,409.661652 333.944794,411.615326 
	C326.318176,411.615326 318.597839,411.615326 310.108398,411.615326 
	C310.108398,401.726929 310.108398,391.665833 310.108429,381.120667 
z"/>
<path fill="#070707" opacity="1.000000" stroke="none" 
	d="
M549.846069,406.091858 
	C551.956909,406.091797 553.596069,406.091797 555.584900,406.091797 
	C555.701172,408.006287 555.797852,409.598602 555.917969,411.575928 
	C547.953674,411.575928 540.218628,411.575928 532.129028,411.575928 
	C532.129028,399.670380 532.129028,387.613281 532.129028,375.271057 
	C533.902100,375.271057 535.809326,375.271057 538.152283,375.271057 
	C538.152283,385.347076 538.152283,395.419891 538.152283,406.091949 
	C542.164124,406.091949 545.769287,406.091949 549.846069,406.091858 
z"/>
<path fill="#0C0C0C" opacity="1.000000" stroke="none" 
	d="
M634.809937,401.950623 
	C634.810669,405.405975 634.810669,408.370392 634.810669,411.697266 
	C632.519348,411.826355 630.592041,411.934906 628.316223,412.063110 
	C628.316223,399.710541 628.316223,387.516602 628.316223,375.149536 
	C630.335754,375.149536 632.277588,375.149536 634.809265,375.149536 
	C634.809265,383.944672 634.809265,392.702148 634.809937,401.950623 
z"/>
<path fill="#121212" opacity="1.000000" stroke="none" 
	d="
M339.007233,410.670532 
	C338.970825,398.623535 338.970825,387.045441 338.970825,375.217163 
	C341.146912,375.217163 343.059570,375.217163 345.292053,375.217163 
	C345.292053,387.348175 345.292053,399.502747 345.292053,412.265228 
	C342.990967,411.850647 341.017303,411.495056 339.007233,410.670532 
z"/>
<path fill="#161616" opacity="1.000000" stroke="none" 
	d="
M837.856689,218.796051 
	C845.561157,213.740845 853.693359,215.136841 857.505798,221.890686 
	C861.227051,228.482956 858.563110,236.708420 851.660339,239.939636 
	C846.548462,242.332489 840.008057,240.713364 836.395996,236.217194 
	C832.856750,231.811523 832.357300,223.928757 837.856689,218.796051 
M844.858643,218.013260 
	C839.632629,218.906647 836.622864,222.096817 836.005127,227.240494 
	C835.312866,233.004807 840.080078,238.429977 845.815857,238.817123 
	C851.448608,239.197342 856.798401,234.247543 856.988586,228.479767 
	C857.179260,222.697678 852.462585,218.328705 844.858643,218.013260 
z"/>
<path fill="#FAFAFA" opacity="1.000000" stroke="none" 
	d="
M276.927399,253.823853 
	C278.231293,249.133408 279.064484,244.668701 280.837646,240.615204 
	C281.926056,238.127075 284.080658,235.468552 286.446106,234.365601 
	C288.560852,233.379547 292.139557,233.606247 294.088165,234.845413 
	C295.464813,235.720886 296.016815,239.371338 295.532196,241.456467 
	C292.276306,255.465714 288.690491,269.399506 285.083252,283.324524 
	C284.555542,285.361816 283.851166,288.020142 282.334869,288.981384 
	C279.943115,290.497589 276.712524,291.681976 273.986206,291.424835 
	C270.676727,291.112793 269.196899,288.188385 269.987274,284.670563 
	C272.267975,274.519623 274.563599,264.372009 276.927399,253.823853 
z"/>
<path fill="#F8F8F8" opacity="1.000000" stroke="none" 
	d="
M628.031128,274.320374 
	C626.315979,278.444458 625.107056,282.498444 622.880615,285.883118 
	C618.402466,292.690887 609.481262,295.432800 601.731812,293.016510 
	C597.366394,291.655396 595.932312,288.394562 597.643372,284.035767 
	C600.076721,277.837158 605.810120,276.699585 611.217163,275.257690 
	C616.780029,273.774261 622.449097,272.689056 628.416199,271.352417 
	C628.310791,272.159058 628.193909,273.053253 628.031128,274.320374 
z"/>
<path fill="#FBFBFB" opacity="1.000000" stroke="none" 
	d="
M647.684448,397.050171 
	C646.189026,387.376160 650.820557,380.157135 658.380798,379.777832 
	C664.949646,379.448273 670.157227,383.626556 671.001404,389.903931 
	C672.202515,398.835663 668.617065,405.515991 661.866333,406.924164 
	C655.270874,408.299927 650.216675,404.881042 647.684448,397.050171 
z"/>
<path fill="#FBFBFB" opacity="1.000000" stroke="none" 
	d="
M232.317703,403.679932 
	C228.159775,398.702209 228.028061,393.217865 229.585785,387.835083 
	C231.439880,381.428253 237.946716,378.278168 244.278748,380.073792 
	C249.611465,381.586029 253.813156,389.130157 252.821182,395.411774 
	C251.099014,406.317108 241.738754,410.270355 232.317703,403.679932 
z"/>
<path fill="#FAFAFA" opacity="1.000000" stroke="none" 
	d="
M294.278381,384.895203 
	C296.919678,389.850952 297.496216,394.633087 295.432465,399.570496 
	C293.626678,403.890839 290.557556,406.642883 285.750702,407.030121 
	C280.843445,407.425476 276.859253,405.693878 274.542114,401.238373 
	C271.759888,395.888641 271.807220,390.376770 274.801880,385.116699 
	C277.302277,380.724792 281.480499,378.833496 286.221649,379.984680 
	C289.032806,380.667267 291.441620,383.006866 294.278381,384.895203 
z"/>
<path fill="#FAFAFA" opacity="1.000000" stroke="none" 
	d="
M500.447845,380.995361 
	C507.610168,378.572113 512.474976,379.916748 515.707153,384.943939 
	C519.183777,390.351318 518.697876,398.435944 514.615051,403.114349 
	C511.030334,407.221985 505.553375,408.221527 500.595703,405.921661 
	C491.673218,401.782501 491.712341,385.218475 500.447845,380.995361 
z"/>
<path fill="#ECECEC" opacity="1.000000" stroke="none" 
	d="
M845.265015,218.005066 
	C852.462585,218.328705 857.179260,222.697678 856.988586,228.479767 
	C856.798401,234.247543 851.448608,239.197342 845.815857,238.817123 
	C840.080078,238.429977 835.312866,233.004807 836.005127,227.240494 
	C836.622864,222.096817 839.632629,218.906647 845.265015,218.005066 
M847.867432,221.001694 
	C845.930603,221.001694 843.993835,221.001694 842.034302,221.001694 
	C842.034302,225.977142 842.034302,230.508972 842.034302,235.040802 
	C842.430176,235.169281 842.826111,235.297760 843.221985,235.426254 
	C843.692444,234.401840 844.111511,233.349518 844.648865,232.361511 
	C845.114014,231.506226 845.713257,230.723846 846.253174,229.909256 
	C846.902771,230.651352 847.573792,231.375977 848.196716,232.139801 
	C849.062073,233.200882 849.891235,234.291367 850.735840,235.369293 
	C851.304382,231.963669 850.561584,229.315659 851.211609,227.071060 
	C852.095459,224.019302 851.419739,222.316071 847.867432,221.001694 
z"/>
<path fill="#1D1D1D" opacity="1.000000" stroke="none" 
	d="
M848.289978,221.053314 
	C851.419739,222.316071 852.095459,224.019302 851.211609,227.071060 
	C850.561584,229.315659 851.304382,231.963669 850.735840,235.369293 
	C849.891235,234.291367 849.062073,233.200882 848.196716,232.139801 
	C847.573792,231.375977 846.902771,230.651352 846.253174,229.909241 
	C845.713257,230.723846 845.114014,231.506226 844.648865,232.361511 
	C844.111511,233.349518 843.692444,234.401840 843.221985,235.426254 
	C842.826111,235.297760 842.430176,235.169281 842.034302,235.040802 
	C842.034302,230.508972 842.034302,225.977142 842.034302,221.001694 
	C843.993835,221.001694 845.930603,221.001694 848.289978,221.053314 
z"/>
</svg>