<svg version="1.1" id="Layer_1" xmlns="http://www.w3.org/2000/svg" xmlns:xlink="http://www.w3.org/1999/xlink" x="0px" y="0px"
	 width="100%" viewBox="0 0 1366 768" enable-background="new 0 0 1366 768" xml:space="preserve">
<path fill="#FEFEFE" opacity="1.000000" stroke="none" 
	d="
M888.000000,769.000000 
	C592.034546,769.000000 296.569122,769.000000 1.051836,769.000000 
	C1.051836,513.064514 1.051836,257.128998 1.051836,1.096742 
	C456.215546,1.096742 911.431152,1.096742 1366.823364,1.096742 
	C1366.823364,256.999908 1366.823364,512.999939 1366.823364,769.000000 
	C1207.462036,769.000000 1047.981079,769.000000 888.000000,769.000000 
M1319.688110,464.949280 
	C1320.465088,462.964691 1321.241943,460.980072 1322.221313,458.266052 
	C1322.168823,457.515259 1322.116211,456.764465 1322.389160,455.490387 
	C1321.650635,453.896332 1320.912109,452.302277 1319.825806,450.146515 
	C1318.621826,449.062378 1317.417847,447.978241 1315.793091,446.256317 
	C1310.975464,442.662476 1305.971558,443.268463 1301.137939,445.981903 
	C1295.905762,448.919250 1294.010254,453.835663 1294.998169,459.504822 
	C1295.776123,463.969666 1298.355347,467.495758 1303.278564,469.688477 
	C1308.849487,471.386536 1315.021484,469.868103 1318.554810,465.910370 
	C1318.877441,465.744781 1319.047974,465.480896 1319.688110,464.949280 
M77.484482,389.500275 
	C77.484505,373.834076 77.459267,358.167786 77.504852,342.501709 
	C77.514534,339.172943 77.461952,335.792480 77.996178,332.527130 
	C79.217598,325.061371 81.696365,318.163727 89.877098,315.669373 
	C100.828079,312.330353 111.972809,312.079865 122.747536,316.000305 
	C125.965530,317.171173 129.761429,320.282959 130.747849,323.329437 
	C132.857590,329.845215 134.229095,336.891785 134.282516,343.733582 
	C134.594772,383.730591 134.490677,423.731354 134.367035,463.730377 
	C134.353668,468.051361 135.539612,469.511017 140.069870,469.435455 
	C156.565018,469.160248 173.070984,469.140839 189.565155,469.444031 
	C194.404816,469.533020 195.806595,468.231323 195.783798,463.329376 
	C195.594040,422.497498 195.664597,381.664398 195.692978,340.831665 
	C195.695175,337.671265 195.677765,334.462494 196.185181,331.360565 
	C197.323120,324.404358 199.569229,317.965851 207.294693,315.713318 
	C218.432663,312.465820 229.685333,312.213623 240.757202,315.813232 
	C246.966003,317.831787 250.557785,322.618103 251.287491,329.114380 
	C251.918671,334.733398 252.356522,340.406799 252.369354,346.057343 
	C252.457993,385.056549 252.411179,424.056061 252.412109,463.055481 
	C252.412262,469.378235 252.421860,469.337677 258.894928,469.328766 
	C275.227966,469.306274 291.564056,469.152039 307.892334,469.432373 
	C312.654083,469.514160 313.789490,467.925842 313.770905,463.397491 
	C313.613220,424.898682 313.793915,386.398438 313.602753,347.899933 
	C313.554108,338.103760 313.076813,328.245148 311.862396,318.532013 
	C308.850800,294.444427 296.021240,277.831482 272.736542,270.024750 
	C253.105728,263.443085 232.941589,263.339661 212.512238,265.057404 
	C194.339066,266.585449 178.351273,272.351837 165.120682,285.651917 
	C162.649597,283.504974 160.303711,281.165710 157.664520,279.225403 
	C145.577423,270.339111 131.944778,266.144775 117.002434,264.940613 
	C96.580490,263.294861 76.443916,263.691406 56.827236,270.214539 
	C45.044624,274.132690 35.353642,280.906311 28.261150,291.402283 
	C19.194464,304.819763 16.510576,319.955017 16.401947,335.554443 
	C16.102528,378.551727 16.312613,421.552460 16.231718,464.551636 
	C16.224833,468.211914 17.438469,469.453918 21.205427,469.413696 
	C38.203140,469.232239 55.205463,469.216217 72.202530,469.428741 
	C76.413773,469.481354 77.602097,468.148529 77.572746,463.998596 
	C77.399498,439.500183 77.485573,414.999939 77.484482,389.500275 
M420.514679,475.511139 
	C438.009094,475.699371 455.423279,475.581818 472.539368,470.866455 
	C489.669098,466.147339 503.795502,457.760071 512.806824,441.844849 
	C518.984558,430.934113 522.977295,419.100739 523.396912,406.872314 
	C524.252441,381.941956 524.249084,356.937408 523.331116,332.010101 
	C522.881104,319.788757 518.898438,307.902954 512.652954,297.053619 
	C506.040100,285.566315 496.479126,277.473907 484.318512,272.470093 
	C471.563354,267.221588 458.120911,265.393036 444.429932,264.680328 
	C421.254791,263.473816 398.204498,263.465118 375.658691,270.085358 
	C365.669769,273.018463 356.867950,277.887573 349.298981,285.185913 
	C337.692352,296.377441 332.172852,310.690918 330.267670,325.924133 
	C326.022827,359.865112 324.350952,393.881989 333.813538,427.465668 
	C338.967682,445.758240 350.236511,458.835419 367.386597,466.284210 
	C383.895752,473.454559 401.523438,475.923370 420.514679,475.511139 
M958.097900,300.309570 
	C957.245483,305.637543 956.393066,310.965515 955.512756,316.467651 
	C967.770996,316.467651 979.217773,316.407196 990.663696,316.481934 
	C1007.487366,316.591797 1024.327515,316.401733 1041.126709,317.124634 
	C1050.016846,317.507202 1058.665649,320.842102 1062.253906,329.699585 
	C1064.775146,335.923065 1064.809692,343.153870 1066.070190,350.619385 
	C1063.575073,350.299591 1062.402588,350.346100 1061.374023,349.983887 
	C1056.554932,348.286957 1051.910278,345.777313 1046.959595,344.823517 
	C1018.043335,339.252533 989.453430,338.643036 962.207092,352.283752 
	C952.972229,356.907196 946.598206,364.212830 942.564819,373.731934 
	C936.860901,387.193604 936.243713,401.359985 937.769714,415.456696 
	C938.737366,424.396088 940.569702,433.814148 944.557617,441.737396 
	C953.371521,459.248779 970.293152,467.090851 988.365845,467.840851 
	C1025.104980,469.365509 1061.954224,468.633606 1098.748535,468.128174 
	C1107.180542,468.012360 1114.397949,463.345795 1119.080566,455.580688 
	C1123.585693,448.109955 1124.432983,439.900085 1124.461914,431.549713 
	C1124.564331,401.891235 1124.561890,372.231934 1124.449097,342.573517 
	C1124.426392,336.590912 1124.291992,330.515686 1123.266357,324.647980 
	C1120.567383,309.208618 1114.868042,295.248505 1101.368286,285.832520 
	C1090.279297,278.098022 1077.915527,274.066284 1064.543579,272.040649 
	C1032.164917,267.135986 999.684875,270.310669 967.250671,270.176178 
	C965.904907,270.170593 963.659424,272.121674 963.345215,273.504700 
	C961.393188,282.097534 959.873352,290.788544 958.097900,300.309570 
M869.848389,323.195984 
	C861.848816,350.471069 853.849304,377.746185 845.849792,405.021301 
	C845.210266,404.957703 844.570801,404.894104 843.931335,404.830505 
	C843.060242,401.736969 842.219666,398.634491 841.312805,395.551453 
	C837.334473,382.025665 833.267944,368.525391 829.366577,354.977478 
	C825.782043,342.529968 822.423157,330.017639 818.864014,317.562683 
	C814.852417,303.524475 810.529297,289.571320 806.780945,275.464447 
	C805.734314,271.525543 804.369019,270.007874 800.156067,270.058624 
	C781.668274,270.281494 763.176331,270.148682 744.685852,270.174377 
	C742.948181,270.176788 741.210754,270.386230 739.187073,270.518219 
	C739.672424,272.917664 739.830750,274.742798 740.413269,276.420624 
	C747.216309,296.014923 754.059875,315.595245 760.940613,335.162415 
	C766.609009,351.281860 772.368103,367.369385 778.037048,383.488647 
	C782.774170,396.958313 787.410767,410.463379 792.143982,423.934448 
	C796.928955,437.552887 801.902588,451.106842 806.506531,464.785645 
	C807.586060,467.993134 808.964233,469.420105 812.426575,469.402954 
	C833.414978,469.299042 854.404297,469.304352 875.392700,469.410492 
	C878.577454,469.426605 880.073608,468.317688 881.095581,465.247345 
	C886.386719,449.349548 891.879456,433.518250 897.382812,417.691864 
	C904.631104,396.847565 911.956482,376.030090 919.245117,355.199829 
	C926.315125,334.994598 933.416931,314.800415 940.429688,294.575378 
	C943.124756,286.802856 945.612488,278.958466 948.411865,270.489624 
	C946.224609,270.354767 944.634033,270.173553 943.043213,270.171478 
	C927.384644,270.151062 911.726013,270.161011 896.067444,270.161102 
	C884.720337,270.161163 885.128540,270.267731 882.215149,281.343536 
	C878.583862,295.148865 874.194214,308.754700 869.848389,323.195984 
M575.848816,218.713058 
	C565.631714,220.134094 555.448181,221.962097 545.183655,222.807281 
	C539.920532,223.240662 539.140198,225.386459 539.162109,229.966125 
	C539.323608,263.780029 539.219849,297.595123 539.258362,331.409760 
	C539.288330,357.727844 539.142517,384.050293 539.591309,410.362000 
	C539.811279,423.256622 542.340637,435.913757 549.607727,446.917328 
	C559.358459,461.681519 574.756226,466.931488 591.096069,468.059540 
	C611.818909,469.490143 632.677185,468.895569 653.471313,469.408081 
	C657.674194,469.511688 658.953674,467.660126 659.542358,463.977631 
	C660.748291,456.434174 662.259338,448.939301 663.659790,441.427216 
	C664.836365,435.115356 666.034302,428.807404 667.334900,421.902466 
	C665.246765,421.902466 663.964478,421.908478 662.682312,421.901550 
	C648.362122,421.824341 634.032104,422.032867 619.725708,421.548370 
	C612.273438,421.296021 605.559509,418.321899 602.569458,410.827179 
	C601.065613,407.057587 600.360962,402.737549 600.316284,398.655243 
	C600.039490,373.339661 600.103210,348.020569 599.919678,322.703613 
	C599.889038,318.470764 601.563721,317.423370 605.648865,317.482391 
	C622.635986,317.727722 639.628784,317.557404 656.618591,317.667999 
	C659.990723,317.689941 661.419373,316.334808 661.710571,313.039551 
	C662.002014,309.740204 662.628357,306.460907 663.264221,303.203339 
	C665.016479,294.226379 667.057434,285.300323 668.580322,276.285889 
	C669.611633,270.180847 669.306152,270.145111 663.284180,270.149231 
	C643.961548,270.162384 624.637878,270.062561 605.317017,270.248169 
	C601.196472,270.287750 599.821167,269.075134 599.885559,264.870056 
	C600.110046,250.214890 599.993042,235.554169 599.953003,220.895706 
	C599.947815,219.002945 599.631897,217.111038 599.428162,214.869659 
	C591.446289,216.182693 584.081177,217.394272 575.848816,218.713058 
M312.840149,507.913818 
	C313.039307,503.249207 309.621368,504.168518 306.928253,504.168060 
	C213.143646,504.152313 119.359032,504.157410 25.574421,504.158569 
	C23.742062,504.158569 21.899364,504.268250 20.079580,504.113708 
	C16.708220,503.827423 15.234245,505.028748 15.408465,508.633636 
	C15.657452,513.785522 15.468019,518.958496 15.467644,524.122498 
	C15.466906,534.248230 15.467425,544.373901 15.467425,554.681152 
	C114.804428,554.681152 213.607010,554.681152 312.845276,554.681152 
	C312.845276,539.101929 312.845276,523.971313 312.840149,507.913818 
M1351.542114,277.419891 
	C1352.066895,275.082062 1352.591797,272.744232 1353.179321,270.127441 
	C1350.878662,269.880280 1349.404785,269.640625 1347.923340,269.574951 
	C1322.468262,268.446350 1297.056152,267.526337 1271.752319,272.155060 
	C1252.352905,275.703705 1237.053345,284.605438 1228.001099,302.701843 
	C1221.493408,315.711548 1220.290283,329.858063 1220.179688,343.975861 
	C1219.866699,383.943665 1220.118652,423.915619 1220.003540,463.885529 
	C1219.991943,467.927277 1221.057129,469.474426 1225.352661,469.421570 
	C1242.337280,469.212616 1259.327026,469.241638 1276.312622,469.417480 
	C1280.203125,469.457733 1281.625000,468.294922 1281.578125,464.309021 
	C1281.405884,449.655273 1281.495117,434.998260 1281.514526,420.342529 
	C1281.548584,394.529144 1281.454102,368.714294 1281.705688,342.902924 
	C1281.856323,327.449707 1287.786743,319.994690 1304.696045,318.887665 
	C1316.124268,318.139496 1327.649780,318.652130 1339.122803,318.947571 
	C1342.652710,319.038513 1344.123657,318.183380 1344.725708,314.560028 
	C1346.742798,302.424042 1349.116455,290.347321 1351.542114,277.419891 
M1183.498901,270.159668 
	C1171.169067,270.154572 1158.837036,270.281006 1146.510864,270.067871 
	C1142.581665,269.999969 1141.454102,271.215240 1141.461670,275.177673 
	C1141.582153,338.159302 1141.585449,401.141266 1141.459106,464.122833 
	C1141.450439,468.417542 1142.854248,469.473755 1146.940430,469.420868 
	C1163.266357,469.209320 1179.596558,469.311615 1195.925171,469.327057 
	C1202.754395,469.333496 1202.761841,469.366699 1202.762085,462.468475 
	C1202.764160,400.819580 1202.763184,339.170715 1202.762817,277.521820 
	C1202.762817,276.688721 1202.679688,275.846619 1202.772339,275.024109 
	C1203.178711,271.414368 1201.822021,269.847809 1197.989990,270.086975 
	C1193.508667,270.366699 1188.996582,270.157043 1183.498901,270.159668 
M702.500000,270.159943 
	C695.333496,270.156708 688.156799,270.381592 681.004272,270.063965 
	C676.771851,269.876007 675.272095,270.917206 675.283508,275.515930 
	C675.439819,338.347382 675.422974,401.179443 675.309631,464.011078 
	C675.302307,468.094147 676.315613,469.503571 680.610413,469.439850 
	C697.273010,469.192627 713.944031,469.161194 730.605774,469.430664 
	C735.234375,469.505524 736.597290,468.215637 736.586182,463.553986 
	C736.443054,403.389069 736.492065,343.223663 736.476318,283.058411 
	C736.475647,280.394867 736.174988,277.726196 736.270752,275.069153 
	C736.407593,271.275299 735.019043,269.903015 730.995544,270.049225 
	C721.841125,270.381836 712.666443,270.157776 702.500000,270.159943 
z"/>
<path fill="#050505" opacity="1.000000" stroke="none" 
	d="
M77.484421,390.000305 
	C77.485573,414.999939 77.399498,439.500183 77.572746,463.998596 
	C77.602097,468.148529 76.413773,469.481354 72.202530,469.428741 
	C55.205463,469.216217 38.203140,469.232239 21.205427,469.413696 
	C17.438469,469.453918 16.224833,468.211914 16.231718,464.551636 
	C16.312613,421.552460 16.102528,378.551727 16.401947,335.554443 
	C16.510576,319.955017 19.194464,304.819763 28.261150,291.402283 
	C35.353642,280.906311 45.044624,274.132690 56.827236,270.214539 
	C76.443916,263.691406 96.580490,263.294861 117.002434,264.940613 
	C131.944778,266.144775 145.577423,270.339111 157.664520,279.225403 
	C160.303711,281.165710 162.649597,283.504974 165.120682,285.651917 
	C178.351273,272.351837 194.339066,266.585449 212.512238,265.057404 
	C232.941589,263.339661 253.105728,263.443085 272.736542,270.024750 
	C296.021240,277.831482 308.850800,294.444427 311.862396,318.532013 
	C313.076813,328.245148 313.554108,338.103760 313.602753,347.899933 
	C313.793915,386.398438 313.613220,424.898682 313.770905,463.397491 
	C313.789490,467.925842 312.654083,469.514160 307.892334,469.432373 
	C291.564056,469.152039 275.227966,469.306274 258.894928,469.328766 
	C252.421860,469.337677 252.412262,469.378235 252.412109,463.055481 
	C252.411179,424.056061 252.457993,385.056549 252.369354,346.057343 
	C252.356522,340.406799 251.918671,334.733398 251.287491,329.114380 
	C250.557785,322.618103 246.966003,317.831787 240.757202,315.813232 
	C229.685333,312.213623 218.432663,312.465820 207.294693,315.713318 
	C199.569229,317.965851 197.323120,324.404358 196.185181,331.360565 
	C195.677765,334.462494 195.695175,337.671265 195.692978,340.831665 
	C195.664597,381.664398 195.594040,422.497498 195.783798,463.329376 
	C195.806595,468.231323 194.404816,469.533020 189.565155,469.444031 
	C173.070984,469.140839 156.565018,469.160248 140.069870,469.435455 
	C135.539612,469.511017 134.353668,468.051361 134.367035,463.730377 
	C134.490677,423.731354 134.594772,383.730591 134.282516,343.733582 
	C134.229095,336.891785 132.857590,329.845215 130.747849,323.329437 
	C129.761429,320.282959 125.965530,317.171173 122.747536,316.000305 
	C111.972809,312.079865 100.828079,312.330353 89.877098,315.669373 
	C81.696365,318.163727 79.217598,325.061371 77.996178,332.527130 
	C77.461952,335.792480 77.514534,339.172943 77.504852,342.501709 
	C77.459267,358.167786 77.484505,373.834076 77.484421,390.000305 
z"/>
<path fill="#040404" opacity="1.000000" stroke="none" 
	d="
M420.018005,475.508301 
	C401.523438,475.923370 383.895752,473.454559 367.386597,466.284210 
	C350.236511,458.835419 338.967682,445.758240 333.813538,427.465668 
	C324.350952,393.881989 326.022827,359.865112 330.267670,325.924133 
	C332.172852,310.690918 337.692352,296.377441 349.298981,285.185913 
	C356.867950,277.887573 365.669769,273.018463 375.658691,270.085358 
	C398.204498,263.465118 421.254791,263.473816 444.429932,264.680328 
	C458.120911,265.393036 471.563354,267.221588 484.318512,272.470093 
	C496.479126,277.473907 506.040100,285.566315 512.652954,297.053619 
	C518.898438,307.902954 522.881104,319.788757 523.331116,332.010101 
	C524.249084,356.937408 524.252441,381.941956 523.396912,406.872314 
	C522.977295,419.100739 518.984558,430.934113 512.806824,441.844849 
	C503.795502,457.760071 489.669098,466.147339 472.539368,470.866455 
	C455.423279,475.581818 438.009094,475.699371 420.018005,475.508301 
M401.240662,316.648407 
	C398.887207,319.328125 395.632721,321.646637 394.381256,324.768188 
	C392.245972,330.094147 390.312134,335.894775 390.155182,341.547729 
	C389.637756,360.182220 389.815857,378.841614 390.055328,397.487244 
	C390.110046,401.747955 391.120392,406.097473 392.327362,410.219727 
	C394.365082,417.179077 398.071472,423.069794 405.575928,425.217773 
	C419.345795,429.159119 433.301117,429.317261 446.961060,425.229340 
	C450.857910,424.063110 455.380981,420.776794 457.036804,417.250977 
	C460.063324,410.806488 462.495941,403.517639 462.809448,396.475525 
	C463.601227,378.691101 463.205505,360.846649 462.989990,343.029816 
	C462.938202,338.749908 462.147797,334.366669 460.972595,330.237183 
	C458.853027,322.789368 455.007507,316.691162 446.834412,314.321625 
	C434.359680,310.704926 421.808014,311.431030 409.246063,313.327759 
	C406.707428,313.711090 404.345154,315.262177 401.240662,316.648407 
z"/>
<path fill="#040404" opacity="1.000000" stroke="none" 
	d="
M958.154053,299.878296 
	C959.873352,290.788544 961.393188,282.097534 963.345215,273.504700 
	C963.659424,272.121674 965.904907,270.170593 967.250671,270.176178 
	C999.684875,270.310669 1032.164917,267.135986 1064.543579,272.040649 
	C1077.915527,274.066284 1090.279297,278.098022 1101.368286,285.832520 
	C1114.868042,295.248505 1120.567383,309.208618 1123.266357,324.647980 
	C1124.291992,330.515686 1124.426392,336.590912 1124.449097,342.573517 
	C1124.561890,372.231934 1124.564331,401.891235 1124.461914,431.549713 
	C1124.432983,439.900085 1123.585693,448.109955 1119.080566,455.580688 
	C1114.397949,463.345795 1107.180542,468.012360 1098.748535,468.128174 
	C1061.954224,468.633606 1025.104980,469.365509 988.365845,467.840851 
	C970.293152,467.090851 953.371521,459.248779 944.557617,441.737396 
	C940.569702,433.814148 938.737366,424.396088 937.769714,415.456696 
	C936.243713,401.359985 936.860901,387.193604 942.564819,373.731934 
	C946.598206,364.212830 952.972229,356.907196 962.207092,352.283752 
	C989.453430,338.643036 1018.043335,339.252533 1046.959595,344.823517 
	C1051.910278,345.777313 1056.554932,348.286957 1061.374023,349.983887 
	C1062.402588,350.346100 1063.575073,350.299591 1066.070190,350.619385 
	C1064.809692,343.153870 1064.775146,335.923065 1062.253906,329.699585 
	C1058.665649,320.842102 1050.016846,317.507202 1041.126709,317.124634 
	C1024.327515,316.401733 1007.487366,316.591797 990.663696,316.481934 
	C979.217773,316.407196 967.770996,316.467651 955.512756,316.467651 
	C956.393066,310.965515 957.245483,305.637543 958.154053,299.878296 
M1008.721375,384.008118 
	C998.652893,388.100494 996.567566,392.286774 996.079956,405.123901 
	C995.574341,418.434906 1002.197510,425.952515 1015.406799,426.401245 
	C1030.551392,426.915771 1045.717041,426.924255 1060.871704,426.834747 
	C1062.224121,426.826782 1064.697021,424.504272 1064.722534,423.218567 
	C1064.880249,415.239685 1064.949097,407.203735 1064.155273,399.276031 
	C1063.247314,390.206451 1058.163574,385.466705 1049.191528,383.710724 
	C1035.948730,381.118896 1022.726257,381.029602 1008.721375,384.008118 
z"/>
<path fill="#050505" opacity="1.000000" stroke="none" 
	d="
M869.990234,322.821350 
	C874.194214,308.754700 878.583862,295.148865 882.215149,281.343536 
	C885.128540,270.267731 884.720337,270.161163 896.067444,270.161102 
	C911.726013,270.161011 927.384644,270.151062 943.043213,270.171478 
	C944.634033,270.173553 946.224609,270.354767 948.411865,270.489624 
	C945.612488,278.958466 943.124756,286.802856 940.429688,294.575378 
	C933.416931,314.800415 926.315125,334.994598 919.245117,355.199829 
	C911.956482,376.030090 904.631104,396.847565 897.382812,417.691864 
	C891.879456,433.518250 886.386719,449.349548 881.095581,465.247345 
	C880.073608,468.317688 878.577454,469.426605 875.392700,469.410492 
	C854.404297,469.304352 833.414978,469.299042 812.426575,469.402954 
	C808.964233,469.420105 807.586060,467.993134 806.506531,464.785645 
	C801.902588,451.106842 796.928955,437.552887 792.143982,423.934448 
	C787.410767,410.463379 782.774170,396.958313 778.037048,383.488647 
	C772.368103,367.369385 766.609009,351.281860 760.940613,335.162415 
	C754.059875,315.595245 747.216309,296.014923 740.413269,276.420624 
	C739.830750,274.742798 739.672424,272.917664 739.187073,270.518219 
	C741.210754,270.386230 742.948181,270.176788 744.685852,270.174377 
	C763.176331,270.148682 781.668274,270.281494 800.156067,270.058624 
	C804.369019,270.007874 805.734314,271.525543 806.780945,275.464447 
	C810.529297,289.571320 814.852417,303.524475 818.864014,317.562683 
	C822.423157,330.017639 825.782043,342.529968 829.366577,354.977478 
	C833.267944,368.525391 837.334473,382.025665 841.312805,395.551453 
	C842.219666,398.634491 843.060242,401.736969 843.931335,404.830505 
	C844.570801,404.894104 845.210266,404.957703 845.849792,405.021301 
	C853.849304,377.746185 861.848816,350.471069 869.990234,322.821350 
z"/>
<path fill="#050505" opacity="1.000000" stroke="none" 
	d="
M576.282410,218.659454 
	C584.081177,217.394272 591.446289,216.182693 599.428162,214.869659 
	C599.631897,217.111038 599.947815,219.002945 599.953003,220.895706 
	C599.993042,235.554169 600.110046,250.214890 599.885559,264.870056 
	C599.821167,269.075134 601.196472,270.287750 605.317017,270.248169 
	C624.637878,270.062561 643.961548,270.162384 663.284180,270.149231 
	C669.306152,270.145111 669.611633,270.180847 668.580322,276.285889 
	C667.057434,285.300323 665.016479,294.226379 663.264221,303.203339 
	C662.628357,306.460907 662.002014,309.740204 661.710571,313.039551 
	C661.419373,316.334808 659.990723,317.689941 656.618591,317.667999 
	C639.628784,317.557404 622.635986,317.727722 605.648865,317.482391 
	C601.563721,317.423370 599.889038,318.470764 599.919678,322.703613 
	C600.103210,348.020569 600.039490,373.339661 600.316284,398.655243 
	C600.360962,402.737549 601.065613,407.057587 602.569458,410.827179 
	C605.559509,418.321899 612.273438,421.296021 619.725708,421.548370 
	C634.032104,422.032867 648.362122,421.824341 662.682312,421.901550 
	C663.964478,421.908478 665.246765,421.902466 667.334900,421.902466 
	C666.034302,428.807404 664.836365,435.115356 663.659790,441.427216 
	C662.259338,448.939301 660.748291,456.434174 659.542358,463.977631 
	C658.953674,467.660126 657.674194,469.511688 653.471313,469.408081 
	C632.677185,468.895569 611.818909,469.490143 591.096069,468.059540 
	C574.756226,466.931488 559.358459,461.681519 549.607727,446.917328 
	C542.340637,435.913757 539.811279,423.256622 539.591309,410.362000 
	C539.142517,384.050293 539.288330,357.727844 539.258362,331.409760 
	C539.219849,297.595123 539.323608,263.780029 539.162109,229.966125 
	C539.140198,225.386459 539.920532,223.240662 545.183655,222.807281 
	C555.448181,221.962097 565.631714,220.134094 576.282410,218.659454 
z"/>
<path fill="#ED283F" opacity="1.000000" stroke="none" 
	d="
M312.842712,508.377289 
	C312.845276,523.971313 312.845276,539.101929 312.845276,554.681152 
	C213.607010,554.681152 114.804428,554.681152 15.467425,554.681152 
	C15.467425,544.373901 15.466906,534.248230 15.467644,524.122498 
	C15.468019,518.958496 15.657452,513.785522 15.408465,508.633636 
	C15.234245,505.028748 16.708220,503.827423 20.079580,504.113708 
	C21.899364,504.268250 23.742062,504.158569 25.574421,504.158569 
	C119.359032,504.157410 213.143646,504.152313 306.928253,504.168060 
	C309.621368,504.168518 313.039307,503.249207 312.842712,508.377289 
z"/>
<path fill="#050505" opacity="1.000000" stroke="none" 
	d="
M1351.447876,277.833923 
	C1349.116455,290.347321 1346.742798,302.424042 1344.725708,314.560028 
	C1344.123657,318.183380 1342.652710,319.038513 1339.122803,318.947571 
	C1327.649780,318.652130 1316.124268,318.139496 1304.696045,318.887665 
	C1287.786743,319.994690 1281.856323,327.449707 1281.705688,342.902924 
	C1281.454102,368.714294 1281.548584,394.529144 1281.514526,420.342529 
	C1281.495117,434.998260 1281.405884,449.655273 1281.578125,464.309021 
	C1281.625000,468.294922 1280.203125,469.457733 1276.312622,469.417480 
	C1259.327026,469.241638 1242.337280,469.212616 1225.352661,469.421570 
	C1221.057129,469.474426 1219.991943,467.927277 1220.003540,463.885529 
	C1220.118652,423.915619 1219.866699,383.943665 1220.179688,343.975861 
	C1220.290283,329.858063 1221.493408,315.711548 1228.001099,302.701843 
	C1237.053345,284.605438 1252.352905,275.703705 1271.752319,272.155060 
	C1297.056152,267.526337 1322.468262,268.446350 1347.923340,269.574951 
	C1349.404785,269.640625 1350.878662,269.880280 1353.179321,270.127441 
	C1352.591797,272.744232 1352.066895,275.082062 1351.447876,277.833923 
z"/>
<path fill="#050505" opacity="1.000000" stroke="none" 
	d="
M1183.998413,270.159668 
	C1188.996582,270.157043 1193.508667,270.366699 1197.989990,270.086975 
	C1201.822021,269.847809 1203.178711,271.414368 1202.772339,275.024109 
	C1202.679688,275.846619 1202.762817,276.688721 1202.762817,277.521820 
	C1202.763184,339.170715 1202.764160,400.819580 1202.762085,462.468475 
	C1202.761841,469.366699 1202.754395,469.333496 1195.925171,469.327057 
	C1179.596558,469.311615 1163.266357,469.209320 1146.940430,469.420868 
	C1142.854248,469.473755 1141.450439,468.417542 1141.459106,464.122833 
	C1141.585449,401.141266 1141.582153,338.159302 1141.461670,275.177673 
	C1141.454102,271.215240 1142.581665,269.999969 1146.510864,270.067871 
	C1158.837036,270.281006 1171.169067,270.154572 1183.998413,270.159668 
z"/>
<path fill="#050505" opacity="1.000000" stroke="none" 
	d="
M703.000000,270.159973 
	C712.666443,270.157776 721.841125,270.381836 730.995544,270.049225 
	C735.019043,269.903015 736.407593,271.275299 736.270752,275.069153 
	C736.174988,277.726196 736.475647,280.394867 736.476318,283.058411 
	C736.492065,343.223663 736.443054,403.389069 736.586182,463.553986 
	C736.597290,468.215637 735.234375,469.505524 730.605774,469.430664 
	C713.944031,469.161194 697.273010,469.192627 680.610413,469.439850 
	C676.315613,469.503571 675.302307,468.094147 675.309631,464.011078 
	C675.422974,401.179443 675.439819,338.347382 675.283508,275.515930 
	C675.272095,270.917206 676.771851,269.876007 681.004272,270.063965 
	C688.156799,270.381592 695.333496,270.156708 703.000000,270.159973 
z"/>
<path fill="#404040" opacity="1.000000" stroke="none" 
	d="
M1303.005493,468.977417 
	C1298.355347,467.495758 1295.776123,463.969666 1294.998169,459.504822 
	C1294.010254,453.835663 1295.905762,448.919250 1301.137939,445.981903 
	C1305.971558,443.268463 1310.975464,442.662476 1315.475586,446.614197 
	C1314.112305,447.128418 1313.066528,447.284729 1311.700073,447.400818 
	C1309.876221,447.366913 1308.373169,447.373199 1306.492432,447.466400 
	C1299.125854,450.430481 1297.530518,455.206360 1301.045044,463.319458 
	C1302.084717,464.454498 1303.028687,465.287018 1303.951294,466.425018 
	C1303.621826,467.479492 1303.313599,468.228455 1303.005493,468.977417 
z"/>
<path fill="#2E2E2E" opacity="1.000000" stroke="none" 
	d="
M1312.020874,447.441040 
	C1313.066528,447.284729 1314.112305,447.128418 1315.685913,446.933105 
	C1317.417847,447.978241 1318.621826,449.062378 1319.941650,450.796204 
	C1320.726074,452.968506 1321.394897,454.491119 1322.063721,456.013672 
	C1322.116211,456.764465 1322.168823,457.515259 1321.837891,458.822754 
	C1320.658569,461.292572 1319.862549,463.205627 1319.066528,465.118683 
	C1319.047974,465.480896 1318.877441,465.744781 1317.703735,465.930786 
	C1316.044556,465.801056 1315.236328,465.650909 1314.674194,465.131592 
	C1319.232300,459.138611 1317.937012,451.399445 1312.020874,447.441040 
z"/>
<path fill="#585858" opacity="1.000000" stroke="none" 
	d="
M1314.428223,465.500793 
	C1315.236328,465.650909 1316.044556,465.801056 1317.468018,465.998718 
	C1315.021484,469.868103 1308.849487,471.386536 1303.142090,469.332947 
	C1303.313599,468.228455 1303.621826,467.479492 1304.400635,466.404785 
	C1308.057007,465.886292 1311.242554,465.693542 1314.428223,465.500793 
z"/>
<path fill="#585858" opacity="1.000000" stroke="none" 
	d="
M1319.377319,465.033997 
	C1319.862549,463.205627 1320.658569,461.292572 1321.736694,459.187500 
	C1321.241943,460.980072 1320.465088,462.964691 1319.377319,465.033997 
z"/>
<path fill="#585858" opacity="1.000000" stroke="none" 
	d="
M1322.226440,455.752045 
	C1321.394897,454.491119 1320.726074,452.968506 1320.115479,451.077057 
	C1320.912109,452.302277 1321.650635,453.896332 1322.226440,455.752045 
z"/>
<path fill="#FAFAFA" opacity="1.000000" stroke="none" 
	d="
M401.571106,316.461670 
	C404.345154,315.262177 406.707428,313.711090 409.246063,313.327759 
	C421.808014,311.431030 434.359680,310.704926 446.834412,314.321625 
	C455.007507,316.691162 458.853027,322.789368 460.972595,330.237183 
	C462.147797,334.366669 462.938202,338.749908 462.989990,343.029816 
	C463.205505,360.846649 463.601227,378.691101 462.809448,396.475525 
	C462.495941,403.517639 460.063324,410.806488 457.036804,417.250977 
	C455.380981,420.776794 450.857910,424.063110 446.961060,425.229340 
	C433.301117,429.317261 419.345795,429.159119 405.575928,425.217773 
	C398.071472,423.069794 394.365082,417.179077 392.327362,410.219727 
	C391.120392,406.097473 390.110046,401.747955 390.055328,397.487244 
	C389.815857,378.841614 389.637756,360.182220 390.155182,341.547729 
	C390.312134,335.894775 392.245972,330.094147 394.381256,324.768188 
	C395.632721,321.646637 398.887207,319.328125 401.571106,316.461670 
z"/>
<path fill="#F6F6F6" opacity="1.000000" stroke="none" 
	d="
M1009.115723,383.937805 
	C1022.726257,381.029602 1035.948730,381.118896 1049.191528,383.710724 
	C1058.163574,385.466705 1063.247314,390.206451 1064.155273,399.276031 
	C1064.949097,407.203735 1064.880249,415.239685 1064.722534,423.218567 
	C1064.697021,424.504272 1062.224121,426.826782 1060.871704,426.834747 
	C1045.717041,426.924255 1030.551392,426.915771 1015.406799,426.401245 
	C1002.197510,425.952515 995.574341,418.434906 996.079956,405.123901 
	C996.567566,392.286774 998.652893,388.100494 1009.115723,383.937805 
z"/>
<path fill="#CBCBCB" opacity="1.000000" stroke="none" 
	d="
M1314.674194,465.131622 
	C1311.242554,465.693542 1308.057007,465.886292 1304.421997,466.099274 
	C1303.028687,465.287018 1302.084717,464.454498 1301.541992,463.293915 
	C1302.602905,462.898193 1303.262817,462.830597 1304.084717,463.010071 
	C1306.928711,461.128143 1309.568970,456.417938 1312.916138,463.726837 
	C1313.554565,459.596619 1314.118164,455.919434 1313.252563,452.616821 
	C1312.944336,451.440857 1309.168091,451.173859 1306.971191,450.104340 
	C1306.934937,448.937653 1306.902466,448.158569 1306.870117,447.379517 
	C1308.373169,447.373199 1309.876221,447.366913 1311.700073,447.400818 
	C1317.937012,451.399445 1319.232300,459.138611 1314.674194,465.131622 
z"/>
<path fill="#D5D5D5" opacity="1.000000" stroke="none" 
	d="
M1306.492310,447.466370 
	C1306.902466,448.158569 1306.934937,448.937653 1306.542480,450.143372 
	C1305.089844,451.395020 1303.207520,452.198700 1303.186401,453.048920 
	C1303.105591,456.278778 1303.626587,459.523651 1303.922607,462.762939 
	C1303.262817,462.830597 1302.602905,462.898193 1301.446289,462.991364 
	C1297.530518,455.206360 1299.125854,450.430481 1306.492310,447.466370 
z"/>
<path fill="#414141" opacity="1.000000" stroke="none" 
	d="
M1304.084717,463.010040 
	C1303.626587,459.523651 1303.105591,456.278778 1303.186401,453.048920 
	C1303.207520,452.198700 1305.089844,451.395020 1306.546143,450.530945 
	C1309.168091,451.173859 1312.944336,451.440857 1313.252563,452.616821 
	C1314.118164,455.919434 1313.554565,459.596619 1312.916138,463.726837 
	C1309.568970,456.417938 1306.928711,461.128143 1304.084717,463.010040 
z"/>
</svg>