<svg version="1.1" id="Layer_1" xmlns="http://www.w3.org/2000/svg" xmlns:xlink="http://www.w3.org/1999/xlink" x="0px" y="0px"
	 width="100%" viewBox="0 0 2500 715" enable-background="new 0 0 2500 715" xml:space="preserve">
<path fill="#FEFFFF" opacity="1.000000" stroke="none" 
	d="
M1945.000000,716.000000 
	C1296.666748,716.000000 648.833557,716.000000 1.000261,716.000000 
	C1.000174,477.666840 1.000174,239.333649 1.000087,1.000357 
	C834.333008,1.000238 1667.666016,1.000238 2500.999268,1.000119 
	C2500.999512,239.332993 2500.999512,477.665985 2500.999756,715.999512 
	C2315.833252,716.000000 2130.666748,716.000000 1945.000000,716.000000 
M895.368530,274.145660 
	C838.794495,195.666397 782.195557,117.205048 725.731140,38.647011 
	C723.297180,35.260769 720.821289,34.028881 716.736694,34.070057 
	C697.074280,34.268272 677.408752,34.159225 657.744324,34.159229 
	C654.284424,34.159229 650.824585,34.159229 647.127502,34.159229 
	C647.127502,200.353195 647.127502,366.053345 647.127502,531.885437 
	C673.814758,531.885437 700.210571,531.885437 727.220703,531.885437 
	C727.220703,414.341583 727.220703,297.076263 727.220703,178.879959 
	C728.381592,180.442429 728.884277,181.101898 729.369202,181.774139 
	C812.558716,297.098114 895.758789,412.414520 978.871521,527.793762 
	C981.128601,530.927063 983.383911,532.316467 987.374878,532.268372 
	C1006.536621,532.037659 1025.702637,532.165100 1044.867065,532.165344 
	C1046.635620,532.165344 1048.404175,532.165283 1050.160889,532.165283 
	C1050.160889,365.869141 1050.160889,200.283417 1050.160889,34.439278 
	C1023.467529,34.439278 997.068604,34.439278 970.162354,34.439278 
	C970.162354,148.576553 970.162354,262.434845 970.162354,376.293121 
	C969.847656,376.398407 969.532959,376.503693 969.218262,376.608978 
	C944.746826,342.645538 920.275452,308.682068 895.368530,274.145660 
M1915.500000,453.834961 
	C1849.752441,453.834961 1784.004761,453.834961 1718.361938,453.834961 
	C1718.361938,408.906494 1718.361938,364.677002 1718.361938,320.096100 
	C1795.645508,320.096100 1872.567993,320.096100 1949.632324,320.096100 
	C1949.632324,293.882843 1949.632324,268.025055 1949.632324,241.690369 
	C1872.214966,241.690369 1795.164917,241.690369 1718.379272,241.690369 
	C1718.379272,198.472824 1718.379272,155.734756 1718.379272,112.689484 
	C1813.030273,112.689484 1907.302368,112.689484 2001.867798,112.689484 
	C2001.867798,86.486618 2001.867798,60.594006 2001.867798,34.430172 
	C1875.623413,34.430172 1749.574341,34.430172 1623.262573,34.430172 
	C1623.262573,200.325134 1623.262573,366.026459 1623.262573,531.746948 
	C1751.000244,531.746948 1878.502808,531.746948 2005.796143,531.746948 
	C2005.796143,505.582916 2005.796143,479.838165 2005.796143,453.834900 
	C1975.788452,453.834900 1946.144165,453.834900 1915.500000,453.834961 
M1535.108032,175.564178 
	C1534.401123,170.119293 1533.963257,164.623581 1532.944946,159.237564 
	C1524.785645,116.078278 1503.309814,82.054924 1464.614136,59.831367 
	C1432.859131,41.593933 1398.193970,34.522362 1362.133545,34.292366 
	C1291.309692,33.840641 1220.480957,34.159363 1149.654175,34.159298 
	C1147.882690,34.159298 1146.111328,34.159298 1144.337769,34.159298 
	C1144.337769,200.499557 1144.337769,366.219818 1144.337769,531.804077 
	C1172.415894,531.804077 1200.154419,531.804077 1228.299561,531.804077 
	C1228.299561,392.526642 1228.299561,253.609848 1228.299561,114.160614 
	C1230.489380,114.160614 1232.275269,114.160606 1234.061279,114.160614 
	C1273.057617,114.160759 1312.055664,113.964569 1351.049316,114.291840 
	C1361.482056,114.379402 1372.034058,115.320343 1382.303833,117.147888 
	C1424.363403,124.632523 1448.917114,152.574509 1449.964722,193.703644 
	C1450.781982,225.793015 1438.570068,251.057083 1410.146240,267.313690 
	C1394.356689,276.344421 1376.984863,280.318970 1358.995239,280.725616 
	C1335.176758,281.264069 1311.338989,280.949188 1287.509521,281.000183 
	C1285.747437,281.003937 1283.985229,281.000671 1281.457764,281.000671 
	C1282.518433,282.775421 1283.112061,283.889557 1283.815796,284.929047 
	C1338.790039,366.117889 1393.789429,447.289673 1448.685791,528.531128 
	C1450.628784,531.406677 1452.719727,532.243042 1456.019531,532.230408 
	C1485.683105,532.116638 1515.347168,532.163696 1545.011108,532.163513 
	C1546.608276,532.163513 1548.205444,532.163574 1550.953735,532.163574 
	C1507.556763,468.953522 1464.776001,406.640808 1422.097900,344.477631 
	C1422.488403,343.923279 1422.555176,343.710815 1422.681152,343.666534 
	C1426.279053,342.400940 1429.907104,341.216980 1433.482300,339.890991 
	C1469.457031,326.548706 1499.007935,305.246216 1517.603149,270.850677 
	C1533.550293,241.352814 1537.645630,209.499847 1535.108032,175.564178 
M2104.158447,476.500000 
	C2104.158447,494.937653 2104.158447,513.375305 2104.158447,531.922852 
	C2223.716064,531.922852 2342.629883,531.922852 2461.684082,531.922852 
	C2461.684082,505.294739 2461.684082,478.910736 2461.684082,452.065857 
	C2374.129883,452.065857 2286.889893,452.065857 2199.050293,452.065857 
	C2199.050293,312.575256 2199.050293,173.545517 2199.050293,34.426868 
	C2167.197510,34.426868 2135.946777,34.426868 2104.808594,34.426868 
	C2104.543457,34.976028 2104.283203,35.263638 2104.282959,35.551353 
	C2104.229980,182.200897 2104.194336,328.850464 2104.158447,476.500000 
M37.156712,481.500000 
	C37.156712,497.627502 37.156712,513.755005 37.156712,530.221680 
	C85.911270,530.221680 134.276566,530.221680 182.410721,530.221680 
	C168.398270,522.888672 154.341934,515.532715 139.246536,507.632965 
	C149.687805,497.050323 159.165237,487.444580 168.814270,477.664917 
	C135.760208,458.007690 109.563911,431.582794 89.462730,397.953674 
	C79.474213,408.037079 70.011101,417.590088 59.749714,427.948944 
	C52.145924,413.389465 44.759029,399.245239 37.156765,384.688660 
	C37.156765,416.934967 37.156765,448.717499 37.156712,481.500000 
M412.548309,490.951630 
	C417.930450,496.306091 423.312592,501.660553 429.511902,507.828003 
	C414.491821,515.640320 400.432159,522.953125 386.404083,530.249512 
	C434.697662,530.249512 483.036255,530.249512 531.211792,530.249512 
	C531.211792,482.068359 531.211792,434.205719 531.211792,386.091980 
	C523.748474,400.260162 516.526672,413.969757 508.800293,428.637299 
	C498.315247,418.058838 488.878448,408.538025 479.192139,398.765411 
	C459.184662,431.882111 432.779358,458.124207 399.636749,478.127777 
	C404.045166,482.504913 408.046814,486.478210 412.548309,490.951630 
M37.157082,140.499985 
	C37.157082,154.040070 37.157082,167.580154 37.157082,181.736221 
	C44.892391,167.001434 52.266693,152.954315 60.078842,138.073151 
	C70.449249,148.495514 80.011078,158.105240 89.790245,167.933395 
	C109.706078,134.761749 136.062500,108.432480 169.541138,88.367256 
	C159.685364,78.505905 150.094299,68.909401 139.806030,58.615303 
	C154.310898,51.024918 168.538086,43.579838 182.417999,36.316494 
	C134.331924,36.316494 85.923332,36.316494 37.157127,36.316494 
	C37.157127,70.922325 37.157127,105.211143 37.157082,140.499985 
M420.472961,54.002602 
	C423.266663,55.722122 426.060364,57.441643 430.163666,59.967239 
	C419.926605,69.919090 410.227783,79.347725 400.422150,88.880173 
	C416.641968,98.437538 431.269379,109.953300 444.520081,123.179573 
	C457.872894,136.507767 469.417969,151.305267 479.303772,167.988297 
	C489.248871,158.029449 498.765015,148.500183 509.068420,138.182556 
	C516.796143,153.028778 524.243408,167.336227 531.528564,181.332214 
	C531.528564,133.164749 531.528564,84.746414 531.528564,36.264992 
	C482.881348,36.264992 434.550568,36.264992 386.416931,36.264992 
	C397.526123,42.046307 408.678528,47.850094 420.472961,54.002602 
M261.918671,123.249123 
	C288.544891,119.753281 314.589722,122.312538 339.801910,131.374893 
	C340.209869,130.464661 340.453308,130.173431 340.455688,129.880234 
	C340.597778,112.553772 340.657928,95.226257 340.903534,77.901360 
	C340.945831,74.919350 339.364838,74.424492 337.052612,73.856804 
	C301.943817,65.237144 266.866760,65.285095 231.752426,73.874176 
	C228.876892,74.577530 228.040726,75.774246 228.097763,78.597183 
	C228.262634,86.760284 228.156067,94.928864 228.156067,103.095291 
	C228.156067,112.373886 228.156067,121.652481 228.156067,130.888351 
	C239.433121,128.324524 250.241653,125.867226 261.918671,123.249123 
M238.406128,438.110565 
	C235.270187,437.174225 232.134247,436.237885 228.675949,435.205292 
	C228.675949,454.216248 228.675949,472.802795 228.675949,491.663574 
	C265.959686,501.458679 303.035461,501.768341 340.148529,491.733551 
	C340.148529,472.706757 340.148529,454.015869 340.148529,435.042511 
	C306.533508,446.742950 273.023590,448.153137 238.406128,438.110565 
M442.655548,227.156570 
	C440.746033,227.156570 438.836548,227.156570 436.204498,227.156570 
	C449.417816,264.942963 449.446808,302.071869 436.347717,339.163818 
	C454.334167,339.163818 471.470001,339.052643 488.602173,339.254944 
	C492.149811,339.296844 493.398102,338.151337 494.218964,334.789337 
	C498.951111,315.408112 500.695953,295.771301 500.082275,275.867249 
	C499.573181,259.355194 497.229340,243.146042 492.826111,227.156738 
	C476.233612,227.156738 459.925049,227.156738 442.655548,227.156570 
M163.082245,176.600159 
	C178.167618,159.687546 195.950714,146.311050 216.169250,136.741776 
	C202.720718,123.233910 189.594147,110.049438 176.308167,96.704842 
	C176.195419,96.744324 175.703156,96.834557 175.295761,97.071037 
	C143.202393,115.700485 117.979340,141.226059 98.902550,172.977890 
	C97.384987,175.503754 98.289726,176.745651 99.987595,178.430435 
	C111.696388,190.048950 123.327240,201.745972 135.007233,213.393616 
	C135.747604,214.131958 136.690216,214.667480 136.473816,214.506851 
	C145.329453,201.871262 153.988617,189.516037 163.082245,176.600159 
M120.827682,367.327637 
	C113.998260,374.156982 107.259163,381.080536 100.288826,387.762878 
	C97.951569,390.003571 97.466682,391.772339 99.438354,394.487427 
	C106.078987,403.631989 112.082947,413.280823 119.201469,422.027893 
	C135.204819,441.692657 154.540405,457.547272 175.729858,469.674042 
	C189.313812,456.104492 202.531113,442.901215 215.869949,429.576508 
	C180.757950,412.940582 154.592560,386.558960 137.376205,350.300751 
	C131.744949,356.099945 126.536392,361.463837 120.827682,367.327637 
M359.419006,139.988083 
	C391.617950,157.150299 415.387085,182.396118 431.139771,215.289185 
	C431.870880,214.892944 432.379974,214.747437 432.708069,214.420364 
	C444.973724,202.194168 457.274292,190.001602 469.368835,177.608002 
	C470.267365,176.687286 470.409576,173.810059 469.652130,172.684036 
	C463.437866,163.445801 457.411652,154.013519 450.408112,145.387314 
	C434.220245,125.448921 414.815887,109.143295 393.209656,96.687241 
	C379.667114,110.232910 366.431244,123.471802 353.163116,136.742981 
	C354.688873,137.544037 356.714874,138.607742 359.419006,139.988083 
M392.199585,403.696594 
	C380.225708,414.563904 366.735352,423.185364 353.152740,429.693146 
	C366.398773,443.081909 379.580139,456.405273 392.927917,469.896820 
	C424.854218,451.307129 450.512787,425.816345 469.947693,393.944244 
	C471.545990,391.323181 470.859741,389.898712 468.939056,388.029083 
	C462.261322,381.528931 455.751495,374.856720 449.126556,368.301758 
	C443.309387,362.545959 437.423431,356.859680 431.367462,350.947083 
	C421.662201,371.223541 409.050476,388.604675 392.199585,403.696594 
M100.499451,339.162811 
	C111.070969,339.162811 121.642494,339.162811 132.782486,339.162811 
	C119.508537,301.700195 119.770485,264.574707 132.729706,227.228424 
	C113.277557,227.228424 94.809265,227.228424 75.974365,227.228424 
	C66.347252,264.507477 66.095459,301.703400 76.085663,339.162842 
	C84.204628,339.162842 91.852180,339.162842 100.499451,339.162811 
M973.161255,616.613342 
	C968.609314,629.822327 964.057434,643.031311 959.505493,656.240295 
	C952.922668,639.636658 947.401184,623.288574 942.101074,606.869080 
	C941.216675,604.129028 939.963196,603.151123 937.159363,603.300903 
	C934.568237,603.439270 932.343689,603.291931 931.458679,606.620667 
	C930.221497,611.274048 928.492554,615.796570 926.976685,620.376038 
	C922.959656,632.511414 918.944214,644.647278 914.556274,657.906494 
	C909.034546,641.863464 903.920654,626.959839 898.773499,612.067688 
	C895.707336,603.196533 895.683594,603.201843 886.228760,603.925781 
	C885.914368,603.949890 885.613831,604.155518 885.024780,604.387756 
	C885.365784,605.605286 885.640198,606.875000 886.073303,608.088196 
	C893.505920,628.909851 901.022583,649.701904 908.338440,670.564392 
	C909.471130,673.794373 910.742554,675.338196 914.548218,675.337891 
	C918.318542,675.337524 919.182373,673.508606 920.161133,670.600525 
	C925.438416,654.920166 930.883240,639.296265 936.563782,622.800415 
	C937.561096,625.487793 938.291931,627.320679 938.925598,629.186523 
	C943.628967,643.034851 948.369934,656.871033 952.958069,670.757568 
	C953.947021,673.750793 955.087158,675.403931 958.774658,675.328796 
	C962.229736,675.258545 963.684387,674.148438 964.787231,670.981140 
	C971.838806,650.728455 979.091858,630.545898 986.273926,610.338684 
	C986.969177,608.382507 987.633240,606.415344 988.352600,604.335205 
	C977.918884,602.978516 977.923035,602.979919 974.962830,611.657471 
	C974.479675,613.073914 973.940125,614.471191 973.161255,616.613342 
M1902.525269,603.828430 
	C1899.242065,603.828430 1895.958740,603.828430 1892.468750,603.828430 
	C1892.468750,627.732544 1892.468750,651.087280 1892.468750,674.610046 
	C1905.093262,674.610046 1917.388184,674.938599 1929.648071,674.426575 
	C1933.775269,674.254211 1938.204102,672.612671 1941.820190,670.491882 
	C1953.662476,663.546265 1953.708862,647.388245 1942.209717,639.927307 
	C1941.116089,639.217651 1940.016846,638.516602 1938.656494,637.642090 
	C1944.767090,633.006897 1947.684448,627.093323 1946.684814,619.706238 
	C1945.483887,610.831909 1937.940063,604.564331 1927.485107,604.037537 
	C1919.513306,603.635803 1911.509277,603.874512 1902.525269,603.828430 
M1125.229736,646.566284 
	C1122.098267,643.471985 1118.966675,640.377686 1115.720093,637.169678 
	C1122.547363,632.199768 1124.830322,624.927795 1122.339355,616.500916 
	C1120.028931,608.684570 1113.483887,604.862915 1106.122070,604.387146 
	C1093.912964,603.598206 1081.615723,604.172485 1069.187012,604.172485 
	C1069.187012,627.745728 1069.187012,651.093445 1069.187012,674.024414 
	C1082.799316,674.024414 1096.160156,675.059631 1109.285767,673.745178 
	C1123.580811,672.313660 1130.195068,660.337708 1125.229736,646.566284 
M340.554382,519.912598 
	C340.554382,514.336609 340.554382,508.760681 340.554382,502.591827 
	C302.836273,512.019287 265.821045,511.515198 228.777710,502.708618 
	C228.777710,509.851685 228.777710,516.250854 228.777710,523.093445 
	C238.893906,524.616089 248.712875,526.423828 258.610657,527.519775 
	C284.776733,530.417480 310.777283,529.037781 336.520142,523.486877 
	C337.982788,523.171509 339.199463,521.715210 340.554382,519.912598 
M330.661682,61.738663 
	C333.827545,62.388126 336.993408,63.037586 340.558624,63.768967 
	C340.558624,57.679062 340.780060,52.180370 340.397461,46.724037 
	C340.305786,45.416668 338.376770,43.427319 337.001953,43.139214 
	C301.818359,35.766243 266.595032,35.912109 231.417664,43.198833 
	C230.154312,43.460529 228.371063,45.322483 228.299576,46.525917 
	C227.967026,52.124516 228.152328,57.753868 228.152328,63.970650 
	C262.437164,55.610386 296.066650,54.596928 330.661682,61.738663 
M38.339634,639.500000 
	C38.339634,651.113037 38.339634,662.726135 38.339634,674.509521 
	C42.110786,674.509521 45.308105,674.509521 49.102409,674.509521 
	C49.102409,657.007751 49.102409,639.876343 49.102409,621.703857 
	C62.466816,638.539673 75.254021,654.300415 87.582886,670.411987 
	C90.867592,674.704529 94.315414,675.710327 99.349533,674.390442 
	C99.349533,651.025391 99.349533,627.643372 99.349533,604.249634 
	C95.824783,604.249634 92.619789,604.249634 89.025635,604.249634 
	C89.025635,621.225159 89.025635,637.776184 89.025635,655.427551 
	C87.511787,653.641846 86.678696,652.714661 85.906174,651.739502 
	C74.538040,637.389282 62.930122,623.218567 51.950539,608.576721 
	C48.113663,603.460083 43.940250,603.255310 38.340054,604.350952 
	C38.340054,615.904236 38.340054,627.202087 38.339634,639.500000 
M43.141460,330.308563 
	C43.810238,333.183502 44.479012,336.058411 45.138802,338.894714 
	C51.937630,338.894714 58.365524,338.894714 65.142937,338.894714 
	C55.891148,301.601990 56.072926,264.565918 65.122566,227.311234 
	C58.122498,227.311234 51.672024,227.311234 45.247688,227.311234 
	C38.916149,252.374115 35.777908,290.559448 43.141460,330.308563 
M528.833557,256.746552 
	C527.307922,246.921906 525.782349,237.097244 524.267151,227.339951 
	C517.204041,227.339951 510.767609,227.339951 503.914093,227.339951 
	C508.338989,245.800827 510.818268,264.179169 510.856232,282.865723 
	C510.894592,301.734741 508.544739,320.299133 503.902008,339.073792 
	C510.634888,339.073792 517.046692,339.073792 523.522583,339.073792 
	C528.655396,326.340118 530.913208,292.318878 528.833557,256.746552 
M756.645386,628.747192 
	C756.645386,626.897217 756.645386,625.047302 756.645386,621.877991 
	C758.733704,624.197388 759.778076,625.241455 760.691711,626.389465 
	C772.412659,641.118530 784.307983,655.715515 795.698792,670.696045 
	C798.926025,674.940247 802.245605,675.566467 806.772095,674.392090 
	C806.772095,650.847290 806.772095,627.467712 806.772095,604.149048 
	C803.437683,604.149048 800.513733,604.149048 797.043701,604.149048 
	C797.043701,621.143982 797.043701,637.828613 797.043701,655.512939 
	C795.627808,654.015930 794.923401,653.375732 794.340393,652.639404 
	C782.759705,638.013550 770.917969,623.581543 759.773621,608.629883 
	C755.905396,603.440125 751.717529,603.381897 746.398193,604.237366 
	C746.398193,627.806030 746.398193,651.056396 746.398193,674.490845 
	C749.868530,674.490845 753.058594,674.490845 756.644897,674.490845 
	C756.644897,659.300232 756.644897,644.494568 756.645386,628.747192 
M412.993164,648.281555 
	C412.993164,650.372131 412.993164,652.462708 412.993164,655.678650 
	C411.151733,653.595642 410.043915,652.451538 409.057983,651.210632 
	C397.764557,636.996643 386.208069,622.977783 375.363281,608.428711 
	C371.589752,603.366272 367.538727,603.460754 362.404480,604.242249 
	C362.404480,627.789795 362.404480,651.039246 362.404480,674.510376 
	C365.717285,674.510376 368.757782,674.510376 372.325287,674.510376 
	C372.325287,656.966553 372.325287,639.771423 372.325287,621.624268 
	C374.026306,623.492310 375.079559,624.521729 375.988007,625.665955 
	C387.793793,640.536560 399.730591,655.307373 411.271790,670.380920 
	C414.502258,674.600159 417.873169,675.867188 422.598999,674.348389 
	C422.598999,650.795349 422.598999,627.418579 422.598999,604.143616 
	C419.255493,604.143616 416.323151,604.143616 412.993286,604.143616 
	C412.993286,618.741150 412.993286,633.038086 412.993164,648.281555 
M333.451202,668.999878 
	C334.470551,668.144165 335.536957,667.338257 336.502167,666.425354 
	C348.935272,654.665710 351.944366,635.235962 343.617706,620.598328 
	C335.299347,605.975281 318.372284,599.291077 301.470734,603.955261 
	C285.341034,608.406494 274.472809,623.366821 275.197113,640.851685 
	C275.761139,654.467285 281.713531,665.387268 294.023895,671.697632 
	C307.187073,678.445068 320.353058,677.614380 333.451202,668.999878 
M1413.840210,635.499207 
	C1413.840210,641.830139 1413.840210,648.161133 1413.840210,655.871155 
	C1411.631348,653.224609 1410.440063,651.859070 1409.315674,650.440491 
	C1398.348511,636.603455 1387.090698,622.980896 1376.592896,608.796021 
	C1372.776367,603.639099 1368.686401,603.222534 1363.378662,604.235474 
	C1363.378662,627.817688 1363.378662,651.197571 1363.378662,674.605591 
	C1366.700928,674.605591 1369.637939,674.605591 1373.087036,674.605591 
	C1373.087036,657.151733 1373.087036,639.944824 1373.087036,621.500549 
	C1374.769775,623.313232 1375.685547,624.176758 1376.459961,625.152527 
	C1388.369019,640.156494 1400.390015,655.074829 1412.068848,670.256287 
	C1415.243652,674.383118 1418.648438,675.850281 1423.685547,674.353210 
	C1423.685547,650.970459 1423.685547,627.580505 1423.685547,604.210022 
	C1420.298462,604.210022 1417.235229,604.210022 1413.840088,604.210022 
	C1413.840088,614.547913 1413.840088,624.523804 1413.840210,635.499207 
M2015.963379,607.415344 
	C2014.624023,606.747986 2013.316406,606.005127 2011.940308,605.424805 
	C1995.702515,598.576843 1976.720825,603.909363 1967.058838,618.009521 
	C1957.225098,632.360474 1958.396240,652.548950 1970.062500,664.613586 
	C1980.674438,675.587830 1993.691772,678.588196 2008.081177,674.208130 
	C2022.065186,669.951477 2030.521729,660.061951 2032.883667,645.714233 
	C2035.495972,629.846436 2030.334473,616.873901 2015.963379,607.415344 
M2285.594482,602.898804 
	C2281.143799,603.083374 2276.554199,602.628967 2272.266846,603.563171 
	C2253.742432,607.599609 2241.643555,625.458923 2244.244141,644.330750 
	C2246.916992,663.726379 2262.332764,676.631653 2282.076416,676.001465 
	C2300.207764,675.422852 2315.715820,660.778015 2316.946289,643.073059 
	C2318.411621,621.988403 2306.399414,606.200684 2285.594482,602.898804 
M2103.530518,632.771179 
	C2108.256592,619.336853 2100.315186,605.021179 2082.434082,604.015320 
	C2072.800537,603.473450 2063.115234,603.856689 2053.453125,603.825073 
	C2051.543945,603.818787 2049.634521,603.824158 2047.653320,603.824158 
	C2047.653320,627.886169 2047.653320,651.135254 2047.653320,674.472656 
	C2051.168701,674.472656 2054.369385,674.472656 2058.152344,674.472656 
	C2058.152344,654.016174 2058.152344,633.960999 2058.152344,613.805664 
	C2066.395508,613.805664 2074.064209,613.507996 2081.698975,613.889709 
	C2089.263428,614.267883 2093.795410,618.702148 2094.088623,625.065002 
	C2094.394531,631.702332 2090.104248,636.831726 2082.787109,638.008423 
	C2078.423584,638.710144 2073.964355,638.817566 2069.035645,639.235596 
	C2070.031494,640.679138 2070.809570,641.894592 2071.673584,643.045349 
	C2078.072510,651.567993 2084.495605,660.072144 2090.896729,668.592957 
	C2096.107178,675.528931 2098.554932,676.355042 2107.911377,674.050171 
	C2101.063477,664.944275 2094.301514,655.952515 2087.290771,646.630066 
	C2094.531494,644.023132 2100.503662,640.647705 2103.530518,632.771179 
M1507.121582,666.432495 
	C1507.121582,669.171875 1507.121582,671.911316 1507.121582,674.507080 
	C1511.098755,674.507080 1514.173218,674.507080 1517.880371,674.507080 
	C1517.880371,654.088806 1517.880371,634.036499 1517.880371,613.908997 
	C1519.675049,613.796875 1520.825684,613.661560 1521.976074,613.663635 
	C1528.307007,613.675049 1534.649902,613.487671 1540.965820,613.812988 
	C1548.669678,614.209778 1553.578613,618.715088 1553.927246,625.120728 
	C1554.285156,631.698914 1549.637451,636.907959 1541.948242,638.095459 
	C1537.775391,638.739929 1533.520874,638.854492 1528.552490,639.270996 
	C1537.401733,651.065125 1545.836060,662.361755 1554.381958,673.573303 
	C1554.961792,674.334106 1556.366577,674.764343 1557.413574,674.815247 
	C1560.654297,674.972961 1563.907593,674.872925 1568.216675,674.872925 
	C1560.719971,664.912109 1553.865723,655.804932 1546.919800,646.575745 
	C1548.141602,646.107544 1548.919556,645.827698 1549.683472,645.513977 
	C1560.810425,640.944397 1565.204224,633.830444 1564.111938,622.163452 
	C1563.290161,613.387329 1556.257446,606.223633 1545.745728,604.434082 
	C1540.707520,603.576355 1535.453979,603.900635 1530.296265,603.846069 
	C1522.702148,603.765747 1515.106445,603.825378 1507.121582,603.825378 
	C1507.121582,624.850891 1507.121582,645.149658 1507.121582,666.432495 
M1579.098999,622.763428 
	C1573.514282,635.897583 1573.829102,648.784424 1581.634888,660.879578 
	C1593.466431,679.212524 1621.664673,680.882690 1639.150757,666.280823 
	C1639.865479,665.684204 1640.723511,664.710144 1640.733154,663.902588 
	C1640.844482,654.648254 1640.804077,645.392029 1640.804077,636.113037 
	C1630.195435,636.113037 1620.271240,636.113037 1610.267334,636.113037 
	C1610.267334,639.251160 1610.267334,642.098267 1610.267334,645.442261 
	C1617.275269,645.442261 1623.855835,645.442261 1630.829590,645.442261 
	C1630.829590,649.910767 1631.081787,653.902527 1630.700562,657.832886 
	C1630.556152,659.321106 1629.274048,661.201050 1627.961548,661.996704 
	C1613.938843,670.496460 1590.015503,667.914490 1586.410645,643.787170 
	C1583.574219,624.803955 1598.705200,608.574219 1616.895142,612.959534 
	C1622.364380,614.278198 1627.448242,617.195190 1633.125977,619.553223 
	C1634.706421,617.741821 1636.754761,615.394104 1638.764282,613.090820 
	C1625.635620,598.680725 1592.744385,596.470581 1579.098999,622.763428 
M619.165527,635.500122 
	C619.165527,628.382019 619.165527,621.263855 619.165527,613.725037 
	C627.395874,613.725037 635.034485,613.455566 642.645447,613.799316 
	C650.585938,614.157898 655.144592,618.494019 655.400574,625.102722 
	C655.673462,632.145264 651.572205,636.846497 643.667480,638.086731 
	C639.507996,638.739380 635.268372,638.881226 630.280212,639.323242 
	C638.096191,649.716431 645.463196,659.522156 652.841064,669.319641 
	C657.362488,675.324036 661.453430,676.497620 669.074158,673.827759 
	C662.258728,664.760010 655.494507,655.760498 648.619324,646.613281 
	C649.708557,646.131775 650.304810,645.841614 650.920227,645.600098 
	C662.000854,641.251953 666.771057,634.135010 665.975586,623.126587 
	C665.304199,613.834534 658.801758,606.806152 647.856506,604.652771 
	C642.860168,603.669861 637.594177,603.941345 632.447266,603.866882 
	C624.688843,603.754517 616.927612,603.837585 609.114502,603.837585 
	C609.114502,627.817993 609.114502,651.069031 609.114502,674.591553 
	C612.459656,674.591553 615.527283,674.591553 619.165649,674.591553 
	C619.165649,661.726257 619.165649,649.113098 619.165527,635.500122 
M690.651306,617.641479 
	C690.145569,614.207336 691.500061,612.872559 695.058411,613.111206 
	C699.205994,613.389404 703.386475,613.175781 707.552673,613.175720 
	C715.831665,613.175659 724.110718,613.175720 732.595215,613.175720 
	C732.595215,609.830505 732.595215,607.096008 732.595215,604.126099 
	C715.084717,604.126099 697.859131,604.126099 680.512512,604.126099 
	C680.512512,627.799255 680.512512,651.169312 680.512512,674.587097 
	C698.165771,674.587097 715.423767,674.587097 732.858276,674.587097 
	C732.858276,671.391602 732.858276,668.495605 732.858276,664.946289 
	C718.670959,664.946289 704.787598,664.946289 690.922180,664.946289 
	C690.922180,657.676758 690.922180,651.068848 690.922180,643.817017 
	C703.403137,643.817017 715.630859,643.817017 727.779541,643.817017 
	C727.779541,640.261963 727.779541,637.361023 727.779541,633.984863 
	C715.301819,633.984863 703.213257,633.984863 690.650513,633.984863 
	C690.650513,628.536133 690.650513,623.575256 690.651306,617.641479 
M2377.260254,607.036865 
	C2362.309326,600.703857 2346.722168,605.391663 2331.348633,603.598511 
	C2331.348633,627.771912 2331.348633,651.149963 2331.348633,674.468750 
	C2334.770020,674.468750 2337.826416,674.468750 2341.295410,674.468750 
	C2341.295410,654.129883 2341.295410,634.185547 2341.295410,613.747131 
	C2349.486084,613.747131 2357.278809,613.466370 2365.041748,613.826538 
	C2372.723145,614.182861 2377.555664,618.830688 2377.828369,625.259521 
	C2378.111328,631.925537 2373.514893,636.983765 2365.787842,638.119019 
	C2361.627686,638.730164 2357.399902,638.881287 2352.483154,639.301453 
	C2359.987305,649.295349 2367.627686,658.351685 2373.938232,668.255005 
	C2378.399902,675.256958 2383.956543,675.583069 2391.648926,674.345886 
	C2384.503174,664.825256 2377.707764,655.771423 2370.733154,646.478394 
	C2380.205322,643.505066 2386.789551,638.428223 2387.999756,628.534241 
	C2389.113037,619.430054 2386.040283,612.170288 2377.260254,607.036865 
M846.515747,665.125122 
	C842.751892,665.125122 838.988098,665.125122 835.219299,665.125122 
	C835.219299,657.698914 835.219299,650.972839 835.219299,643.709106 
	C846.951477,643.709106 858.347412,643.709106 869.650146,643.709106 
	C869.650146,640.247192 869.650146,637.347595 869.650146,633.900635 
	C857.905151,633.900635 846.519775,633.900635 835.211487,633.900635 
	C835.211487,626.757568 835.211487,620.182129 835.211487,612.961914 
	C849.233215,612.961914 862.927124,612.961914 876.477539,612.961914 
	C876.477539,609.566101 876.477539,606.835693 876.477539,604.242981 
	C858.864380,604.242981 841.652771,604.242981 824.420898,604.242981 
	C824.420898,627.888184 824.420898,651.117310 824.420898,674.527283 
	C842.089355,674.527283 859.457825,674.527283 876.783569,674.527283 
	C876.783569,671.273254 876.783569,668.374756 876.783569,665.125122 
	C866.770325,665.125122 857.140137,665.125122 846.515747,665.125122 
M1213.515869,674.878662 
	C1226.947021,674.878662 1240.378174,674.878662 1253.797852,674.878662 
	C1253.797852,671.292603 1253.797852,668.393799 1253.797852,665.025269 
	C1239.680908,665.025269 1225.932129,665.025269 1211.963989,665.025269 
	C1211.963989,657.821350 1211.963989,651.106323 1211.963989,643.879822 
	C1223.675415,643.879822 1235.086304,643.879822 1246.752075,643.879822 
	C1246.752075,640.467041 1246.752075,637.566345 1246.752075,633.991455 
	C1234.994385,633.991455 1223.452148,633.991455 1212.041504,633.991455 
	C1212.041504,626.740601 1212.041504,620.169373 1212.041504,612.993652 
	C1226.136230,612.993652 1239.848755,612.993652 1253.512939,612.993652 
	C1253.512939,609.632202 1253.512939,606.898987 1253.512939,604.214417 
	C1235.924805,604.214417 1218.707642,604.214417 1201.405273,604.214417 
	C1201.405273,627.840759 1201.405273,651.077087 1201.405273,674.878662 
	C1205.289062,674.878662 1208.906860,674.878662 1213.515869,674.878662 
M1479.398682,634.131348 
	C1470.131348,634.131348 1460.864014,634.131348 1451.483276,634.131348 
	C1451.483276,626.881897 1451.483276,620.311584 1451.483276,613.214844 
	C1465.535889,613.214844 1479.286987,613.214844 1493.202759,613.214844 
	C1493.202759,609.827820 1493.202759,606.977661 1493.202759,604.101929 
	C1475.669434,604.101929 1458.572754,604.101929 1441.338745,604.101929 
	C1441.338745,627.747803 1441.338745,651.124573 1441.338745,674.622681 
	C1458.946899,674.622681 1476.205200,674.622681 1493.737061,674.622681 
	C1493.737061,671.477966 1493.737061,668.577087 1493.737061,664.976746 
	C1479.505737,664.976746 1465.474243,664.976746 1451.417236,664.976746 
	C1451.417236,657.673401 1451.417236,651.070862 1451.417236,643.881714 
	C1463.214600,643.881714 1474.781128,643.881714 1486.555664,643.881714 
	C1486.555664,640.399780 1486.555664,637.510559 1486.555664,634.131104 
	C1484.293335,634.131104 1482.329468,634.131104 1479.398682,634.131348 
M1321.505371,643.866455 
	C1328.448853,643.866455 1335.392456,643.866455 1342.557373,643.866455 
	C1342.557373,640.402771 1342.557373,637.515564 1342.557373,634.047852 
	C1330.704956,634.047852 1319.151611,634.047852 1307.471680,634.047852 
	C1307.471680,626.894104 1307.471680,620.326904 1307.471680,613.094360 
	C1321.460571,613.094360 1335.162354,613.094360 1348.814819,613.094360 
	C1348.814819,609.681641 1348.814819,606.944763 1348.814819,604.180908 
	C1331.423096,604.180908 1314.381470,604.180908 1297.393433,604.180908 
	C1297.393433,627.885315 1297.393433,651.242493 1297.393433,674.589355 
	C1315.044800,674.589355 1332.292236,674.589355 1349.729492,674.589355 
	C1349.729492,671.410339 1349.729492,668.511292 1349.729492,665.121338 
	C1335.551880,665.121338 1321.644897,665.121338 1307.457153,665.121338 
	C1307.457153,657.901001 1307.457153,651.173645 1307.457153,643.866394 
	C1311.949463,643.866394 1316.229248,643.866394 1321.505371,643.866455 
M1866.884399,641.555847 
	C1861.573120,629.900269 1856.167480,618.286072 1851.019897,606.558777 
	C1849.797974,603.775146 1848.177124,602.914001 1845.305664,603.066284 
	C1842.448853,603.217957 1840.182739,603.025085 1838.618774,606.543945 
	C1829.027100,628.126709 1819.089966,649.555786 1809.298584,671.050049 
	C1808.800415,672.143799 1808.587646,673.367554 1808.213135,674.628174 
	C1818.398193,675.274109 1818.394043,675.272278 1822.194824,666.661011 
	C1822.933350,664.987915 1823.899536,663.391602 1824.440430,661.659912 
	C1825.592407,657.972534 1827.690063,656.495056 1831.771362,656.763794 
	C1838.076904,657.179016 1844.510010,657.506042 1850.743652,656.719238 
	C1859.609375,655.600159 1865.345093,658.061707 1867.300659,667.308167 
	C1867.703857,669.214539 1868.723267,671.068542 1869.800537,672.724182 
	C1870.415405,673.669128 1871.671753,674.663452 1872.724487,674.766724 
	C1875.579102,675.046631 1878.479126,674.862671 1882.031860,674.862671 
	C1876.798828,663.409058 1871.969238,652.838440 1866.884399,641.555847 
M169.739700,667.823181 
	C173.160339,675.648438 173.160339,675.648438 183.479904,674.504456 
	C183.421982,674.025513 183.479446,673.495483 183.289871,673.077576 
	C173.120438,650.658813 162.865936,628.278320 152.809799,605.808960 
	C151.261765,602.350098 148.627411,603.405273 146.141708,603.099121 
	C143.368881,602.757507 142.006363,603.977234 140.891998,606.464355 
	C133.274841,623.465271 125.512611,640.401062 117.792328,657.355713 
	C115.213417,663.019348 112.620399,668.676514 109.929245,674.565491 
	C120.421562,675.364929 120.424088,675.366089 124.302040,666.849060 
	C125.266853,664.730164 126.346519,662.650146 127.128197,660.464600 
	C128.103912,657.736633 129.718643,656.692505 132.727997,656.795166 
	C139.719009,657.033569 146.802750,657.531006 153.702896,656.704468 
	C162.392197,655.663574 167.595886,658.488159 169.739700,667.823181 
M2183.788574,668.739929 
	C2174.382568,648.167114 2164.918213,627.620483 2155.638672,606.990906 
	C2154.375488,604.182922 2152.999756,602.825989 2149.767822,603.040955 
	C2146.846191,603.235291 2144.575928,603.201111 2143.058350,606.607239 
	C2133.513184,628.030457 2123.693359,649.331116 2113.992432,670.685120 
	C2113.470215,671.834473 2113.203125,673.099609 2112.795898,674.377502 
	C2122.731689,675.756958 2122.730469,675.756470 2126.551025,667.226685 
	C2127.638916,664.798157 2128.417969,662.145691 2129.938965,660.026733 
	C2130.972168,658.587219 2133.010010,657.099304 2134.669678,657.014282 
	C2141.317627,656.673462 2148.081055,657.553833 2154.637939,656.709351 
	C2164.190186,655.479065 2169.508545,658.653137 2172.384033,668.112183 
	C2174.755127,675.913147 2177.210449,676.376038 2186.003418,673.992920 
	C2185.342041,672.460876 2184.694580,670.961609 2183.788574,668.739929 
M449.708649,663.177551 
	C450.846619,657.876221 454.108582,656.294861 459.390259,656.760193 
	C465.002686,657.254639 470.803040,657.577698 476.323944,656.714050 
	C485.844574,655.224609 490.731384,658.920410 493.612000,667.908691 
	C496.187836,675.945984 498.268005,676.365784 507.068146,674.022461 
	C506.917877,673.403748 506.862762,672.737427 506.601685,672.165100 
	C496.541809,650.110535 486.378723,628.102295 476.474854,605.978027 
	C474.929230,602.525269 472.451080,603.342163 469.923492,603.093567 
	C467.265564,602.831970 465.761108,603.673706 464.595184,606.285400 
	C457.623505,621.902466 450.429901,637.420349 443.341187,652.985291 
	C440.133270,660.029114 436.995270,667.104797 433.764404,674.302185 
	C443.838654,675.839600 443.839813,675.840149 447.692993,667.487000 
	C448.249786,666.279968 448.790009,665.065308 449.708649,663.177551 
M1023.495056,656.870972 
	C1027.656128,656.872253 1031.842529,656.611328 1035.965454,657.008240 
	C1037.541626,657.159973 1039.590698,658.475708 1040.352661,659.853577 
	C1042.514893,663.763977 1043.945190,668.075928 1046.054077,672.020996 
	C1046.739014,673.302307 1048.532104,674.489807 1049.990601,674.748169 
	C1052.493652,675.191528 1055.132324,674.870728 1058.288208,674.870728 
	C1057.435913,672.786072 1056.929810,671.416626 1056.326416,670.091492 
	C1046.755249,649.074829 1037.095947,628.097534 1027.672974,607.014771 
	C1026.276978,603.891541 1024.556396,603.020264 1021.292847,603.001282 
	C1017.970703,602.981934 1016.303711,604.001587 1014.926208,607.083801 
	C1006.860107,625.132019 998.542847,643.067871 990.340515,661.055298 
	C988.369690,665.377258 986.513123,669.751221 984.547913,674.229126 
	C994.526917,675.940857 994.577698,675.916748 998.261597,667.781799 
	C999.358215,665.360107 1000.601562,662.990051 1001.494934,660.495117 
	C1002.466980,657.780823 1004.001343,656.644897 1007.022217,656.800110 
	C1012.168274,657.064575 1017.337830,656.871643 1023.495056,656.870972 
M1692.503784,636.024292 
	C1699.745117,625.579712 1706.986328,615.135193 1714.411011,604.426208 
	C1706.904419,602.832397 1701.371216,603.354797 1697.641724,610.657593 
	C1694.567627,616.677429 1690.087036,621.980469 1686.213989,627.590332 
	C1684.193604,630.516785 1682.139648,633.420105 1679.824463,636.728943 
	C1672.695435,626.291321 1666.081055,616.524658 1659.342773,606.844116 
	C1658.487183,605.614807 1657.069214,604.141907 1655.765747,603.983276 
	C1652.425781,603.576965 1649.003418,603.847656 1644.878662,603.847656 
	C1646.110962,605.742859 1646.788330,606.842163 1647.521484,607.902893 
	C1655.648315,619.663208 1663.885132,631.349915 1671.825806,643.234558 
	C1673.282471,645.414795 1674.141357,648.368164 1674.248047,651.006226 
	C1674.562500,658.772949 1674.360352,666.560547 1674.360352,674.570312 
	C1678.145752,674.570312 1681.360840,674.570312 1685.012695,674.570312 
	C1685.012695,669.485229 1685.388062,664.658508 1684.931641,659.911743 
	C1684.080566,651.060364 1685.640991,643.134277 1692.503784,636.024292 
M2421.360840,671.154236 
	C2422.032227,675.305359 2424.395264,675.983215 2432.012207,674.053833 
	C2432.012207,666.649292 2431.732178,659.152893 2432.146484,651.695007 
	C2432.317871,648.605408 2433.357910,645.187988 2435.062500,642.624146 
	C2442.801514,630.983521 2450.924805,619.598694 2458.888428,608.106934 
	C2459.688232,606.952759 2460.342773,605.698181 2461.150391,604.347290 
	C2453.579834,602.731079 2448.272705,603.920166 2444.255371,611.118164 
	C2439.354004,619.899780 2433.006836,627.874329 2426.884521,636.780334 
	C2420.507324,627.434265 2414.520752,618.701477 2408.578369,609.938477 
	C2404.084717,603.311829 2400.773926,602.199097 2392.352539,604.766296 
	C2397.595703,612.332703 2402.173340,620.380737 2408.133057,627.225647 
	C2419.055176,639.770325 2423.863770,653.764221 2421.360840,671.154236 
M2216.665771,629.502441 
	C2216.665771,624.398132 2216.665771,619.293823 2216.665771,613.575439 
	C2224.743652,613.575439 2232.151367,613.575439 2239.539551,613.575439 
	C2239.539551,610.030151 2239.539551,607.117798 2239.539551,604.094849 
	C2220.608154,604.094849 2202.026855,604.094849 2183.217773,604.094849 
	C2183.217773,607.287659 2183.217773,610.200073 2183.217773,613.720703 
	C2190.846191,613.720703 2198.243408,613.720703 2206.222412,613.720703 
	C2206.222412,634.379517 2206.222412,654.438965 2206.222412,674.620972 
	C2209.912109,674.620972 2212.998535,674.620972 2216.665527,674.620972 
	C2216.665527,659.739136 2216.665527,645.120178 2216.665771,629.502441 
M222.495804,603.834351 
	C208.730286,603.834351 194.964767,603.834351 181.195633,603.834351 
	C181.195633,607.425659 181.195633,610.317505 181.195633,613.733032 
	C188.796738,613.733032 196.054092,613.733032 203.899170,613.733032 
	C203.899170,634.316711 203.899170,654.375671 203.899170,674.549133 
	C207.581467,674.549133 210.649368,674.549133 214.300385,674.549133 
	C214.300385,654.172180 214.300385,634.104187 214.300385,613.635498 
	C219.863876,613.635498 224.844315,613.635254 229.824768,613.635498 
	C238.223663,613.635864 238.228134,613.635559 237.453140,605.027222 
	C237.426895,604.735779 237.118195,604.469788 236.713303,603.834290 
	C232.458939,603.834290 227.976349,603.834290 222.495804,603.834351 
M1753.115112,654.499817 
	C1753.115112,661.112000 1753.115112,667.724182 1753.115112,674.504028 
	C1769.883667,674.504028 1786.070435,674.504028 1802.339844,674.504028 
	C1802.339844,671.198181 1802.339844,668.281799 1802.339844,664.758789 
	C1789.318848,664.758789 1776.608032,664.758789 1763.502686,664.758789 
	C1763.502686,644.209900 1763.502686,624.270325 1763.502686,604.215454 
	C1759.872192,604.215454 1756.671387,604.215454 1753.115234,604.215454 
	C1753.115234,620.905212 1753.115234,637.202515 1753.115112,654.499817 
M528.645630,656.464355 
	C528.645630,639.040894 528.645630,621.617432 528.645630,604.221680 
	C524.688232,604.221680 521.467651,604.221680 518.253418,604.221680 
	C518.253418,627.863586 518.253418,651.113403 518.253418,674.577881 
	C534.580139,674.577881 550.635803,674.577881 566.930969,674.577881 
	C566.930969,671.361084 566.930969,668.444031 566.930969,664.944702 
	C554.159119,664.944702 541.593262,664.944702 528.645142,664.944702 
	C528.645142,662.060913 528.645142,659.755798 528.645630,656.464355 
M1156.590576,664.984436 
	C1154.690063,664.984436 1152.789429,664.984436 1150.479614,664.984436 
	C1150.479614,644.197021 1150.479614,624.256531 1150.479614,604.145508 
	C1146.830933,604.145508 1143.605835,604.145508 1140.366211,604.145508 
	C1140.366211,627.832275 1140.366211,651.201355 1140.366211,674.463623 
	C1156.796387,674.463623 1172.839966,674.463623 1188.822754,674.463623 
	C1188.822754,671.134888 1188.822754,668.224976 1188.822754,664.984375 
	C1178.174316,664.984375 1167.871948,664.984375 1156.590576,664.984436 
M250.109344,606.759338 
	C250.109344,629.305786 250.109344,651.852234 250.109344,674.495544 
	C253.920776,674.495544 257.108368,674.495544 260.255005,674.495544 
	C260.255005,650.773865 260.255005,627.458740 260.255005,602.809814 
	C256.402374,603.954041 253.267593,604.885010 250.109344,606.759338 
z"/>
<path fill="#0179C2" opacity="1.000000" stroke="none" 
	d="
M895.586304,274.432129 
	C920.275452,308.682068 944.746826,342.645538 969.218262,376.608978 
	C969.532959,376.503693 969.847656,376.398407 970.162354,376.293121 
	C970.162354,262.434845 970.162354,148.576553 970.162354,34.439278 
	C997.068604,34.439278 1023.467529,34.439278 1050.160889,34.439278 
	C1050.160889,200.283417 1050.160889,365.869141 1050.160889,532.165283 
	C1048.404175,532.165283 1046.635620,532.165344 1044.867065,532.165344 
	C1025.702637,532.165100 1006.536621,532.037659 987.374878,532.268372 
	C983.383911,532.316467 981.128601,530.927063 978.871521,527.793762 
	C895.758789,412.414520 812.558716,297.098114 729.369202,181.774139 
	C728.884277,181.101898 728.381592,180.442429 727.220703,178.879959 
	C727.220703,297.076263 727.220703,414.341583 727.220703,531.885437 
	C700.210571,531.885437 673.814758,531.885437 647.127502,531.885437 
	C647.127502,366.053345 647.127502,200.353195 647.127502,34.159229 
	C650.824585,34.159229 654.284424,34.159229 657.744324,34.159229 
	C677.408752,34.159225 697.074280,34.268272 716.736694,34.070057 
	C720.821289,34.028881 723.297180,35.260769 725.731140,38.647011 
	C782.195557,117.205048 838.794495,195.666397 895.586304,274.432129 
z"/>
<path fill="#0079C2" opacity="1.000000" stroke="none" 
	d="
M1916.000000,453.834930 
	C1946.144165,453.834900 1975.788452,453.834900 2005.796143,453.834900 
	C2005.796143,479.838165 2005.796143,505.582916 2005.796143,531.746948 
	C1878.502808,531.746948 1751.000244,531.746948 1623.262573,531.746948 
	C1623.262573,366.026459 1623.262573,200.325134 1623.262573,34.430172 
	C1749.574341,34.430172 1875.623413,34.430172 2001.867798,34.430172 
	C2001.867798,60.594006 2001.867798,86.486618 2001.867798,112.689484 
	C1907.302368,112.689484 1813.030273,112.689484 1718.379272,112.689484 
	C1718.379272,155.734756 1718.379272,198.472824 1718.379272,241.690369 
	C1795.164917,241.690369 1872.214966,241.690369 1949.632324,241.690369 
	C1949.632324,268.025055 1949.632324,293.882843 1949.632324,320.096100 
	C1872.567993,320.096100 1795.645508,320.096100 1718.361938,320.096100 
	C1718.361938,364.677002 1718.361938,408.906494 1718.361938,453.834961 
	C1784.004761,453.834961 1849.752441,453.834961 1916.000000,453.834930 
z"/>
<path fill="#0079C2" opacity="1.000000" stroke="none" 
	d="
M1535.131958,176.029785 
	C1537.645630,209.499847 1533.550293,241.352814 1517.603149,270.850677 
	C1499.007935,305.246216 1469.457031,326.548706 1433.482300,339.890991 
	C1429.907104,341.216980 1426.279053,342.400940 1422.681152,343.666534 
	C1422.555176,343.710815 1422.488403,343.923279 1422.097900,344.477631 
	C1464.776001,406.640808 1507.556763,468.953522 1550.953735,532.163574 
	C1548.205444,532.163574 1546.608276,532.163513 1545.011108,532.163513 
	C1515.347168,532.163696 1485.683105,532.116638 1456.019531,532.230408 
	C1452.719727,532.243042 1450.628784,531.406677 1448.685791,528.531128 
	C1393.789429,447.289673 1338.790039,366.117889 1283.815796,284.929047 
	C1283.112061,283.889557 1282.518433,282.775421 1281.457764,281.000671 
	C1283.985229,281.000671 1285.747437,281.003937 1287.509521,281.000183 
	C1311.338989,280.949188 1335.176758,281.264069 1358.995239,280.725616 
	C1376.984863,280.318970 1394.356689,276.344421 1410.146240,267.313690 
	C1438.570068,251.057083 1450.781982,225.793015 1449.964722,193.703644 
	C1448.917114,152.574509 1424.363403,124.632523 1382.303833,117.147888 
	C1372.034058,115.320343 1361.482056,114.379402 1351.049316,114.291840 
	C1312.055664,113.964569 1273.057617,114.160759 1234.061279,114.160614 
	C1232.275269,114.160606 1230.489380,114.160614 1228.299561,114.160614 
	C1228.299561,253.609848 1228.299561,392.526642 1228.299561,531.804077 
	C1200.154419,531.804077 1172.415894,531.804077 1144.337769,531.804077 
	C1144.337769,366.219818 1144.337769,200.499557 1144.337769,34.159298 
	C1146.111328,34.159298 1147.882690,34.159298 1149.654175,34.159298 
	C1220.480957,34.159363 1291.309692,33.840641 1362.133545,34.292366 
	C1398.193970,34.522362 1432.859131,41.593933 1464.614136,59.831367 
	C1503.309814,82.054924 1524.785645,116.078278 1532.944946,159.237564 
	C1533.963257,164.623581 1534.401123,170.119293 1535.131958,176.029785 
z"/>
<path fill="#0179C2" opacity="1.000000" stroke="none" 
	d="
M2104.158447,476.000000 
	C2104.194336,328.850464 2104.229980,182.200897 2104.282959,35.551353 
	C2104.283203,35.263638 2104.543457,34.976028 2104.808594,34.426868 
	C2135.946777,34.426868 2167.197510,34.426868 2199.050293,34.426868 
	C2199.050293,173.545517 2199.050293,312.575256 2199.050293,452.065857 
	C2286.889893,452.065857 2374.129883,452.065857 2461.684082,452.065857 
	C2461.684082,478.910736 2461.684082,505.294739 2461.684082,531.922852 
	C2342.629883,531.922852 2223.716064,531.922852 2104.158447,531.922852 
	C2104.158447,513.375305 2104.158447,494.937653 2104.158447,476.000000 
z"/>
<path fill="#017AC2" opacity="1.000000" stroke="none" 
	d="
M37.156738,481.000000 
	C37.156765,448.717499 37.156765,416.934967 37.156765,384.688660 
	C44.759029,399.245239 52.145924,413.389465 59.749714,427.948944 
	C70.011101,417.590088 79.474213,408.037079 89.462730,397.953674 
	C109.563911,431.582794 135.760208,458.007690 168.814270,477.664917 
	C159.165237,487.444580 149.687805,497.050323 139.246536,507.632965 
	C154.341934,515.532715 168.398270,522.888672 182.410721,530.221680 
	C134.276566,530.221680 85.911270,530.221680 37.156712,530.221680 
	C37.156712,513.755005 37.156712,497.627502 37.156738,481.000000 
z"/>
<path fill="#017AC2" opacity="1.000000" stroke="none" 
	d="
M412.298401,490.701538 
	C408.046814,486.478210 404.045166,482.504913 399.636749,478.127777 
	C432.779358,458.124207 459.184662,431.882111 479.192139,398.765411 
	C488.878448,408.538025 498.315247,418.058838 508.800293,428.637299 
	C516.526672,413.969757 523.748474,400.260162 531.211792,386.091980 
	C531.211792,434.205719 531.211792,482.068359 531.211792,530.249512 
	C483.036255,530.249512 434.697662,530.249512 386.404083,530.249512 
	C400.432159,522.953125 414.491821,515.640320 429.511902,507.828003 
	C423.312592,501.660553 417.930450,496.306091 412.298401,490.701538 
z"/>
<path fill="#017AC2" opacity="1.000000" stroke="none" 
	d="
M37.157104,139.999969 
	C37.157127,105.211143 37.157127,70.922325 37.157127,36.316494 
	C85.923332,36.316494 134.331924,36.316494 182.417999,36.316494 
	C168.538086,43.579838 154.310898,51.024918 139.806030,58.615303 
	C150.094299,68.909401 159.685364,78.505905 169.541138,88.367256 
	C136.062500,108.432480 109.706078,134.761749 89.790245,167.933395 
	C80.011078,158.105240 70.449249,148.495514 60.078842,138.073151 
	C52.266693,152.954315 44.892391,167.001434 37.157082,181.736221 
	C37.157082,167.580154 37.157082,154.040070 37.157104,139.999969 
z"/>
<path fill="#017AC2" opacity="1.000000" stroke="none" 
	d="
M420.151917,53.828243 
	C408.678528,47.850094 397.526123,42.046307 386.416931,36.264992 
	C434.550568,36.264992 482.881348,36.264992 531.528564,36.264992 
	C531.528564,84.746414 531.528564,133.164749 531.528564,181.332214 
	C524.243408,167.336227 516.796143,153.028778 509.068420,138.182556 
	C498.765015,148.500183 489.248871,158.029449 479.303772,167.988297 
	C469.417969,151.305267 457.872894,136.507767 444.520081,123.179573 
	C431.269379,109.953300 416.641968,98.437538 400.422150,88.880173 
	C410.227783,79.347725 419.926605,69.919090 430.163666,59.967239 
	C426.060364,57.441643 423.266663,55.722122 420.151917,53.828243 
z"/>
<path fill="#027AC2" opacity="1.000000" stroke="none" 
	d="
M261.484436,123.329521 
	C250.241653,125.867226 239.433121,128.324524 228.156067,130.888351 
	C228.156067,121.652481 228.156067,112.373886 228.156067,103.095291 
	C228.156067,94.928864 228.262634,86.760284 228.097763,78.597183 
	C228.040726,75.774246 228.876892,74.577530 231.752426,73.874176 
	C266.866760,65.285095 301.943817,65.237144 337.052612,73.856804 
	C339.364838,74.424492 340.945831,74.919350 340.903534,77.901360 
	C340.657928,95.226257 340.597778,112.553772 340.455688,129.880234 
	C340.453308,130.173431 340.209869,130.464661 339.801910,131.374893 
	C314.589722,122.312538 288.544891,119.753281 261.484436,123.329521 
z"/>
<path fill="#017AC2" opacity="1.000000" stroke="none" 
	d="
M238.791595,438.229706 
	C273.023590,448.153137 306.533508,446.742950 340.148529,435.042511 
	C340.148529,454.015869 340.148529,472.706757 340.148529,491.733551 
	C303.035461,501.768341 265.959686,501.458679 228.675949,491.663574 
	C228.675949,472.802795 228.675949,454.216248 228.675949,435.205292 
	C232.134247,436.237885 235.270187,437.174225 238.791595,438.229706 
z"/>
<path fill="#017AC2" opacity="1.000000" stroke="none" 
	d="
M443.136017,227.156647 
	C459.925049,227.156738 476.233612,227.156738 492.826111,227.156738 
	C497.229340,243.146042 499.573181,259.355194 500.082275,275.867249 
	C500.695953,295.771301 498.951111,315.408112 494.218964,334.789337 
	C493.398102,338.151337 492.149811,339.296844 488.602173,339.254944 
	C471.470001,339.052643 454.334167,339.163818 436.347717,339.163818 
	C449.446808,302.071869 449.417816,264.942963 436.204498,227.156570 
	C438.836548,227.156570 440.746033,227.156570 443.136017,227.156647 
z"/>
<path fill="#017AC2" opacity="1.000000" stroke="none" 
	d="
M162.865021,176.880493 
	C153.988617,189.516037 145.329453,201.871262 136.473816,214.506851 
	C136.690216,214.667480 135.747604,214.131958 135.007233,213.393616 
	C123.327240,201.745972 111.696388,190.048950 99.987595,178.430435 
	C98.289726,176.745651 97.384987,175.503754 98.902550,172.977890 
	C117.979340,141.226059 143.202393,115.700485 175.295761,97.071037 
	C175.703156,96.834557 176.195419,96.744324 176.308167,96.704842 
	C189.594147,110.049438 202.720718,123.233910 216.169250,136.741776 
	C195.950714,146.311050 178.167618,159.687546 162.865021,176.880493 
z"/>
<path fill="#027AC2" opacity="1.000000" stroke="none" 
	d="
M121.077759,367.077698 
	C126.536392,361.463837 131.744949,356.099945 137.376205,350.300751 
	C154.592560,386.558960 180.757950,412.940582 215.869949,429.576508 
	C202.531113,442.901215 189.313812,456.104492 175.729858,469.674042 
	C154.540405,457.547272 135.204819,441.692657 119.201469,422.027893 
	C112.082947,413.280823 106.078987,403.631989 99.438354,394.487427 
	C97.466682,391.772339 97.951569,390.003571 100.288826,387.762878 
	C107.259163,381.080536 113.998260,374.156982 121.077759,367.077698 
z"/>
<path fill="#027AC2" opacity="1.000000" stroke="none" 
	d="
M359.079956,139.829773 
	C356.714874,138.607742 354.688873,137.544037 353.163116,136.742981 
	C366.431244,123.471802 379.667114,110.232910 393.209656,96.687241 
	C414.815887,109.143295 434.220245,125.448921 450.408112,145.387314 
	C457.411652,154.013519 463.437866,163.445801 469.652130,172.684036 
	C470.409576,173.810059 470.267365,176.687286 469.368835,177.608002 
	C457.274292,190.001602 444.973724,202.194168 432.708069,214.420364 
	C432.379974,214.747437 431.870880,214.892944 431.139771,215.289185 
	C415.387085,182.396118 391.617950,157.150299 359.079956,139.829773 
z"/>
<path fill="#017AC2" opacity="1.000000" stroke="none" 
	d="
M392.464966,403.461365 
	C409.050476,388.604675 421.662201,371.223541 431.367462,350.947083 
	C437.423431,356.859680 443.309387,362.545959 449.126556,368.301758 
	C455.751495,374.856720 462.261322,381.528931 468.939056,388.029083 
	C470.859741,389.898712 471.545990,391.323181 469.947693,393.944244 
	C450.512787,425.816345 424.854218,451.307129 392.927917,469.896820 
	C379.580139,456.405273 366.398773,443.081909 353.152740,429.693146 
	C366.735352,423.185364 380.225708,414.563904 392.464966,403.461365 
z"/>
<path fill="#017AC2" opacity="1.000000" stroke="none" 
	d="
M99.999588,339.162842 
	C91.852180,339.162842 84.204628,339.162842 76.085663,339.162842 
	C66.095459,301.703400 66.347252,264.507477 75.974365,227.228424 
	C94.809265,227.228424 113.277557,227.228424 132.729706,227.228424 
	C119.770485,264.574707 119.508537,301.700195 132.782486,339.162811 
	C121.642494,339.162811 111.070969,339.162811 99.999588,339.162842 
z"/>
<path fill="#6E777F" opacity="1.000000" stroke="none" 
	d="
M973.293945,616.245361 
	C973.940125,614.471191 974.479675,613.073914 974.962830,611.657471 
	C977.923035,602.979919 977.918884,602.978516 988.352600,604.335205 
	C987.633240,606.415344 986.969177,608.382507 986.273926,610.338684 
	C979.091858,630.545898 971.838806,650.728455 964.787231,670.981140 
	C963.684387,674.148438 962.229736,675.258545 958.774658,675.328796 
	C955.087158,675.403931 953.947021,673.750793 952.958069,670.757568 
	C948.369934,656.871033 943.628967,643.034851 938.925598,629.186523 
	C938.291931,627.320679 937.561096,625.487793 936.563782,622.800415 
	C930.883240,639.296265 925.438416,654.920166 920.161133,670.600525 
	C919.182373,673.508606 918.318542,675.337524 914.548218,675.337891 
	C910.742554,675.338196 909.471130,673.794373 908.338440,670.564392 
	C901.022583,649.701904 893.505920,628.909851 886.073303,608.088196 
	C885.640198,606.875000 885.365784,605.605286 885.024780,604.387756 
	C885.613831,604.155518 885.914368,603.949890 886.228760,603.925781 
	C895.683594,603.201843 895.707336,603.196533 898.773499,612.067688 
	C903.920654,626.959839 909.034546,641.863464 914.556274,657.906494 
	C918.944214,644.647278 922.959656,632.511414 926.976685,620.376038 
	C928.492554,615.796570 930.221497,611.274048 931.458679,606.620667 
	C932.343689,603.291931 934.568237,603.439270 937.159363,603.300903 
	C939.963196,603.151123 941.216675,604.129028 942.101074,606.869080 
	C947.401184,623.288574 952.922668,639.636658 959.505493,656.240295 
	C964.057434,643.031311 968.609314,629.822327 973.293945,616.245361 
z"/>
<path fill="#707981" opacity="1.000000" stroke="none" 
	d="
M1903.022461,603.828369 
	C1911.509277,603.874512 1919.513306,603.635803 1927.485107,604.037537 
	C1937.940063,604.564331 1945.483887,610.831909 1946.684814,619.706238 
	C1947.684448,627.093323 1944.767090,633.006897 1938.656494,637.642090 
	C1940.016846,638.516602 1941.116089,639.217651 1942.209717,639.927307 
	C1953.708862,647.388245 1953.662476,663.546265 1941.820190,670.491882 
	C1938.204102,672.612671 1933.775269,674.254211 1929.648071,674.426575 
	C1917.388184,674.938599 1905.093262,674.610046 1892.468750,674.610046 
	C1892.468750,651.087280 1892.468750,627.732544 1892.468750,603.828430 
	C1895.958740,603.828430 1899.242065,603.828430 1903.022461,603.828369 
M1934.412720,645.782593 
	C1924.077271,642.073792 1913.502808,644.649719 1903.006592,643.842896 
	C1903.006592,651.297729 1903.006592,658.000549 1903.006592,664.928711 
	C1911.963501,664.928711 1920.576538,665.244690 1929.150635,664.805054 
	C1933.951294,664.558899 1938.264648,662.280273 1939.718628,657.107117 
	C1941.038574,652.410461 1939.367676,648.638367 1934.412720,645.782593 
M1902.643066,630.400208 
	C1902.292603,633.126953 1903.295654,634.336792 1906.227783,634.177185 
	C1910.042725,633.969482 1913.889038,634.313599 1917.700806,634.078491 
	C1921.808594,633.825012 1926.072144,633.753601 1929.937988,632.546692 
	C1934.250854,631.200378 1936.355835,627.593506 1936.148926,622.814514 
	C1935.944336,618.087463 1933.157349,614.847168 1929.061279,614.344666 
	C1920.456299,613.288940 1911.725830,613.255798 1902.641235,612.781738 
	C1902.641235,619.140076 1902.641235,624.280090 1902.643066,630.400208 
z"/>
<path fill="#6D777F" opacity="1.000000" stroke="none" 
	d="
M1125.420898,646.904175 
	C1130.195068,660.337708 1123.580811,672.313660 1109.285767,673.745178 
	C1096.160156,675.059631 1082.799316,674.024414 1069.187012,674.024414 
	C1069.187012,651.093445 1069.187012,627.745728 1069.187012,604.172485 
	C1081.615723,604.172485 1093.912964,603.598206 1106.122070,604.387146 
	C1113.483887,604.862915 1120.028931,608.684570 1122.339355,616.500916 
	C1124.830322,624.927795 1122.547363,632.199768 1115.720093,637.169678 
	C1118.966675,640.377686 1122.098267,643.471985 1125.420898,646.904175 
M1116.448242,655.299927 
	C1115.981812,648.595581 1113.949219,645.315552 1107.001099,644.665283 
	C1097.853149,643.809143 1088.564697,644.454956 1079.325195,644.454956 
	C1079.325195,651.312256 1079.325195,658.050476 1079.325195,665.009644 
	C1088.106934,665.009644 1096.591431,665.361694 1105.028687,664.882019 
	C1110.375732,664.578064 1115.096191,662.327881 1116.448242,655.299927 
M1099.223633,634.141479 
	C1100.706665,633.997986 1102.229736,634.022583 1103.665771,633.681335 
	C1109.405640,632.317566 1112.797485,628.460449 1112.841309,623.428833 
	C1112.885376,618.368408 1109.750000,614.446716 1103.337769,613.888306 
	C1095.366333,613.194153 1087.288574,613.721863 1079.015259,613.721863 
	C1079.015259,619.870789 1079.006958,625.833679 1079.027954,631.796509 
	C1079.030151,632.422913 1079.204834,633.048706 1079.370483,634.144104 
	C1085.766968,634.144104 1092.026001,634.144104 1099.223633,634.141479 
z"/>
<path fill="#037BC3" opacity="1.000000" stroke="none" 
	d="
M340.542511,520.351318 
	C339.199463,521.715210 337.982788,523.171509 336.520142,523.486877 
	C310.777283,529.037781 284.776733,530.417480 258.610657,527.519775 
	C248.712875,526.423828 238.893906,524.616089 228.777710,523.093445 
	C228.777710,516.250854 228.777710,509.851685 228.777710,502.708618 
	C265.821045,511.515198 302.836273,512.019287 340.554382,502.591827 
	C340.554382,508.760681 340.554382,514.336609 340.542511,520.351318 
z"/>
<path fill="#037BC3" opacity="1.000000" stroke="none" 
	d="
M330.250977,61.635612 
	C296.066650,54.596928 262.437164,55.610386 228.152328,63.970650 
	C228.152328,57.753868 227.967026,52.124516 228.299576,46.525917 
	C228.371063,45.322483 230.154312,43.460529 231.417664,43.198833 
	C266.595032,35.912109 301.818359,35.766243 337.001953,43.139214 
	C338.376770,43.427319 340.305786,45.416668 340.397461,46.724037 
	C340.780060,52.180370 340.558624,57.679062 340.558624,63.768967 
	C336.993408,63.037586 333.827545,62.388126 330.250977,61.635612 
z"/>
<path fill="#727B83" opacity="1.000000" stroke="none" 
	d="
M38.339844,639.000000 
	C38.340054,627.202087 38.340054,615.904236 38.340054,604.350952 
	C43.940250,603.255310 48.113663,603.460083 51.950539,608.576721 
	C62.930122,623.218567 74.538040,637.389282 85.906174,651.739502 
	C86.678696,652.714661 87.511787,653.641846 89.025635,655.427551 
	C89.025635,637.776184 89.025635,621.225159 89.025635,604.249634 
	C92.619789,604.249634 95.824783,604.249634 99.349533,604.249634 
	C99.349533,627.643372 99.349533,651.025391 99.349533,674.390442 
	C94.315414,675.710327 90.867592,674.704529 87.582886,670.411987 
	C75.254021,654.300415 62.466816,638.539673 49.102409,621.703857 
	C49.102409,639.876343 49.102409,657.007751 49.102409,674.509521 
	C45.308105,674.509521 42.110786,674.509521 38.339634,674.509521 
	C38.339634,662.726135 38.339634,651.113037 38.339844,639.000000 
z"/>
<path fill="#037BC3" opacity="1.000000" stroke="none" 
	d="
M43.083511,329.883240 
	C35.777908,290.559448 38.916149,252.374115 45.247688,227.311234 
	C51.672024,227.311234 58.122498,227.311234 65.122566,227.311234 
	C56.072926,264.565918 55.891148,301.601990 65.142937,338.894714 
	C58.365524,338.894714 51.937630,338.894714 45.138802,338.894714 
	C44.479012,336.058411 43.810238,333.183502 43.083511,329.883240 
z"/>
<path fill="#037BC3" opacity="1.000000" stroke="none" 
	d="
M528.856506,257.201660 
	C530.913208,292.318878 528.655396,326.340118 523.522583,339.073792 
	C517.046692,339.073792 510.634888,339.073792 503.902008,339.073792 
	C508.544739,320.299133 510.894592,301.734741 510.856232,282.865723 
	C510.818268,264.179169 508.338989,245.800827 503.914093,227.339951 
	C510.767609,227.339951 517.204041,227.339951 524.267151,227.339951 
	C525.782349,237.097244 527.307922,246.921906 528.856506,257.201660 
z"/>
<path fill="#707981" opacity="1.000000" stroke="none" 
	d="
M756.645142,629.218018 
	C756.644897,644.494568 756.644897,659.300232 756.644897,674.490845 
	C753.058594,674.490845 749.868530,674.490845 746.398193,674.490845 
	C746.398193,651.056396 746.398193,627.806030 746.398193,604.237366 
	C751.717529,603.381897 755.905396,603.440125 759.773621,608.629883 
	C770.917969,623.581543 782.759705,638.013550 794.340393,652.639404 
	C794.923401,653.375732 795.627808,654.015930 797.043701,655.512939 
	C797.043701,637.828613 797.043701,621.143982 797.043701,604.149048 
	C800.513733,604.149048 803.437683,604.149048 806.772095,604.149048 
	C806.772095,627.467712 806.772095,650.847290 806.772095,674.392090 
	C802.245605,675.566467 798.926025,674.940247 795.698792,670.696045 
	C784.307983,655.715515 772.412659,641.118530 760.691711,626.389465 
	C759.778076,625.241455 758.733704,624.197388 756.645386,621.877991 
	C756.645386,625.047302 756.645386,626.897217 756.645142,629.218018 
z"/>
<path fill="#6D767F" opacity="1.000000" stroke="none" 
	d="
M412.993225,647.808350 
	C412.993286,633.038086 412.993286,618.741150 412.993286,604.143616 
	C416.323151,604.143616 419.255493,604.143616 422.598999,604.143616 
	C422.598999,627.418579 422.598999,650.795349 422.598999,674.348389 
	C417.873169,675.867188 414.502258,674.600159 411.271790,670.380920 
	C399.730591,655.307373 387.793793,640.536560 375.988007,625.665955 
	C375.079559,624.521729 374.026306,623.492310 372.325287,621.624268 
	C372.325287,639.771423 372.325287,656.966553 372.325287,674.510376 
	C368.757782,674.510376 365.717285,674.510376 362.404480,674.510376 
	C362.404480,651.039246 362.404480,627.789795 362.404480,604.242249 
	C367.538727,603.460754 371.589752,603.366272 375.363281,608.428711 
	C386.208069,622.977783 397.764557,636.996643 409.057983,651.210632 
	C410.043915,652.451538 411.151733,653.595642 412.993164,655.678650 
	C412.993164,652.462708 412.993164,650.372131 412.993225,647.808350 
z"/>
<path fill="#6E777F" opacity="1.000000" stroke="none" 
	d="
M333.155243,669.202454 
	C320.353058,677.614380 307.187073,678.445068 294.023895,671.697632 
	C281.713531,665.387268 275.761139,654.467285 275.197113,640.851685 
	C274.472809,623.366821 285.341034,608.406494 301.470734,603.955261 
	C318.372284,599.291077 335.299347,605.975281 343.617706,620.598328 
	C351.944366,635.235962 348.935272,654.665710 336.502167,666.425354 
	C335.536957,667.338257 334.470551,668.144165 333.155243,669.202454 
M323.927673,615.330750 
	C322.550446,614.759949 321.201355,614.105225 319.791504,613.631592 
	C309.117584,610.045593 297.366455,613.769287 290.976379,622.726135 
	C284.077820,632.395752 284.172363,646.304138 291.202087,655.918396 
	C297.743378,664.864685 309.579773,668.652100 320.113251,664.882019 
	C329.692810,661.453308 335.554474,654.517151 336.997559,644.486328 
	C338.716980,632.534851 335.408997,622.421631 323.927673,615.330750 
z"/>
<path fill="#6C757E" opacity="1.000000" stroke="none" 
	d="
M1413.840088,634.999390 
	C1413.840088,624.523804 1413.840088,614.547913 1413.840088,604.210022 
	C1417.235229,604.210022 1420.298462,604.210022 1423.685547,604.210022 
	C1423.685547,627.580505 1423.685547,650.970459 1423.685547,674.353210 
	C1418.648438,675.850281 1415.243652,674.383118 1412.068848,670.256287 
	C1400.390015,655.074829 1388.369019,640.156494 1376.459961,625.152527 
	C1375.685547,624.176758 1374.769775,623.313232 1373.087036,621.500549 
	C1373.087036,639.944824 1373.087036,657.151733 1373.087036,674.605591 
	C1369.637939,674.605591 1366.700928,674.605591 1363.378662,674.605591 
	C1363.378662,651.197571 1363.378662,627.817688 1363.378662,604.235474 
	C1368.686401,603.222534 1372.776367,603.639099 1376.592896,608.796021 
	C1387.090698,622.980896 1398.348511,636.603455 1409.315674,650.440491 
	C1410.440063,651.859070 1411.631348,653.224609 1413.840210,655.871155 
	C1413.840210,648.161133 1413.840210,641.830139 1413.840088,634.999390 
z"/>
<path fill="#6E777F" opacity="1.000000" stroke="none" 
	d="
M2016.270996,607.620483 
	C2030.334473,616.873901 2035.495972,629.846436 2032.883667,645.714233 
	C2030.521729,660.061951 2022.065186,669.951477 2008.081177,674.208130 
	C1993.691772,678.588196 1980.674438,675.587830 1970.062500,664.613586 
	C1958.396240,652.548950 1957.225098,632.360474 1967.058838,618.009521 
	C1976.720825,603.909363 1995.702515,598.576843 2011.940308,605.424805 
	C2013.316406,606.005127 2014.624023,606.747986 2016.270996,607.620483 
M1993.234863,612.588501 
	C1980.744507,614.793152 1972.689331,623.417664 1971.211304,636.169006 
	C1969.837891,648.016785 1976.467163,659.810669 1986.951172,664.171509 
	C1996.888550,668.304993 2008.182495,666.061829 2015.444092,658.512146 
	C2023.208862,650.439453 2025.100708,637.541443 2020.072144,626.959290 
	C2015.270142,616.854370 2005.805664,611.553589 1993.234863,612.588501 
z"/>
<path fill="#6E777F" opacity="1.000000" stroke="none" 
	d="
M2286.018066,602.939697 
	C2306.399414,606.200684 2318.411621,621.988403 2316.946289,643.073059 
	C2315.715820,660.778015 2300.207764,675.422852 2282.076416,676.001465 
	C2262.332764,676.631653 2246.916992,663.726379 2244.244141,644.330750 
	C2241.643555,625.458923 2253.742432,607.599609 2272.266846,603.563171 
	C2276.554199,602.628967 2281.143799,603.083374 2286.018066,602.939697 
M2267.157959,662.507385 
	C2276.950439,667.819153 2286.721680,667.874329 2295.796143,661.282104 
	C2305.296875,654.380249 2307.715576,644.383667 2305.807617,633.309692 
	C2303.500244,619.918396 2290.219482,610.379456 2277.378662,612.473267 
	C2265.747559,614.369873 2258.046631,621.466370 2255.436279,632.694031 
	C2252.802734,644.021606 2257.013428,655.140686 2267.157959,662.507385 
z"/>
<path fill="#717A82" opacity="1.000000" stroke="none" 
	d="
M2103.359375,633.122681 
	C2100.503662,640.647705 2094.531494,644.023132 2087.290771,646.630066 
	C2094.301514,655.952515 2101.063477,664.944275 2107.911377,674.050171 
	C2098.554932,676.355042 2096.107178,675.528931 2090.896729,668.592957 
	C2084.495605,660.072144 2078.072510,651.567993 2071.673584,643.045349 
	C2070.809570,641.894592 2070.031494,640.679138 2069.035645,639.235596 
	C2073.964355,638.817566 2078.423584,638.710144 2082.787109,638.008423 
	C2090.104248,636.831726 2094.394531,631.702332 2094.088623,625.065002 
	C2093.795410,618.702148 2089.263428,614.267883 2081.698975,613.889709 
	C2074.064209,613.507996 2066.395508,613.805664 2058.152344,613.805664 
	C2058.152344,633.960999 2058.152344,654.016174 2058.152344,674.472656 
	C2054.369385,674.472656 2051.168701,674.472656 2047.653320,674.472656 
	C2047.653320,651.135254 2047.653320,627.886169 2047.653320,603.824158 
	C2049.634521,603.824158 2051.543945,603.818787 2053.453125,603.825073 
	C2063.115234,603.856689 2072.800537,603.473450 2082.434082,604.015320 
	C2100.315186,605.021179 2108.256592,619.336853 2103.359375,633.122681 
z"/>
<path fill="#707A82" opacity="1.000000" stroke="none" 
	d="
M1507.121582,665.940491 
	C1507.121582,645.149658 1507.121582,624.850891 1507.121582,603.825378 
	C1515.106445,603.825378 1522.702148,603.765747 1530.296265,603.846069 
	C1535.453979,603.900635 1540.707520,603.576355 1545.745728,604.434082 
	C1556.257446,606.223633 1563.290161,613.387329 1564.111938,622.163452 
	C1565.204224,633.830444 1560.810425,640.944397 1549.683472,645.513977 
	C1548.919556,645.827698 1548.141602,646.107544 1546.919800,646.575745 
	C1553.865723,655.804932 1560.719971,664.912109 1568.216675,674.872925 
	C1563.907593,674.872925 1560.654297,674.972961 1557.413574,674.815247 
	C1556.366577,674.764343 1554.961792,674.334106 1554.381958,673.573303 
	C1545.836060,662.361755 1537.401733,651.065125 1528.552490,639.270996 
	C1533.520874,638.854492 1537.775391,638.739929 1541.948242,638.095459 
	C1549.637451,636.907959 1554.285156,631.698914 1553.927246,625.120728 
	C1553.578613,618.715088 1548.669678,614.209778 1540.965820,613.812988 
	C1534.649902,613.487671 1528.307007,613.675049 1521.976074,613.663635 
	C1520.825684,613.661560 1519.675049,613.796875 1517.880371,613.908997 
	C1517.880371,634.036499 1517.880371,654.088806 1517.880371,674.507080 
	C1514.173218,674.507080 1511.098755,674.507080 1507.121582,674.507080 
	C1507.121582,671.911316 1507.121582,669.171875 1507.121582,665.940491 
z"/>
<path fill="#6E777F" opacity="1.000000" stroke="none" 
	d="
M1579.264648,622.424927 
	C1592.744385,596.470581 1625.635620,598.680725 1638.764282,613.090820 
	C1636.754761,615.394104 1634.706421,617.741821 1633.125977,619.553223 
	C1627.448242,617.195190 1622.364380,614.278198 1616.895142,612.959534 
	C1598.705200,608.574219 1583.574219,624.803955 1586.410645,643.787170 
	C1590.015503,667.914490 1613.938843,670.496460 1627.961548,661.996704 
	C1629.274048,661.201050 1630.556152,659.321106 1630.700562,657.832886 
	C1631.081787,653.902527 1630.829590,649.910767 1630.829590,645.442261 
	C1623.855835,645.442261 1617.275269,645.442261 1610.267334,645.442261 
	C1610.267334,642.098267 1610.267334,639.251160 1610.267334,636.113037 
	C1620.271240,636.113037 1630.195435,636.113037 1640.804077,636.113037 
	C1640.804077,645.392029 1640.844482,654.648254 1640.733154,663.902588 
	C1640.723511,664.710144 1639.865479,665.684204 1639.150757,666.280823 
	C1621.664673,680.882690 1593.466431,679.212524 1581.634888,660.879578 
	C1573.829102,648.784424 1573.514282,635.897583 1579.264648,622.424927 
z"/>
<path fill="#6D777F" opacity="1.000000" stroke="none" 
	d="
M619.165588,636.000061 
	C619.165649,649.113098 619.165649,661.726257 619.165649,674.591553 
	C615.527283,674.591553 612.459656,674.591553 609.114502,674.591553 
	C609.114502,651.069031 609.114502,627.817993 609.114502,603.837585 
	C616.927612,603.837585 624.688843,603.754517 632.447266,603.866882 
	C637.594177,603.941345 642.860168,603.669861 647.856506,604.652771 
	C658.801758,606.806152 665.304199,613.834534 665.975586,623.126587 
	C666.771057,634.135010 662.000854,641.251953 650.920227,645.600098 
	C650.304810,645.841614 649.708557,646.131775 648.619324,646.613281 
	C655.494507,655.760498 662.258728,664.760010 669.074158,673.827759 
	C661.453430,676.497620 657.362488,675.324036 652.841064,669.319641 
	C645.463196,659.522156 638.096191,649.716431 630.280212,639.323242 
	C635.268372,638.881226 639.507996,638.739380 643.667480,638.086731 
	C651.572205,636.846497 655.673462,632.145264 655.400574,625.102722 
	C655.144592,618.494019 650.585938,614.157898 642.645447,613.799316 
	C635.034485,613.455566 627.395874,613.725037 619.165527,613.725037 
	C619.165527,621.263855 619.165527,628.382019 619.165588,636.000061 
z"/>
<path fill="#707A82" opacity="1.000000" stroke="none" 
	d="
M690.650879,618.127930 
	C690.650513,623.575256 690.650513,628.536133 690.650513,633.984863 
	C703.213257,633.984863 715.301819,633.984863 727.779541,633.984863 
	C727.779541,637.361023 727.779541,640.261963 727.779541,643.817017 
	C715.630859,643.817017 703.403137,643.817017 690.922180,643.817017 
	C690.922180,651.068848 690.922180,657.676758 690.922180,664.946289 
	C704.787598,664.946289 718.670959,664.946289 732.858276,664.946289 
	C732.858276,668.495605 732.858276,671.391602 732.858276,674.587097 
	C715.423767,674.587097 698.165771,674.587097 680.512512,674.587097 
	C680.512512,651.169312 680.512512,627.799255 680.512512,604.126099 
	C697.859131,604.126099 715.084717,604.126099 732.595215,604.126099 
	C732.595215,607.096008 732.595215,609.830505 732.595215,613.175720 
	C724.110718,613.175720 715.831665,613.175659 707.552673,613.175720 
	C703.386475,613.175781 699.205994,613.389404 695.058411,613.111206 
	C691.500061,612.872559 690.145569,614.207336 690.650879,618.127930 
z"/>
<path fill="#6D767F" opacity="1.000000" stroke="none" 
	d="
M2377.590820,607.214478 
	C2386.040283,612.170288 2389.113037,619.430054 2387.999756,628.534241 
	C2386.789551,638.428223 2380.205322,643.505066 2370.733154,646.478394 
	C2377.707764,655.771423 2384.503174,664.825256 2391.648926,674.345886 
	C2383.956543,675.583069 2378.399902,675.256958 2373.938232,668.255005 
	C2367.627686,658.351685 2359.987305,649.295349 2352.483154,639.301453 
	C2357.399902,638.881287 2361.627686,638.730164 2365.787842,638.119019 
	C2373.514893,636.983765 2378.111328,631.925537 2377.828369,625.259521 
	C2377.555664,618.830688 2372.723145,614.182861 2365.041748,613.826538 
	C2357.278809,613.466370 2349.486084,613.747131 2341.295410,613.747131 
	C2341.295410,634.185547 2341.295410,654.129883 2341.295410,674.468750 
	C2337.826416,674.468750 2334.770020,674.468750 2331.348633,674.468750 
	C2331.348633,651.149963 2331.348633,627.771912 2331.348633,603.598511 
	C2346.722168,605.391663 2362.309326,600.703857 2377.590820,607.214478 
z"/>
<path fill="#707981" opacity="1.000000" stroke="none" 
	d="
M847.012817,665.125122 
	C857.140137,665.125122 866.770325,665.125122 876.783569,665.125122 
	C876.783569,668.374756 876.783569,671.273254 876.783569,674.527283 
	C859.457825,674.527283 842.089355,674.527283 824.420898,674.527283 
	C824.420898,651.117310 824.420898,627.888184 824.420898,604.242981 
	C841.652771,604.242981 858.864380,604.242981 876.477539,604.242981 
	C876.477539,606.835693 876.477539,609.566101 876.477539,612.961914 
	C862.927124,612.961914 849.233215,612.961914 835.211487,612.961914 
	C835.211487,620.182129 835.211487,626.757568 835.211487,633.900635 
	C846.519775,633.900635 857.905151,633.900635 869.650146,633.900635 
	C869.650146,637.347595 869.650146,640.247192 869.650146,643.709106 
	C858.347412,643.709106 846.951477,643.709106 835.219299,643.709106 
	C835.219299,650.972839 835.219299,657.698914 835.219299,665.125122 
	C838.988098,665.125122 842.751892,665.125122 847.012817,665.125122 
z"/>
<path fill="#707A82" opacity="1.000000" stroke="none" 
	d="
M1213.020264,674.878662 
	C1208.906860,674.878662 1205.289062,674.878662 1201.405273,674.878662 
	C1201.405273,651.077087 1201.405273,627.840759 1201.405273,604.214417 
	C1218.707642,604.214417 1235.924805,604.214417 1253.512939,604.214417 
	C1253.512939,606.898987 1253.512939,609.632202 1253.512939,612.993652 
	C1239.848755,612.993652 1226.136230,612.993652 1212.041504,612.993652 
	C1212.041504,620.169373 1212.041504,626.740601 1212.041504,633.991455 
	C1223.452148,633.991455 1234.994385,633.991455 1246.752075,633.991455 
	C1246.752075,637.566345 1246.752075,640.467041 1246.752075,643.879822 
	C1235.086304,643.879822 1223.675415,643.879822 1211.963989,643.879822 
	C1211.963989,651.106323 1211.963989,657.821350 1211.963989,665.025269 
	C1225.932129,665.025269 1239.680908,665.025269 1253.797852,665.025269 
	C1253.797852,668.393799 1253.797852,671.292603 1253.797852,674.878662 
	C1240.378174,674.878662 1226.947021,674.878662 1213.020264,674.878662 
z"/>
<path fill="#6E7880" opacity="1.000000" stroke="none" 
	d="
M1479.882080,634.131226 
	C1482.329468,634.131104 1484.293335,634.131104 1486.555664,634.131104 
	C1486.555664,637.510559 1486.555664,640.399780 1486.555664,643.881714 
	C1474.781128,643.881714 1463.214600,643.881714 1451.417236,643.881714 
	C1451.417236,651.070862 1451.417236,657.673401 1451.417236,664.976746 
	C1465.474243,664.976746 1479.505737,664.976746 1493.737061,664.976746 
	C1493.737061,668.577087 1493.737061,671.477966 1493.737061,674.622681 
	C1476.205200,674.622681 1458.946899,674.622681 1441.338745,674.622681 
	C1441.338745,651.124573 1441.338745,627.747803 1441.338745,604.101929 
	C1458.572754,604.101929 1475.669434,604.101929 1493.202759,604.101929 
	C1493.202759,606.977661 1493.202759,609.827820 1493.202759,613.214844 
	C1479.286987,613.214844 1465.535889,613.214844 1451.483276,613.214844 
	C1451.483276,620.311584 1451.483276,626.881897 1451.483276,634.131348 
	C1460.864014,634.131348 1470.131348,634.131348 1479.882080,634.131226 
z"/>
<path fill="#6E777F" opacity="1.000000" stroke="none" 
	d="
M1321.007324,643.866455 
	C1316.229248,643.866394 1311.949463,643.866394 1307.457153,643.866394 
	C1307.457153,651.173645 1307.457153,657.901001 1307.457153,665.121338 
	C1321.644897,665.121338 1335.551880,665.121338 1349.729492,665.121338 
	C1349.729492,668.511292 1349.729492,671.410339 1349.729492,674.589355 
	C1332.292236,674.589355 1315.044800,674.589355 1297.393433,674.589355 
	C1297.393433,651.242493 1297.393433,627.885315 1297.393433,604.180908 
	C1314.381470,604.180908 1331.423096,604.180908 1348.814819,604.180908 
	C1348.814819,606.944763 1348.814819,609.681641 1348.814819,613.094360 
	C1335.162354,613.094360 1321.460571,613.094360 1307.471680,613.094360 
	C1307.471680,620.326904 1307.471680,626.894104 1307.471680,634.047852 
	C1319.151611,634.047852 1330.704956,634.047852 1342.557373,634.047852 
	C1342.557373,637.515564 1342.557373,640.402771 1342.557373,643.866455 
	C1335.392456,643.866455 1328.448853,643.866455 1321.007324,643.866455 
z"/>
<path fill="#6F7880" opacity="1.000000" stroke="none" 
	d="
M1867.011963,641.911865 
	C1871.969238,652.838440 1876.798828,663.409058 1882.031860,674.862671 
	C1878.479126,674.862671 1875.579102,675.046631 1872.724487,674.766724 
	C1871.671753,674.663452 1870.415405,673.669128 1869.800537,672.724182 
	C1868.723267,671.068542 1867.703857,669.214539 1867.300659,667.308167 
	C1865.345093,658.061707 1859.609375,655.600159 1850.743652,656.719238 
	C1844.510010,657.506042 1838.076904,657.179016 1831.771362,656.763794 
	C1827.690063,656.495056 1825.592407,657.972534 1824.440430,661.659912 
	C1823.899536,663.391602 1822.933350,664.987915 1822.194824,666.661011 
	C1818.394043,675.272278 1818.398193,675.274109 1808.213135,674.628174 
	C1808.587646,673.367554 1808.800415,672.143799 1809.298584,671.050049 
	C1819.089966,649.555786 1829.027100,628.126709 1838.618774,606.543945 
	C1840.182739,603.025085 1842.448853,603.217957 1845.305664,603.066284 
	C1848.177124,602.914001 1849.797974,603.775146 1851.019897,606.558777 
	C1856.167480,618.286072 1861.573120,629.900269 1867.011963,641.911865 
M1842.954590,620.677002 
	C1839.061401,629.315063 1835.168091,637.953064 1831.144897,646.879639 
	C1840.512939,646.879639 1849.056152,646.879639 1858.220581,646.879639 
	C1853.691772,636.787781 1849.365845,627.147888 1844.750977,616.864258 
	C1843.915649,618.535889 1843.546997,619.273376 1842.954590,620.677002 
z"/>
<path fill="#6F7880" opacity="1.000000" stroke="none" 
	d="
M169.552521,667.489380 
	C167.595886,658.488159 162.392197,655.663574 153.702896,656.704468 
	C146.802750,657.531006 139.719009,657.033569 132.727997,656.795166 
	C129.718643,656.692505 128.103912,657.736633 127.128197,660.464600 
	C126.346519,662.650146 125.266853,664.730164 124.302040,666.849060 
	C120.424088,675.366089 120.421562,675.364929 109.929245,674.565491 
	C112.620399,668.676514 115.213417,663.019348 117.792328,657.355713 
	C125.512611,640.401062 133.274841,623.465271 140.891998,606.464355 
	C142.006363,603.977234 143.368881,602.757507 146.141708,603.099121 
	C148.627411,603.405273 151.261765,602.350098 152.809799,605.808960 
	C162.865936,628.278320 173.120438,650.658813 183.289871,673.077576 
	C183.479446,673.495483 183.421982,674.025513 183.479904,674.504456 
	C173.160339,675.648438 173.160339,675.648438 169.552521,667.489380 
M154.219589,633.259583 
	C151.925552,628.090271 149.631516,622.920959 146.855820,616.666321 
	C141.993713,627.548035 137.763199,637.016235 133.433426,646.706543 
	C142.771698,646.706543 151.276749,646.706543 160.299194,646.706543 
	C158.231003,642.075134 156.410187,637.997681 154.219589,633.259583 
z"/>
<path fill="#6F7880" opacity="1.000000" stroke="none" 
	d="
M2183.917969,669.101135 
	C2184.694580,670.961609 2185.342041,672.460876 2186.003418,673.992920 
	C2177.210449,676.376038 2174.755127,675.913147 2172.384033,668.112183 
	C2169.508545,658.653137 2164.190186,655.479065 2154.637939,656.709351 
	C2148.081055,657.553833 2141.317627,656.673462 2134.669678,657.014282 
	C2133.010010,657.099304 2130.972168,658.587219 2129.938965,660.026733 
	C2128.417969,662.145691 2127.638916,664.798157 2126.551025,667.226685 
	C2122.730469,675.756470 2122.731689,675.756958 2112.795898,674.377502 
	C2113.203125,673.099609 2113.470215,671.834473 2113.992432,670.685120 
	C2123.693359,649.331116 2133.513184,628.030457 2143.058350,606.607239 
	C2144.575928,603.201111 2146.846191,603.235291 2149.767822,603.040955 
	C2152.999756,602.825989 2154.375488,604.182922 2155.638672,606.990906 
	C2164.918213,627.620483 2174.382568,648.167114 2183.917969,669.101135 
M2142.661621,647.133911 
	C2149.074463,647.133911 2155.487305,647.133911 2162.803467,647.133911 
	C2158.145508,636.712097 2153.878906,627.165955 2149.218018,616.737610 
	C2144.485107,627.238586 2140.156006,636.843323 2135.517822,647.134216 
	C2138.140869,647.134216 2139.929688,647.134216 2142.661621,647.133911 
z"/>
<path fill="#6F7880" opacity="1.000000" stroke="none" 
	d="
M449.523285,663.515869 
	C448.790009,665.065308 448.249786,666.279968 447.692993,667.487000 
	C443.839813,675.840149 443.838654,675.839600 433.764404,674.302185 
	C436.995270,667.104797 440.133270,660.029114 443.341187,652.985291 
	C450.429901,637.420349 457.623505,621.902466 464.595184,606.285400 
	C465.761108,603.673706 467.265564,602.831970 469.923492,603.093567 
	C472.451080,603.342163 474.929230,602.525269 476.474854,605.978027 
	C486.378723,628.102295 496.541809,650.110535 506.601685,672.165100 
	C506.862762,672.737427 506.917877,673.403748 507.068146,674.022461 
	C498.268005,676.365784 496.187836,675.945984 493.612000,667.908691 
	C490.731384,658.920410 485.844574,655.224609 476.323944,656.714050 
	C470.803040,657.577698 465.002686,657.254639 459.390259,656.760193 
	C454.108582,656.294861 450.846619,657.876221 449.523285,663.515869 
M463.219086,632.765808 
	C461.182678,637.392761 459.146240,642.019714 456.992493,646.913208 
	C466.252930,646.913208 474.837616,646.913208 484.054138,646.913208 
	C479.515411,636.816223 475.167603,627.143982 470.503601,616.768372 
	C467.949585,622.436890 465.771149,627.271729 463.219086,632.765808 
z"/>
<path fill="#6F7880" opacity="1.000000" stroke="none" 
	d="
M1022.996338,656.870911 
	C1017.337830,656.871643 1012.168274,657.064575 1007.022217,656.800110 
	C1004.001343,656.644897 1002.466980,657.780823 1001.494934,660.495117 
	C1000.601562,662.990051 999.358215,665.360107 998.261597,667.781799 
	C994.577698,675.916748 994.526917,675.940857 984.547913,674.229126 
	C986.513123,669.751221 988.369690,665.377258 990.340515,661.055298 
	C998.542847,643.067871 1006.860107,625.132019 1014.926208,607.083801 
	C1016.303711,604.001587 1017.970703,602.981934 1021.292847,603.001282 
	C1024.556396,603.020264 1026.276978,603.891541 1027.672974,607.014771 
	C1037.095947,628.097534 1046.755249,649.074829 1056.326416,670.091492 
	C1056.929810,671.416626 1057.435913,672.786072 1058.288208,674.870728 
	C1055.132324,674.870728 1052.493652,675.191528 1049.990601,674.748169 
	C1048.532104,674.489807 1046.739014,673.302307 1046.054077,672.020996 
	C1043.945190,668.075928 1042.514893,663.763977 1040.352661,659.853577 
	C1039.590698,658.475708 1037.541626,657.159973 1035.965454,657.008240 
	C1031.842529,656.611328 1027.656128,656.872253 1022.996338,656.870911 
M1015.929077,628.437378 
	C1013.228027,634.424072 1010.526917,640.410767 1007.613647,646.867676 
	C1016.833008,646.867676 1025.340576,646.867676 1033.901001,646.867676 
	C1033.901001,646.114685 1034.056274,645.564514 1033.878174,645.161621 
	C1029.813354,635.964783 1025.712158,626.783936 1021.256531,616.790161 
	C1019.361206,620.905457 1017.787476,624.322449 1015.929077,628.437378 
z"/>
<path fill="#6F7880" opacity="1.000000" stroke="none" 
	d="
M1692.293457,636.316833 
	C1685.640991,643.134277 1684.080566,651.060364 1684.931641,659.911743 
	C1685.388062,664.658508 1685.012695,669.485229 1685.012695,674.570312 
	C1681.360840,674.570312 1678.145752,674.570312 1674.360352,674.570312 
	C1674.360352,666.560547 1674.562500,658.772949 1674.248047,651.006226 
	C1674.141357,648.368164 1673.282471,645.414795 1671.825806,643.234558 
	C1663.885132,631.349915 1655.648315,619.663208 1647.521484,607.902893 
	C1646.788330,606.842163 1646.110962,605.742859 1644.878662,603.847656 
	C1649.003418,603.847656 1652.425781,603.576965 1655.765747,603.983276 
	C1657.069214,604.141907 1658.487183,605.614807 1659.342773,606.844116 
	C1666.081055,616.524658 1672.695435,626.291321 1679.824463,636.728943 
	C1682.139648,633.420105 1684.193604,630.516785 1686.213989,627.590332 
	C1690.087036,621.980469 1694.567627,616.677429 1697.641724,610.657593 
	C1701.371216,603.354797 1706.904419,602.832397 1714.411011,604.426208 
	C1706.986328,615.135193 1699.745117,625.579712 1692.293457,636.316833 
z"/>
<path fill="#6F7880" opacity="1.000000" stroke="none" 
	d="
M2421.360840,670.690430 
	C2423.863770,653.764221 2419.055176,639.770325 2408.133057,627.225647 
	C2402.173340,620.380737 2397.595703,612.332703 2392.352539,604.766296 
	C2400.773926,602.199097 2404.084717,603.311829 2408.578369,609.938477 
	C2414.520752,618.701477 2420.507324,627.434265 2426.884521,636.780334 
	C2433.006836,627.874329 2439.354004,619.899780 2444.255371,611.118164 
	C2448.272705,603.920166 2453.579834,602.731079 2461.150391,604.347290 
	C2460.342773,605.698181 2459.688232,606.952759 2458.888428,608.106934 
	C2450.924805,619.598694 2442.801514,630.983521 2435.062500,642.624146 
	C2433.357910,645.187988 2432.317871,648.605408 2432.146484,651.695007 
	C2431.732178,659.152893 2432.012207,666.649292 2432.012207,674.053833 
	C2424.395264,675.983215 2422.032227,675.305359 2421.360840,670.690430 
z"/>
<path fill="#737C84" opacity="1.000000" stroke="none" 
	d="
M2216.665527,630.001831 
	C2216.665527,645.120178 2216.665527,659.739136 2216.665527,674.620972 
	C2212.998535,674.620972 2209.912109,674.620972 2206.222412,674.620972 
	C2206.222412,654.438965 2206.222412,634.379517 2206.222412,613.720703 
	C2198.243408,613.720703 2190.846191,613.720703 2183.217773,613.720703 
	C2183.217773,610.200073 2183.217773,607.287659 2183.217773,604.094849 
	C2202.026855,604.094849 2220.608154,604.094849 2239.539551,604.094849 
	C2239.539551,607.117798 2239.539551,610.030151 2239.539551,613.575439 
	C2232.151367,613.575439 2224.743652,613.575439 2216.665771,613.575439 
	C2216.665771,619.293823 2216.665771,624.398132 2216.665527,630.001831 
z"/>
<path fill="#6E7880" opacity="1.000000" stroke="none" 
	d="
M222.994781,603.834351 
	C227.976349,603.834290 232.458939,603.834290 236.713303,603.834290 
	C237.118195,604.469788 237.426895,604.735779 237.453140,605.027222 
	C238.228134,613.635559 238.223663,613.635864 229.824768,613.635498 
	C224.844315,613.635254 219.863876,613.635498 214.300385,613.635498 
	C214.300385,634.104187 214.300385,654.172180 214.300385,674.549133 
	C210.649368,674.549133 207.581467,674.549133 203.899170,674.549133 
	C203.899170,654.375671 203.899170,634.316711 203.899170,613.733032 
	C196.054092,613.733032 188.796738,613.733032 181.195633,613.733032 
	C181.195633,610.317505 181.195633,607.425659 181.195633,603.834351 
	C194.964767,603.834351 208.730286,603.834351 222.994781,603.834351 
z"/>
<path fill="#727B83" opacity="1.000000" stroke="none" 
	d="
M1753.115234,653.999878 
	C1753.115234,637.202515 1753.115234,620.905212 1753.115234,604.215454 
	C1756.671387,604.215454 1759.872192,604.215454 1763.502686,604.215454 
	C1763.502686,624.270325 1763.502686,644.209900 1763.502686,664.758789 
	C1776.608032,664.758789 1789.318848,664.758789 1802.339844,664.758789 
	C1802.339844,668.281799 1802.339844,671.198181 1802.339844,674.504028 
	C1786.070435,674.504028 1769.883667,674.504028 1753.115112,674.504028 
	C1753.115112,667.724182 1753.115112,661.112000 1753.115234,653.999878 
z"/>
<path fill="#707981" opacity="1.000000" stroke="none" 
	d="
M528.645386,656.957520 
	C528.645142,659.755798 528.645142,662.060913 528.645142,664.944702 
	C541.593262,664.944702 554.159119,664.944702 566.930969,664.944702 
	C566.930969,668.444031 566.930969,671.361084 566.930969,674.577881 
	C550.635803,674.577881 534.580139,674.577881 518.253418,674.577881 
	C518.253418,651.113403 518.253418,627.863586 518.253418,604.221680 
	C521.467651,604.221680 524.688232,604.221680 528.645630,604.221680 
	C528.645630,621.617432 528.645630,639.040894 528.645386,656.957520 
z"/>
<path fill="#707981" opacity="1.000000" stroke="none" 
	d="
M1157.080078,664.984375 
	C1167.871948,664.984375 1178.174316,664.984375 1188.822754,664.984375 
	C1188.822754,668.224976 1188.822754,671.134888 1188.822754,674.463623 
	C1172.839966,674.463623 1156.796387,674.463623 1140.366211,674.463623 
	C1140.366211,651.201355 1140.366211,627.832275 1140.366211,604.145508 
	C1143.605835,604.145508 1146.830933,604.145508 1150.479614,604.145508 
	C1150.479614,624.256531 1150.479614,644.197021 1150.479614,664.984436 
	C1152.789429,664.984436 1154.690063,664.984436 1157.080078,664.984375 
z"/>
<path fill="#757E86" opacity="1.000000" stroke="none" 
	d="
M250.121078,606.287659 
	C253.267593,604.885010 256.402374,603.954041 260.255005,602.809814 
	C260.255005,627.458740 260.255005,650.773865 260.255005,674.495544 
	C257.108368,674.495544 253.920776,674.495544 250.109344,674.495544 
	C250.109344,651.852234 250.109344,629.305786 250.121078,606.287659 
z"/>
<path fill="#FEFEFE" opacity="1.000000" stroke="none" 
	d="
M1934.774902,645.935669 
	C1939.367676,648.638367 1941.038574,652.410461 1939.718628,657.107117 
	C1938.264648,662.280273 1933.951294,664.558899 1929.150635,664.805054 
	C1920.576538,665.244690 1911.963501,664.928711 1903.006592,664.928711 
	C1903.006592,658.000549 1903.006592,651.297729 1903.006592,643.842896 
	C1913.502808,644.649719 1924.077271,642.073792 1934.774902,645.935669 
z"/>
<path fill="#FEFEFE" opacity="1.000000" stroke="none" 
	d="
M1902.642090,629.910156 
	C1902.641235,624.280090 1902.641235,619.140076 1902.641235,612.781738 
	C1911.725830,613.255798 1920.456299,613.288940 1929.061279,614.344666 
	C1933.157349,614.847168 1935.944336,618.087463 1936.148926,622.814514 
	C1936.355835,627.593506 1934.250854,631.200378 1929.937988,632.546692 
	C1926.072144,633.753601 1921.808594,633.825012 1917.700806,634.078491 
	C1913.889038,634.313599 1910.042725,633.969482 1906.227783,634.177185 
	C1903.295654,634.336792 1902.292603,633.126953 1902.642090,629.910156 
z"/>
<path fill="#FEFEFE" opacity="1.000000" stroke="none" 
	d="
M1116.382812,655.720703 
	C1115.096191,662.327881 1110.375732,664.578064 1105.028687,664.882019 
	C1096.591431,665.361694 1088.106934,665.009644 1079.325195,665.009644 
	C1079.325195,658.050476 1079.325195,651.312256 1079.325195,644.454956 
	C1088.564697,644.454956 1097.853149,643.809143 1107.001099,644.665283 
	C1113.949219,645.315552 1115.981812,648.595581 1116.382812,655.720703 
z"/>
<path fill="#FCFDFD" opacity="1.000000" stroke="none" 
	d="
M1098.754395,634.142822 
	C1092.026001,634.144104 1085.766968,634.144104 1079.370483,634.144104 
	C1079.204834,633.048706 1079.030151,632.422913 1079.027954,631.796509 
	C1079.006958,625.833679 1079.015259,619.870789 1079.015259,613.721863 
	C1087.288574,613.721863 1095.366333,613.194153 1103.337769,613.888306 
	C1109.750000,614.446716 1112.885376,618.368408 1112.841309,623.428833 
	C1112.797485,628.460449 1109.405640,632.317566 1103.665771,633.681335 
	C1102.229736,634.022583 1100.706665,633.997986 1098.754395,634.142822 
z"/>
<path fill="#FEFEFE" opacity="1.000000" stroke="none" 
	d="
M324.246429,615.534546 
	C335.408997,622.421631 338.716980,632.534851 336.997559,644.486328 
	C335.554474,654.517151 329.692810,661.453308 320.113251,664.882019 
	C309.579773,668.652100 297.743378,664.864685 291.202087,655.918396 
	C284.172363,646.304138 284.077820,632.395752 290.976379,622.726135 
	C297.366455,613.769287 309.117584,610.045593 319.791504,613.631592 
	C321.201355,614.105225 322.550446,614.759949 324.246429,615.534546 
z"/>
<path fill="#FEFEFE" opacity="1.000000" stroke="none" 
	d="
M1993.643311,612.487366 
	C2005.805664,611.553589 2015.270142,616.854370 2020.072144,626.959290 
	C2025.100708,637.541443 2023.208862,650.439453 2015.444092,658.512146 
	C2008.182495,666.061829 1996.888550,668.304993 1986.951172,664.171509 
	C1976.467163,659.810669 1969.837891,648.016785 1971.211304,636.169006 
	C1972.689331,623.417664 1980.744507,614.793152 1993.643311,612.487366 
z"/>
<path fill="#FEFEFE" opacity="1.000000" stroke="none" 
	d="
M2266.859375,662.289246 
	C2257.013428,655.140686 2252.802734,644.021606 2255.436279,632.694031 
	C2258.046631,621.466370 2265.747559,614.369873 2277.378662,612.473267 
	C2290.219482,610.379456 2303.500244,619.918396 2305.807617,633.309692 
	C2307.715576,644.383667 2305.296875,654.380249 2295.796143,661.282104 
	C2286.721680,667.874329 2276.950439,667.819153 2266.859375,662.289246 
z"/>
<path fill="#FCFDFD" opacity="1.000000" stroke="none" 
	d="
M1843.066528,620.343994 
	C1843.546997,619.273376 1843.915649,618.535889 1844.750977,616.864258 
	C1849.365845,627.147888 1853.691772,636.787781 1858.220581,646.879639 
	C1849.056152,646.879639 1840.512939,646.879639 1831.144897,646.879639 
	C1835.168091,637.953064 1839.061401,629.315063 1843.066528,620.343994 
z"/>
<path fill="#FCFDFD" opacity="1.000000" stroke="none" 
	d="
M154.404480,633.589966 
	C156.410187,637.997681 158.231003,642.075134 160.299194,646.706543 
	C151.276749,646.706543 142.771698,646.706543 133.433426,646.706543 
	C137.763199,637.016235 141.993713,627.548035 146.855820,616.666321 
	C149.631516,622.920959 151.925552,628.090271 154.404480,633.589966 
z"/>
<path fill="#FCFDFD" opacity="1.000000" stroke="none" 
	d="
M2142.189941,647.134033 
	C2139.929688,647.134216 2138.140869,647.134216 2135.517822,647.134216 
	C2140.156006,636.843323 2144.485107,627.238586 2149.218018,616.737610 
	C2153.878906,627.165955 2158.145508,636.712097 2162.803467,647.133911 
	C2155.487305,647.133911 2149.074463,647.133911 2142.189941,647.134033 
z"/>
<path fill="#FCFDFD" opacity="1.000000" stroke="none" 
	d="
M463.405914,632.436218 
	C465.771149,627.271729 467.949585,622.436890 470.503601,616.768372 
	C475.167603,627.143982 479.515411,636.816223 484.054138,646.913208 
	C474.837616,646.913208 466.252930,646.913208 456.992493,646.913208 
	C459.146240,642.019714 461.182678,637.392761 463.405914,632.436218 
z"/>
<path fill="#FCFDFD" opacity="1.000000" stroke="none" 
	d="
M1016.071411,628.088379 
	C1017.787476,624.322449 1019.361206,620.905457 1021.256531,616.790161 
	C1025.712158,626.783936 1029.813354,635.964783 1033.878174,645.161621 
	C1034.056274,645.564514 1033.901001,646.114685 1033.901001,646.867676 
	C1025.340576,646.867676 1016.833008,646.867676 1007.613647,646.867676 
	C1010.526917,640.410767 1013.228027,634.424072 1016.071411,628.088379 
z"/>
</svg>