<svg version="1.1" id="Layer_1" xmlns="http://www.w3.org/2000/svg" xmlns:xlink="http://www.w3.org/1999/xlink" x="0px" y="0px"
	 width="100%" viewBox="0 0 600 600" enable-background="new 0 0 600 600" xml:space="preserve">
<path fill="#FFFFFF" opacity="1.000000" stroke="none" 
	d="
M442.000000,601.000000 
	C294.666656,601.000000 147.833328,601.000000 1.000000,601.000000 
	C1.000000,401.000000 1.000000,201.000000 1.000000,1.000000 
	C201.000000,1.000000 401.000000,1.000000 601.000000,1.000000 
	C601.000000,201.000000 601.000000,401.000000 601.000000,601.000000 
	C548.166687,601.000000 495.333344,601.000000 442.000000,601.000000 
M538.263916,351.183868 
	C538.415710,351.415527 538.615479,351.593201 539.175476,352.327789 
	C540.489990,352.783264 541.804504,353.238770 543.824890,353.710266 
	C545.197021,353.610626 546.569153,353.511017 547.870544,353.416504 
	C547.870544,348.578156 547.870544,343.795868 547.841919,338.470642 
	C547.480286,338.628510 547.118591,338.786407 546.424805,339.603027 
	C545.941040,340.786530 545.457275,341.970032 544.364441,342.730804 
	C541.027283,341.192993 538.541260,342.451111 536.860291,345.339935 
	C535.649231,347.421173 534.974365,349.714783 538.033447,350.966858 
	C538.033447,350.966858 537.936279,350.942596 538.263916,351.183868 
M227.999390,352.000641 
	C227.999390,352.000641 228.023331,352.048096 228.694534,352.474396 
	C229.061203,350.050995 230.272797,347.310303 229.520569,345.307037 
	C228.944473,343.772827 225.677750,342.104645 223.990768,342.437469 
	C222.113052,342.807953 220.669144,345.377258 218.486084,347.351501 
	C218.936050,348.906830 219.386002,350.462128 220.374405,352.563904 
	C224.627609,354.959137 225.782211,354.878510 227.999390,352.000641 
M319.999420,352.000702 
	C319.999420,352.000702 320.024353,352.047577 320.700592,352.451660 
	C323.364319,348.190155 322.840729,344.683990 319.264191,342.832764 
	C315.815826,341.047882 312.804626,342.566650 310.461731,347.367218 
	C310.918945,348.917328 311.376190,350.467407 312.364990,352.571045 
	C316.621674,354.954987 317.762634,354.874451 319.999420,352.000702 
M352.377869,344.459839 
	C352.084137,346.718750 350.856689,349.415466 351.672058,351.154327 
	C354.104095,356.341003 358.738831,353.326355 362.528534,353.270325 
	C362.528534,349.785919 362.528534,346.357574 362.528534,343.364655 
	C360.691772,342.944702 359.098419,342.098633 357.757507,342.394867 
	C356.051270,342.771881 354.549408,344.073944 353.001892,344.998993 
	C353.001892,344.998993 352.976746,344.957703 352.377869,344.459839 
M448.238831,344.797943 
	C448.638306,347.801392 449.037781,350.804840 449.437256,353.808258 
	C450.100891,353.684052 450.764496,353.559814 451.428101,353.435577 
	C450.611328,349.982422 449.794525,346.529236 448.238617,342.582245 
	C443.453400,342.582245 438.668182,342.582245 434.127106,342.582245 
	C434.127106,346.856750 434.127106,350.351471 434.127106,353.846191 
	C435.204132,351.492249 435.201691,349.014374 435.884399,346.742401 
	C436.213776,345.646240 437.832703,344.937592 438.867767,344.053528 
	C439.631317,345.116974 440.791931,346.086243 441.071350,347.264526 
	C441.571442,349.373169 441.540771,351.607666 441.731934,353.789581 
	C442.189697,353.746460 442.647430,353.703369 443.105194,353.660248 
	C443.105194,351.863892 443.026306,350.063232 443.123108,348.272125 
	C443.280426,345.361450 444.480072,343.502533 448.238831,344.797943 
M131.985382,215.401535 
	C117.859779,227.423981 118.270538,245.535370 132.924942,256.828766 
	C144.379776,265.656433 146.479889,277.683807 138.584702,289.790222 
	C137.135574,292.012268 135.353348,294.019287 133.697830,296.104065 
	C129.199448,301.768890 127.465477,308.088623 128.868896,315.271210 
	C130.121109,321.679962 133.712448,326.340271 138.826767,330.248474 
	C147.971924,337.236908 150.110229,346.315002 145.030319,355.014435 
	C135.822037,353.215210 130.218338,345.856323 130.064102,335.494659 
	C130.017212,332.345184 130.225143,329.083008 129.494125,326.072113 
	C126.822006,315.066193 117.616188,308.728699 105.184448,308.929901 
	C85.257889,309.252380 76.948463,301.263611 76.888840,281.726257 
	C76.857742,271.535675 70.617737,261.925690 61.118355,258.267120 
	C51.061108,254.393707 41.708122,256.003113 33.806370,263.457855 
	C22.113663,274.489105 23.641771,292.732605 36.880253,302.597229 
	C45.932053,309.342163 49.892731,318.013641 46.729027,327.176636 
	C44.936241,332.369049 41.636448,337.228455 38.241600,341.642761 
	C30.314093,351.950836 31.070354,365.695160 40.531048,374.038055 
	C49.854382,382.259827 64.000725,381.542389 72.499756,372.416748 
	C81.251022,363.020294 80.646240,348.974731 71.130478,339.683563 
	C69.107002,337.707855 67.032463,335.743011 65.286728,333.532135 
	C60.277138,327.187653 57.935280,320.140778 60.490768,312.087494 
	C62.315228,306.337921 63.860847,305.158936 69.003754,307.971985 
	C73.318970,310.332245 77.794548,313.725708 80.232018,317.829956 
	C82.813667,322.176971 83.536575,327.839081 84.257782,333.039642 
	C86.328941,347.974548 96.898384,356.282776 111.845093,354.260651 
	C123.799500,352.643341 132.273529,358.365723 135.172424,370.141876 
	C135.925583,373.201385 136.141830,376.396759 136.947617,379.438873 
	C139.104980,387.583679 146.230103,392.970673 154.584427,393.001526 
	C162.709274,393.031464 169.712128,387.829315 172.110413,379.946930 
	C174.525436,372.009521 171.649826,365.745605 166.171814,360.052551 
	C155.465424,348.925842 155.735855,338.392639 166.734940,327.992371 
	C176.901871,318.378906 176.948044,303.690125 166.880295,293.849426 
	C164.858902,291.873627 162.802155,289.896729 161.044724,287.694458 
	C152.252411,276.676636 153.158417,264.932251 163.438751,255.201828 
	C173.990799,245.214233 175.477097,231.025528 167.107178,220.182220 
	C159.029648,209.717743 144.760330,207.566238 131.985382,215.401535 
M233.767990,303.005768 
	C232.696732,302.006226 231.377960,301.169861 230.593994,299.980865 
	C225.104218,291.654907 219.726303,283.255188 214.309875,274.880829 
	C210.233612,268.578491 208.771667,268.063568 200.852020,270.156372 
	C200.852020,289.226990 200.852020,308.310303 200.852020,327.442688 
	C204.680786,327.442688 208.234467,327.442688 212.235992,327.442688 
	C212.235992,315.928223 212.235992,304.751221 212.235992,292.460052 
	C218.903214,302.791412 225.375473,311.864014 230.775085,321.535492 
	C234.183090,327.639709 238.473618,328.920746 244.791718,327.301758 
	C244.791718,308.163055 244.791718,288.969055 244.791718,269.632385 
	C241.085052,269.632385 237.669662,269.632385 233.819061,269.632385 
	C233.819061,280.680969 233.819061,291.468536 233.767990,303.005768 
M549.341309,277.066040 
	C549.341309,274.614197 549.341309,272.162323 549.341309,269.585907 
	C536.341553,269.585907 523.921387,269.585907 511.323120,269.585907 
	C511.323120,289.030731 511.323120,308.232269 511.323120,327.572723 
	C524.046387,327.572723 536.456970,327.572723 549.016602,327.572723 
	C549.016602,324.097229 549.016602,320.857086 549.016602,317.189941 
	C540.096802,317.189941 531.499573,317.189941 522.864441,317.189941 
	C522.864441,312.380859 522.864441,308.009827 522.864441,303.200378 
	C530.536743,303.200378 537.790527,303.200378 545.089966,303.200378 
	C545.089966,299.636322 545.089966,296.532562 545.089966,293.089264 
	C541.202576,293.089264 537.564819,293.089233 533.927063,293.089233 
	C530.164368,293.089233 526.401611,293.089264 522.756836,293.089264 
	C522.756836,288.317535 522.756836,284.228424 522.756836,279.735535 
	C530.528992,279.735535 537.994263,279.821655 545.453796,279.654053 
	C546.755981,279.624786 548.034058,278.527344 549.341309,277.066040 
M277.827972,317.898041 
	C271.446411,316.063934 269.357483,313.476379 269.113403,306.972260 
	C269.032318,304.811920 269.089264,302.646332 269.088989,300.483124 
	C269.087677,290.230988 269.088409,279.978882 269.088409,269.591125 
	C265.062531,269.591125 261.649536,269.591125 257.997253,269.591125 
	C257.997253,283.606995 257.988037,297.384491 258.020691,311.161835 
	C258.022583,311.969299 258.322510,312.787567 258.551361,313.581299 
	C261.433044,323.575378 270.773376,329.213989 282.368317,327.971802 
	C292.937683,326.839478 300.325562,318.901917 300.574036,307.733765 
	C300.840515,295.758820 300.649750,283.773407 300.614594,271.792725 
	C300.612396,271.038330 300.229675,270.285095 300.065704,269.684143 
	C296.337524,269.684143 292.914001,269.684143 289.140320,269.684143 
	C289.140320,282.301849 289.205811,294.589844 289.115875,306.876648 
	C289.061615,314.286591 286.123413,317.263245 277.827972,317.898041 
M410.641663,327.793915 
	C416.018768,328.857544 419.097626,326.660736 419.806610,321.241302 
	C420.250580,317.847992 422.265717,316.935333 425.387177,317.298218 
	C427.028137,317.489044 428.709625,317.331757 430.372803,317.331757 
	C441.063721,317.331757 441.061523,317.332642 444.955963,326.866302 
	C445.072296,327.151123 445.345520,327.371857 445.571350,327.654724 
	C449.182831,327.654724 452.813721,327.654724 457.002991,327.654724 
	C449.868500,308.079742 442.844025,288.806671 435.871399,269.675842 
	C426.919067,268.857971 426.923035,268.859406 424.162292,276.475037 
	C421.224121,284.580017 418.264954,292.677399 415.337830,300.786377 
	C412.147339,309.625061 408.983124,318.473267 405.703339,327.607269 
	C407.474823,327.688568 408.622040,327.741211 410.641663,327.793915 
M313.100677,324.539124 
	C322.437073,329.075195 331.990479,329.746552 341.489105,325.389679 
	C348.464172,322.190277 351.772003,315.280548 350.687469,307.647125 
	C349.559082,299.705261 345.381165,295.464355 337.102478,293.957092 
	C333.996338,293.391571 330.850830,293.037598 327.751312,292.441528 
	C323.999420,291.720062 320.935455,289.946350 321.334198,285.592010 
	C321.727570,281.296631 324.794495,278.894806 328.849213,279.137115 
	C333.483673,279.414062 338.057739,280.702301 342.244385,281.474792 
	C344.351746,279.729584 346.748474,277.744720 349.391968,275.555481 
	C340.116241,268.122223 330.297913,267.052856 319.972015,271.123352 
	C313.233459,273.779724 309.583862,280.733917 310.192566,288.117371 
	C310.823822,295.775055 314.718475,300.276062 322.698181,302.239563 
	C325.755157,302.991852 328.893250,303.499084 332.024536,303.844299 
	C336.322998,304.318298 339.451263,305.928406 339.532379,310.772583 
	C339.600586,314.845428 336.705536,317.922943 331.448242,317.694763 
	C325.899231,317.453949 320.411438,315.803101 314.318573,314.659729 
	C312.896942,316.030609 310.552643,318.291260 308.030243,320.723663 
	C309.606018,321.926025 311.050476,323.028137 313.100677,324.539124 
M359.514984,293.803925 
	C359.633850,298.624939 359.862427,303.446228 359.851929,308.266968 
	C359.814026,325.649933 379.615753,332.957825 392.846985,324.925385 
	C398.409485,321.548492 401.120941,316.350128 402.180847,309.745911 
	C399.019867,309.745911 396.460938,309.405304 394.055786,309.866577 
	C392.473694,310.170013 390.563232,311.297363 389.756409,312.633453 
	C387.293732,316.711517 383.857422,318.456055 379.308929,317.821198 
	C374.573486,317.160217 371.666656,314.023651 371.409210,309.463593 
	C370.997681,302.173431 371.000824,294.824768 371.423431,287.535339 
	C371.688965,282.954895 374.673462,279.881805 379.388397,279.240417 
	C383.947662,278.620270 387.346863,280.445892 389.798981,284.510193 
	C390.599152,285.836426 392.553345,286.927490 394.142792,287.210510 
	C396.649048,287.656830 399.293091,287.329254 401.932678,287.329254 
	C400.496094,277.260101 394.534515,270.951965 385.357635,269.242310 
	C376.253784,267.546265 366.185730,271.328400 362.567078,278.934265 
	C360.579407,283.112091 360.511749,288.203430 359.514984,293.803925 
M493.417847,317.325653 
	C487.632294,317.325653 481.846710,317.325653 475.462036,317.325653 
	C475.462036,301.087891 475.462036,285.367462 475.462036,269.578949 
	C471.410614,269.578949 467.973816,269.578949 464.365417,269.578949 
	C464.365417,289.039246 464.365417,308.244934 464.365417,327.569519 
	C476.951569,327.569519 489.207397,327.569519 501.631958,327.569519 
	C501.631958,324.111298 501.631958,320.907135 501.631958,317.325684 
	C498.998413,317.325684 496.692200,317.325684 493.417847,317.325653 
M248.503448,349.147308 
	C247.332596,347.096069 246.161758,345.044830 244.779526,342.623260 
	C243.495483,345.214203 242.511017,347.200684 241.350037,349.543304 
	C239.885483,347.004272 238.657898,344.876099 237.430313,342.747925 
	C237.139694,342.899780 236.849091,343.051666 236.558472,343.203552 
	C237.977692,346.692322 239.396896,350.181061 241.103531,354.376343 
	C242.625916,351.375244 243.629196,349.397491 244.985031,346.724731 
	C246.343338,349.466125 247.358902,351.515808 248.788330,354.400787 
	C250.615509,350.013855 252.076904,346.505157 253.772552,342.434021 
	C252.598862,342.827820 252.154572,342.839691 252.053375,343.032074 
	C251.058701,344.923035 250.121078,346.844025 248.503448,349.147308 
M457.785797,347.691345 
	C458.604523,353.284119 458.604523,353.284119 469.567871,353.345734 
	C469.567871,349.909424 469.567871,346.475311 469.567871,343.050049 
	C465.054962,343.002441 459.731415,339.948425 457.785797,347.691345 
M260.647736,351.902679 
	C262.154938,345.857849 267.572113,349.640137 271.078796,347.858643 
	C270.576355,343.821808 268.218262,341.958649 264.415070,342.309570 
	C260.449646,342.675476 258.989410,346.123413 260.647736,351.902679 
M398.567413,340.172089 
	C398.567413,344.457611 398.567413,348.743164 398.567413,353.028687 
	C399.050293,353.021606 399.533203,353.014526 400.016083,353.007446 
	C400.016083,350.038849 400.016083,347.070251 400.016083,344.148346 
	C405.078003,344.030609 405.078003,344.030609 408.329559,353.675995 
	C408.541290,350.311646 408.640198,346.772095 407.377930,343.813202 
	C406.862183,342.604156 403.399567,342.652222 400.314728,341.890717 
	C400.473083,342.450836 400.387726,341.639771 400.017181,340.991791 
	C399.694244,340.427032 399.049530,340.046295 398.567413,340.172089 
M208.803741,346.678741 
	C209.779465,344.868958 212.001465,342.546295 211.505890,341.341949 
	C209.759796,337.098663 205.825272,338.716644 202.711243,338.826599 
	C202.711243,344.035370 202.711243,348.919281 202.711243,353.803162 
	C203.047729,353.801575 203.384216,353.799988 203.720703,353.798401 
	C203.913345,351.596191 204.106003,349.393951 204.301926,347.154236 
	C205.696762,347.046204 206.844849,346.957275 208.803741,346.678741 
M424.786285,352.862274 
	C425.330566,349.536041 425.874847,346.209808 426.419128,342.883606 
	C425.746399,342.805878 425.073700,342.728149 424.400970,342.650421 
	C424.311096,344.488708 424.589661,346.451172 424.024017,348.129059 
	C423.496399,349.694275 422.071472,350.957001 421.041504,352.352875 
	C419.989868,350.977264 418.573883,349.740082 417.984650,348.188843 
	C417.340363,346.492737 417.460571,344.506226 417.247589,342.646301 
	C414.688049,350.776855 416.655212,356.513275 424.786285,352.862274 
M494.904755,350.081421 
	C494.990112,351.278015 495.075500,352.474609 495.160858,353.671204 
	C495.422058,353.691895 495.683258,353.712616 495.944458,353.733337 
	C496.287994,352.574951 496.631561,351.416565 497.019958,350.107086 
	C498.131989,350.674957 499.166748,351.203339 500.182037,351.721771 
	C499.695526,349.555878 499.266205,347.644501 498.737274,345.289642 
	C498.727600,345.291229 497.783356,345.447052 496.811920,345.607330 
	C496.548401,342.966370 496.322021,340.697510 496.095642,338.428650 
	C495.698669,338.459778 495.301666,338.490906 494.904694,338.522064 
	C494.904694,342.079742 494.904694,345.637451 494.904755,350.081421 
M300.586395,348.449066 
	C300.586395,350.202026 300.586395,351.954987 300.586395,353.707947 
	C300.947174,353.680054 301.307922,353.652161 301.668701,353.624268 
	C302.308685,348.458496 302.948669,343.292725 303.682495,337.369690 
	C302.534363,338.381775 300.983521,339.082367 300.831787,340.011505 
	C300.428009,342.483337 300.627136,345.053680 300.586395,348.449066 
M328.960480,351.203369 
	C329.210724,352.109833 329.460968,353.016296 329.829315,354.350525 
	C331.120972,349.902588 332.223480,346.106018 333.312866,342.354645 
	C332.544495,342.472382 330.786530,342.741791 328.958862,343.021851 
	C328.958862,345.691254 328.958862,348.000092 328.960480,351.203369 
M380.846466,342.777283 
	C380.711609,341.282867 380.576752,339.788452 380.441895,338.294037 
	C380.090149,338.334137 379.738434,338.374207 379.386688,338.414276 
	C379.386688,343.506165 379.386688,348.598022 379.386688,353.689880 
	C379.873260,353.703674 380.359833,353.717438 380.846405,353.731232 
	C380.846405,350.388672 380.846405,347.046112 380.846466,342.777283 
M369.958893,347.422119 
	C370.067993,349.549316 370.177124,351.676514 370.286224,353.803680 
	C370.643127,353.760956 371.000000,353.718231 371.356873,353.675507 
	C371.356873,348.578064 371.356873,343.480591 371.356873,338.383148 
	C370.890869,338.375824 370.424866,338.368500 369.958862,338.361145 
	C369.958862,341.066284 369.958862,343.771393 369.958893,347.422119 
z"/>
<path fill="#02168A" opacity="1.000000" stroke="none" 
	d="
M132.284744,215.189240 
	C144.760330,207.566238 159.029648,209.717743 167.107178,220.182220 
	C175.477097,231.025528 173.990799,245.214233 163.438751,255.201828 
	C153.158417,264.932251 152.252411,276.676636 161.044724,287.694458 
	C162.802155,289.896729 164.858902,291.873627 166.880295,293.849426 
	C176.948044,303.690125 176.901871,318.378906 166.734940,327.992371 
	C155.735855,338.392639 155.465424,348.925842 166.171814,360.052551 
	C171.649826,365.745605 174.525436,372.009521 172.110413,379.946930 
	C169.712128,387.829315 162.709274,393.031464 154.584427,393.001526 
	C146.230103,392.970673 139.104980,387.583679 136.947617,379.438873 
	C136.141830,376.396759 135.925583,373.201385 135.172424,370.141876 
	C132.273529,358.365723 123.799500,352.643341 111.845093,354.260651 
	C96.898384,356.282776 86.328941,347.974548 84.257782,333.039642 
	C83.536575,327.839081 82.813667,322.176971 80.232018,317.829956 
	C77.794548,313.725708 73.318970,310.332245 69.003754,307.971985 
	C63.860847,305.158936 62.315228,306.337921 60.490768,312.087494 
	C57.935280,320.140778 60.277138,327.187653 65.286728,333.532135 
	C67.032463,335.743011 69.107002,337.707855 71.130478,339.683563 
	C80.646240,348.974731 81.251022,363.020294 72.499756,372.416748 
	C64.000725,381.542389 49.854382,382.259827 40.531048,374.038055 
	C31.070354,365.695160 30.314093,351.950836 38.241600,341.642761 
	C41.636448,337.228455 44.936241,332.369049 46.729027,327.176636 
	C49.892731,318.013641 45.932053,309.342163 36.880253,302.597229 
	C23.641771,292.732605 22.113663,274.489105 33.806370,263.457855 
	C41.708122,256.003113 51.061108,254.393707 61.118355,258.267120 
	C70.617737,261.925690 76.857742,271.535675 76.888840,281.726257 
	C76.948463,301.263611 85.257889,309.252380 105.184448,308.929901 
	C117.616188,308.728699 126.822006,315.066193 129.494125,326.072113 
	C130.225143,329.083008 130.017212,332.345184 130.064102,335.494659 
	C130.218338,345.856323 135.822037,353.215210 145.030319,355.014435 
	C150.110229,346.315002 147.971924,337.236908 138.826767,330.248474 
	C133.712448,326.340271 130.121109,321.679962 128.868896,315.271210 
	C127.465477,308.088623 129.199448,301.768890 133.697830,296.104065 
	C135.353348,294.019287 137.135574,292.012268 138.584702,289.790222 
	C146.479889,277.683807 144.379776,265.656433 132.924942,256.828766 
	C118.270538,245.535370 117.859779,227.423981 132.284744,215.189240 
z"/>
<path fill="#04178B" opacity="1.000000" stroke="none" 
	d="
M233.793518,302.630920 
	C233.819061,291.468536 233.819061,280.680969 233.819061,269.632385 
	C237.669662,269.632385 241.085052,269.632385 244.791718,269.632385 
	C244.791718,288.969055 244.791718,308.163055 244.791718,327.301758 
	C238.473618,328.920746 234.183090,327.639709 230.775085,321.535492 
	C225.375473,311.864014 218.903214,302.791412 212.235992,292.460052 
	C212.235992,304.751221 212.235992,315.928223 212.235992,327.442688 
	C208.234467,327.442688 204.680786,327.442688 200.852020,327.442688 
	C200.852020,308.310303 200.852020,289.226990 200.852020,270.156372 
	C208.771667,268.063568 210.233612,268.578491 214.309875,274.880829 
	C219.726303,283.255188 225.104218,291.654907 230.593994,299.980865 
	C231.377960,301.169861 232.696732,302.006226 233.793518,302.630920 
z"/>
<path fill="#0A1D8E" opacity="1.000000" stroke="none" 
	d="
M549.332275,277.494659 
	C548.034058,278.527344 546.755981,279.624786 545.453796,279.654053 
	C537.994263,279.821655 530.528992,279.735535 522.756836,279.735535 
	C522.756836,284.228424 522.756836,288.317535 522.756836,293.089264 
	C526.401611,293.089264 530.164368,293.089233 533.927063,293.089233 
	C537.564819,293.089233 541.202576,293.089264 545.089966,293.089264 
	C545.089966,296.532562 545.089966,299.636322 545.089966,303.200378 
	C537.790527,303.200378 530.536743,303.200378 522.864441,303.200378 
	C522.864441,308.009827 522.864441,312.380859 522.864441,317.189941 
	C531.499573,317.189941 540.096802,317.189941 549.016602,317.189941 
	C549.016602,320.857086 549.016602,324.097229 549.016602,327.572723 
	C536.456970,327.572723 524.046387,327.572723 511.323120,327.572723 
	C511.323120,308.232269 511.323120,289.030731 511.323120,269.585907 
	C523.921387,269.585907 536.341553,269.585907 549.341309,269.585907 
	C549.341309,272.162323 549.341309,274.614197 549.332275,277.494659 
z"/>
<path fill="#081B8D" opacity="1.000000" stroke="none" 
	d="
M278.225677,317.920593 
	C286.123413,317.263245 289.061615,314.286591 289.115875,306.876648 
	C289.205811,294.589844 289.140320,282.301849 289.140320,269.684143 
	C292.914001,269.684143 296.337524,269.684143 300.065704,269.684143 
	C300.229675,270.285095 300.612396,271.038330 300.614594,271.792725 
	C300.649750,283.773407 300.840515,295.758820 300.574036,307.733765 
	C300.325562,318.901917 292.937683,326.839478 282.368317,327.971802 
	C270.773376,329.213989 261.433044,323.575378 258.551361,313.581299 
	C258.322510,312.787567 258.022583,311.969299 258.020691,311.161835 
	C257.988037,297.384491 257.997253,283.606995 257.997253,269.591125 
	C261.649536,269.591125 265.062531,269.591125 269.088409,269.591125 
	C269.088409,279.978882 269.087677,290.230988 269.088989,300.483124 
	C269.089264,302.646332 269.032318,304.811920 269.113403,306.972260 
	C269.357483,313.476379 271.446411,316.063934 278.225677,317.920593 
z"/>
<path fill="#071A8C" opacity="1.000000" stroke="none" 
	d="
M410.205444,327.793884 
	C408.622040,327.741211 407.474823,327.688568 405.703339,327.607269 
	C408.983124,318.473267 412.147339,309.625061 415.337830,300.786377 
	C418.264954,292.677399 421.224121,284.580017 424.162292,276.475037 
	C426.923035,268.859406 426.919067,268.857971 435.871399,269.675842 
	C442.844025,288.806671 449.868500,308.079742 457.002991,327.654724 
	C452.813721,327.654724 449.182831,327.654724 445.571350,327.654724 
	C445.345520,327.371857 445.072296,327.151123 444.955963,326.866302 
	C441.061523,317.332642 441.063721,317.331757 430.372803,317.331757 
	C428.709625,317.331757 427.028137,317.489044 425.387177,317.298218 
	C422.265717,316.935333 420.250580,317.847992 419.806610,321.241302 
	C419.097626,326.660736 416.018768,328.857544 410.205444,327.793884 
M437.448914,304.259125 
	C435.577850,298.734589 433.706787,293.210083 431.510712,286.726013 
	C428.928406,294.307495 426.709564,300.821930 424.314880,307.852570 
	C428.720703,307.852570 432.361267,307.993988 435.971375,307.725494 
	C436.641174,307.675690 437.188110,305.974274 437.448914,304.259125 
z"/>
<path fill="#071A8C" opacity="1.000000" stroke="none" 
	d="
M312.797791,324.334717 
	C311.050476,323.028137 309.606018,321.926025 308.030243,320.723663 
	C310.552643,318.291260 312.896942,316.030609 314.318573,314.659729 
	C320.411438,315.803101 325.899231,317.453949 331.448242,317.694763 
	C336.705536,317.922943 339.600586,314.845428 339.532379,310.772583 
	C339.451263,305.928406 336.322998,304.318298 332.024536,303.844299 
	C328.893250,303.499084 325.755157,302.991852 322.698181,302.239563 
	C314.718475,300.276062 310.823822,295.775055 310.192566,288.117371 
	C309.583862,280.733917 313.233459,273.779724 319.972015,271.123352 
	C330.297913,267.052856 340.116241,268.122223 349.391968,275.555481 
	C346.748474,277.744720 344.351746,279.729584 342.244385,281.474792 
	C338.057739,280.702301 333.483673,279.414062 328.849213,279.137115 
	C324.794495,278.894806 321.727570,281.296631 321.334198,285.592010 
	C320.935455,289.946350 323.999420,291.720062 327.751312,292.441528 
	C330.850830,293.037598 333.996338,293.391571 337.102478,293.957092 
	C345.381165,295.464355 349.559082,299.705261 350.687469,307.647125 
	C351.772003,315.280548 348.464172,322.190277 341.489105,325.389679 
	C331.990479,329.746552 322.437073,329.075195 312.797791,324.334717 
z"/>
<path fill="#06198C" opacity="1.000000" stroke="none" 
	d="
M359.546661,293.343384 
	C360.511749,288.203430 360.579407,283.112091 362.567078,278.934265 
	C366.185730,271.328400 376.253784,267.546265 385.357635,269.242310 
	C394.534515,270.951965 400.496094,277.260101 401.932678,287.329254 
	C399.293091,287.329254 396.649048,287.656830 394.142792,287.210510 
	C392.553345,286.927490 390.599152,285.836426 389.798981,284.510193 
	C387.346863,280.445892 383.947662,278.620270 379.388397,279.240417 
	C374.673462,279.881805 371.688965,282.954895 371.423431,287.535339 
	C371.000824,294.824768 370.997681,302.173431 371.409210,309.463593 
	C371.666656,314.023651 374.573486,317.160217 379.308929,317.821198 
	C383.857422,318.456055 387.293732,316.711517 389.756409,312.633453 
	C390.563232,311.297363 392.473694,310.170013 394.055786,309.866577 
	C396.460938,309.405304 399.019867,309.745911 402.180847,309.745911 
	C401.120941,316.350128 398.409485,321.548492 392.846985,324.925385 
	C379.615753,332.957825 359.814026,325.649933 359.851929,308.266968 
	C359.862427,303.446228 359.633850,298.624939 359.546661,293.343384 
z"/>
<path fill="#0F2290" opacity="1.000000" stroke="none" 
	d="
M493.901917,317.325684 
	C496.692200,317.325684 498.998413,317.325684 501.631958,317.325684 
	C501.631958,320.907135 501.631958,324.111298 501.631958,327.569519 
	C489.207397,327.569519 476.951569,327.569519 464.365417,327.569519 
	C464.365417,308.244934 464.365417,289.039246 464.365417,269.578949 
	C467.973816,269.578949 471.410614,269.578949 475.462036,269.578949 
	C475.462036,285.367462 475.462036,301.087891 475.462036,317.325653 
	C481.846710,317.325653 487.632294,317.325653 493.901917,317.325684 
z"/>
<path fill="#30409F" opacity="1.000000" stroke="none" 
	d="
M248.835358,348.951904 
	C250.121078,346.844025 251.058701,344.923035 252.053375,343.032074 
	C252.154572,342.839691 252.598862,342.827820 253.772552,342.434021 
	C252.076904,346.505157 250.615509,350.013855 248.788330,354.400787 
	C247.358902,351.515808 246.343338,349.466125 244.985031,346.724731 
	C243.629196,349.397491 242.625916,351.375244 241.103531,354.376343 
	C239.396896,350.181061 237.977692,346.692322 236.558472,343.203552 
	C236.849091,343.051666 237.139694,342.899780 237.430313,342.747925 
	C238.657898,344.876099 239.885483,347.004272 241.350037,349.543304 
	C242.511017,347.200684 243.495483,345.214203 244.779526,342.623260 
	C246.161758,345.044830 247.332596,347.096069 248.835358,348.951904 
z"/>
<path fill="#30409F" opacity="1.000000" stroke="none" 
	d="
M457.825317,347.337036 
	C459.731415,339.948425 465.054962,343.002441 469.567871,343.050049 
	C469.567871,346.475311 469.567871,349.909424 469.567871,353.345734 
	C458.604523,353.284119 458.604523,353.284119 457.825317,347.337036 
M467.161530,350.839722 
	C466.965820,348.898743 467.243195,346.699799 466.382629,345.121277 
	C465.925201,344.282227 463.211731,343.900818 462.036316,344.441864 
	C460.851654,344.987152 459.731812,346.876404 459.601196,348.272034 
	C459.273834,351.769531 462.390045,353.103271 467.161530,350.839722 
z"/>
<path fill="#1E3097" opacity="1.000000" stroke="none" 
	d="
M260.371582,351.776672 
	C258.989410,346.123413 260.449646,342.675476 264.415070,342.309570 
	C268.218262,341.958649 270.576355,343.821808 271.078796,347.858643 
	C267.572113,349.640137 262.154938,345.857849 260.371582,351.776672 
z"/>
<path fill="#4150A7" opacity="1.000000" stroke="none" 
	d="
M398.557220,339.878174 
	C399.049530,340.046295 399.694244,340.427032 400.017181,340.991791 
	C400.387726,341.639771 400.473083,342.450836 400.314728,341.890717 
	C403.399567,342.652222 406.862183,342.604156 407.377930,343.813202 
	C408.640198,346.772095 408.541290,350.311646 408.329559,353.675995 
	C405.078003,344.030609 405.078003,344.030609 400.016083,344.148346 
	C400.016083,347.070251 400.016083,350.038849 400.016083,353.007446 
	C399.533203,353.014526 399.050293,353.021606 398.567413,353.028687 
	C398.567413,348.743164 398.567413,344.457611 398.557220,339.878174 
z"/>
<path fill="#30409F" opacity="1.000000" stroke="none" 
	d="
M447.810394,344.098206 
	C444.480072,343.502533 443.280426,345.361450 443.123108,348.272125 
	C443.026306,350.063232 443.105194,351.863892 443.105194,353.660248 
	C442.647430,353.703369 442.189697,353.746460 441.731934,353.789581 
	C441.540771,351.607666 441.571442,349.373169 441.071350,347.264526 
	C440.791931,346.086243 439.631317,345.116974 438.867737,344.053528 
	C437.832703,344.937592 436.213776,345.646240 435.884399,346.742401 
	C435.201691,349.014374 435.204132,351.492249 434.127106,353.846191 
	C434.127106,350.351471 434.127106,346.856750 434.127106,342.582245 
	C438.668182,342.582245 443.453400,342.582245 448.479218,343.064636 
	C448.416687,343.730774 448.113525,343.914490 447.810394,344.098206 
z"/>
<path fill="#30409F" opacity="1.000000" stroke="none" 
	d="
M352.959412,344.977234 
	C354.549408,344.073944 356.051270,342.771881 357.757507,342.394867 
	C359.098419,342.098633 360.691772,342.944702 362.528534,343.364655 
	C362.528534,346.357574 362.528534,349.785919 362.528534,353.270325 
	C358.738831,353.326355 354.104095,356.341003 351.672058,351.154327 
	C350.856689,349.415466 352.084137,346.718750 352.728943,345.136475 
	C352.073120,348.630463 352.284332,351.265411 355.463287,352.202667 
	C356.775970,352.589691 359.526886,351.841949 359.877258,350.935364 
	C360.517456,349.278809 360.487610,345.874054 359.609039,345.429871 
	C357.783020,344.506622 355.219666,345.041626 352.959412,344.977234 
z"/>
<path fill="#30409F" opacity="1.000000" stroke="none" 
	d="
M208.398346,346.773560 
	C206.844849,346.957275 205.696762,347.046204 204.301926,347.154236 
	C204.106003,349.393951 203.913345,351.596191 203.720703,353.798401 
	C203.384216,353.799988 203.047729,353.801575 202.711243,353.803162 
	C202.711243,348.919281 202.711243,344.035370 202.711243,338.826599 
	C205.825272,338.716644 209.759796,337.098663 211.505890,341.341949 
	C212.001465,342.546295 209.779465,344.868958 208.398346,346.773560 
M206.301880,340.199127 
	C205.328094,341.471039 204.354309,342.742981 203.380524,344.014893 
	C203.839767,344.517212 204.299011,345.019531 204.758255,345.521851 
	C206.476196,344.803284 208.194138,344.084717 209.912079,343.366180 
	C208.982834,342.315857 208.053589,341.265533 206.301880,340.199127 
z"/>
<path fill="#F0F1F8" opacity="1.000000" stroke="none" 
	d="
M311.833405,352.017517 
	C311.376190,350.467407 310.918945,348.917328 311.101807,347.170715 
	C313.957306,346.091949 316.128021,344.851685 318.417877,344.565826 
	C319.030945,344.489288 320.257782,347.253082 320.721069,348.852509 
	C320.987701,349.773010 320.288696,350.973267 320.024353,352.047577 
	C320.024353,352.047577 319.999420,352.000702 319.683075,351.888672 
	C317.046478,351.650238 314.726257,351.523895 312.007874,351.375885 
	C312.156769,350.828278 311.995087,351.422882 311.833405,352.017517 
z"/>
<path fill="#F0F1F8" opacity="1.000000" stroke="none" 
	d="
M219.835968,352.017456 
	C219.386002,350.462128 218.936050,348.906830 219.129120,347.157410 
	C221.981384,346.084991 224.146515,344.845642 226.428970,344.566895 
	C227.046265,344.491516 228.270554,347.252167 228.731369,348.850830 
	C228.996918,349.772034 228.291641,350.973022 228.023331,352.048096 
	C228.023331,352.048096 227.999390,352.000641 227.681702,351.895203 
	C225.041534,351.652313 222.719040,351.514862 220.012161,351.354645 
	C220.153214,350.824127 219.994583,351.420776 219.835968,352.017456 
z"/>
<path fill="#F0F1F8" opacity="1.000000" stroke="none" 
	d="
M543.119019,353.694244 
	C541.804504,353.238770 540.489990,352.783264 538.848267,351.913391 
	C538.263428,351.379456 538.068542,351.193970 537.936279,350.942596 
	C537.936279,350.942596 538.033447,350.966858 537.972412,350.605774 
	C538.364746,344.327698 539.207153,343.623352 544.942017,344.848511 
	C548.221375,348.889130 544.881287,351.102966 543.119019,353.694244 
z"/>
<path fill="#4150A7" opacity="1.000000" stroke="none" 
	d="
M424.479675,353.100525 
	C416.655212,356.513275 414.688049,350.776855 417.247589,342.646301 
	C417.460571,344.506226 417.340363,346.492737 417.984650,348.188843 
	C418.573883,349.740082 419.989868,350.977264 421.041504,352.352875 
	C422.071472,350.957001 423.496399,349.694275 424.024017,348.129059 
	C424.589661,346.451172 424.311096,344.488708 424.400970,342.650421 
	C425.073700,342.728149 425.746399,342.805878 426.419128,342.883606 
	C425.874847,346.209808 425.330566,349.536041 424.479675,353.100525 
z"/>
<path fill="#1E3097" opacity="1.000000" stroke="none" 
	d="
M494.904724,349.638275 
	C494.904694,345.637451 494.904694,342.079742 494.904694,338.522064 
	C495.301666,338.490906 495.698669,338.459778 496.095642,338.428650 
	C496.322021,340.697510 496.548401,342.966370 496.811920,345.607330 
	C497.783356,345.447052 498.727600,345.291229 498.737274,345.289642 
	C499.266205,347.644501 499.695526,349.555878 500.182037,351.721771 
	C499.166748,351.203339 498.131989,350.674957 497.019958,350.107086 
	C496.631561,351.416565 496.287994,352.574951 495.944458,353.733337 
	C495.683258,353.712616 495.422058,353.691895 495.160858,353.671204 
	C495.075500,352.474609 494.990112,351.278015 494.904724,349.638275 
z"/>
<path fill="#1E3097" opacity="1.000000" stroke="none" 
	d="
M300.586456,348.016968 
	C300.627136,345.053680 300.428009,342.483337 300.831787,340.011505 
	C300.983521,339.082367 302.534363,338.381775 303.682495,337.369690 
	C302.948669,343.292725 302.308685,348.458496 301.668701,353.624268 
	C301.307922,353.652161 300.947174,353.680054 300.586395,353.707947 
	C300.586395,351.954987 300.586395,350.202026 300.586456,348.016968 
z"/>
<path fill="#30409F" opacity="1.000000" stroke="none" 
	d="
M320.362488,352.249634 
	C320.288696,350.973267 320.987701,349.773010 320.721069,348.852509 
	C320.257782,347.253082 319.030945,344.489288 318.417877,344.565826 
	C316.128021,344.851685 313.957306,346.091949 311.372986,346.986542 
	C312.804626,342.566650 315.815826,341.047882 319.264191,342.832764 
	C322.840729,344.683990 323.364319,348.190155 320.362488,352.249634 
z"/>
<path fill="#30409F" opacity="1.000000" stroke="none" 
	d="
M228.358932,352.261230 
	C228.291641,350.973022 228.996918,349.772034 228.731369,348.850830 
	C228.270554,347.252167 227.046265,344.491516 226.428970,344.566895 
	C224.146515,344.845642 221.981384,346.084991 219.404266,346.976349 
	C220.669144,345.377258 222.113052,342.807953 223.990768,342.437469 
	C225.677750,342.104645 228.944473,343.772827 229.520569,345.307037 
	C230.272797,347.310303 229.061203,350.050995 228.358932,352.261230 
z"/>
<path fill="#30409F" opacity="1.000000" stroke="none" 
	d="
M543.471924,353.702271 
	C544.881287,351.102966 548.221375,348.889130 545.023560,344.502136 
	C544.913330,343.624023 544.943481,343.388794 544.973572,343.153564 
	C545.457275,341.970032 545.941040,340.786530 546.869324,339.296844 
	C547.499390,338.998291 547.684937,339.005920 547.870544,339.013580 
	C547.870544,343.795868 547.870544,348.578156 547.870544,353.416504 
	C546.569153,353.511017 545.197021,353.610626 543.471924,353.702271 
z"/>
<path fill="#4150A7" opacity="1.000000" stroke="none" 
	d="
M328.959656,350.756134 
	C328.958862,348.000092 328.958862,345.691254 328.958862,343.021851 
	C330.786530,342.741791 332.544495,342.472382 333.312866,342.354645 
	C332.223480,346.106018 331.120972,349.902588 329.829315,354.350525 
	C329.460968,353.016296 329.210724,352.109833 328.959656,350.756134 
z"/>
<path fill="#4150A7" opacity="1.000000" stroke="none" 
	d="
M380.846436,343.240417 
	C380.846405,347.046112 380.846405,350.388672 380.846405,353.731232 
	C380.359833,353.717438 379.873260,353.703674 379.386688,353.689880 
	C379.386688,348.598022 379.386688,343.506165 379.386688,338.414276 
	C379.738434,338.374207 380.090149,338.334137 380.441895,338.294037 
	C380.576752,339.788452 380.711609,341.282867 380.846436,343.240417 
z"/>
<path fill="#4150A7" opacity="1.000000" stroke="none" 
	d="
M369.958862,346.949310 
	C369.958862,343.771393 369.958862,341.066284 369.958862,338.361145 
	C370.424866,338.368500 370.890869,338.375824 371.356873,338.383148 
	C371.356873,343.480591 371.356873,348.578064 371.356873,353.675507 
	C371.000000,353.718231 370.643127,353.760956 370.286224,353.803680 
	C370.177124,351.676514 370.067993,349.549316 369.958862,346.949310 
z"/>
<path fill="#4150A7" opacity="1.000000" stroke="none" 
	d="
M544.669006,342.942200 
	C544.943481,343.388794 544.913330,343.624023 544.801636,344.205627 
	C539.207153,343.623352 538.364746,344.327698 537.975708,350.655762 
	C534.974365,349.714783 535.649231,347.421173 536.860291,345.339935 
	C538.541260,342.451111 541.027283,341.192993 544.669006,342.942200 
z"/>
<path fill="#4150A7" opacity="1.000000" stroke="none" 
	d="
M448.024597,344.448059 
	C448.113525,343.914490 448.416687,343.730774 448.848785,343.311554 
	C449.794525,346.529236 450.611328,349.982422 451.428101,353.435577 
	C450.764496,353.559814 450.100891,353.684052 449.437256,353.808258 
	C449.037781,350.804840 448.638306,347.801392 448.024597,344.448059 
z"/>
<path fill="#30409F" opacity="1.000000" stroke="none" 
	d="
M220.105194,352.290680 
	C219.994583,351.420776 220.153214,350.824127 220.012161,351.354645 
	C222.719040,351.514862 225.041534,351.652313 227.704346,351.909027 
	C225.782211,354.878510 224.627609,354.959137 220.105194,352.290680 
z"/>
<path fill="#30409F" opacity="1.000000" stroke="none" 
	d="
M312.099182,352.294281 
	C311.995087,351.422882 312.156769,350.828278 312.007874,351.375885 
	C314.726257,351.523895 317.046478,351.650238 319.705414,351.902893 
	C317.762634,354.874451 316.621674,354.954987 312.099182,352.294281 
z"/>
<path fill="#4150A7" opacity="1.000000" stroke="none" 
	d="
M547.856201,338.742126 
	C547.684937,339.005920 547.499390,338.998291 547.035400,338.967468 
	C547.118591,338.786407 547.480286,338.628510 547.856201,338.742126 
z"/>
<path fill="#4150A7" opacity="1.000000" stroke="none" 
	d="
M538.100098,351.063232 
	C538.068542,351.193970 538.263428,351.379456 538.692139,351.607971 
	C538.615479,351.593201 538.415710,351.415527 538.100098,351.063232 
z"/>
<path fill="#F0F1F8" opacity="1.000000" stroke="none" 
	d="
M437.620361,304.647095 
	C437.188110,305.974274 436.641174,307.675690 435.971375,307.725494 
	C432.361267,307.993988 428.720703,307.852570 424.314880,307.852570 
	C426.709564,300.821930 428.928406,294.307495 431.510712,286.726013 
	C433.706787,293.210083 435.577850,298.734589 437.620361,304.647095 
z"/>
<path fill="#F0F1F8" opacity="1.000000" stroke="none" 
	d="
M466.914856,351.183350 
	C462.390045,353.103271 459.273834,351.769531 459.601196,348.272034 
	C459.731812,346.876404 460.851654,344.987152 462.036316,344.441864 
	C463.211731,343.900818 465.925201,344.282227 466.382629,345.121277 
	C467.243195,346.699799 466.965820,348.898743 466.914856,351.183350 
z"/>
<path fill="#F0F1F8" opacity="1.000000" stroke="none" 
	d="
M352.980652,344.988098 
	C355.219666,345.041626 357.783020,344.506622 359.609039,345.429871 
	C360.487610,345.874054 360.517456,349.278809 359.877258,350.935364 
	C359.526886,351.841949 356.775970,352.589691 355.463287,352.202667 
	C352.284332,351.265411 352.073120,348.630463 353.028381,345.385437 
	C352.976746,344.957703 353.001892,344.998993 352.980652,344.988098 
z"/>
<path fill="#F0F1F8" opacity="1.000000" stroke="none" 
	d="
M206.713104,340.207153 
	C208.053589,341.265533 208.982834,342.315857 209.912079,343.366180 
	C208.194138,344.084717 206.476196,344.803284 204.758255,345.521851 
	C204.299011,345.019531 203.839767,344.517212 203.380524,344.014893 
	C204.354309,342.742981 205.328094,341.471039 206.713104,340.207153 
z"/>
</svg>