<svg version="1.1" id="Layer_1" xmlns="http://www.w3.org/2000/svg" xmlns:xlink="http://www.w3.org/1999/xlink" x="0px" y="0px"
	 width="100%" viewBox="0 0 644 342" enable-background="new 0 0 644 342" xml:space="preserve">
<path fill="#FEFEFE" opacity="1.000000" stroke="none" 
	d="
M490.000000,343.000000 
	C326.666718,343.000000 163.833405,343.000000 1.000087,343.000000 
	C1.000058,229.000061 1.000058,115.000130 1.000029,1.000149 
	C215.666550,1.000099 430.333099,1.000099 644.999756,1.000050 
	C644.999817,114.999855 644.999817,228.999710 644.999878,342.999786 
	C593.500000,343.000000 542.000000,343.000000 490.000000,343.000000 
M557.448730,144.759460 
	C557.945312,141.149445 558.848083,137.542053 558.871399,133.928986 
	C559.007935,112.782448 559.131470,91.632225 558.872009,70.487999 
	C558.695862,56.132130 552.832703,44.470528 540.571960,36.507133 
	C531.549866,30.647238 521.402527,28.245708 510.810852,28.101692 
	C493.662933,27.868530 476.508331,28.147118 459.359406,27.955408 
	C455.182281,27.908709 453.916138,29.283735 453.926605,33.416782 
	C454.042847,79.374672 454.039734,125.333069 453.929291,171.290985 
	C453.919800,175.246796 455.262787,176.539749 459.123993,176.508698 
	C475.774445,176.374756 492.427643,176.554932 509.077362,176.380630 
	C513.869446,176.330475 518.757507,175.945541 523.421936,174.907211 
	C539.894714,171.240143 552.225098,162.571289 557.448730,144.759460 
M159.549057,178.650131 
	C162.871704,178.433853 166.204514,178.318466 169.515366,177.985031 
	C192.430069,175.677399 211.305740,157.912689 212.875961,134.987869 
	C214.261703,114.756157 214.103149,94.365891 213.572250,74.073212 
	C213.182373,59.170513 206.970718,46.378864 194.733398,37.184143 
	C181.453812,27.206299 166.269165,25.349081 150.230408,26.962679 
	C125.750778,29.425484 106.441505,49.713657 106.022041,74.249016 
	C105.700188,93.074989 105.798523,111.912979 106.032585,130.741623 
	C106.152618,140.397354 109.152740,149.353531 114.725258,157.307526 
	C125.394989,172.537094 140.848663,178.027756 159.549057,178.650131 
M401.578186,177.208221 
	C411.494446,175.474838 420.133942,171.194290 427.287109,164.090836 
	C433.613495,157.808456 433.556610,157.611847 426.824890,152.061859 
	C425.669983,151.109680 424.561218,150.101410 423.402435,149.154144 
	C416.619507,143.609406 416.618866,143.615326 410.163788,149.693207 
	C409.437805,150.376801 408.722778,151.091156 407.912170,151.662918 
	C397.985168,158.664948 387.314056,158.902939 376.791687,153.839081 
	C367.744171,149.484955 365.068604,141.013947 364.770844,131.006729 
	C388.020691,131.006729 410.920105,131.006729 434.390778,131.006729 
	C435.280487,113.363380 434.275543,96.628777 423.677551,82.110359 
	C415.219147,70.522942 402.749786,67.276367 389.145447,66.403198 
	C367.278107,64.999687 348.860352,77.340019 342.521881,98.245903 
	C338.565735,111.294304 339.261383,124.634781 341.343323,137.801483 
	C344.018280,154.718475 352.409515,167.942780 368.854401,174.707169 
	C379.114471,178.927536 389.891724,178.981323 401.578186,177.208221 
M274.118866,88.054459 
	C282.812439,87.106384 290.838196,88.668472 295.026550,97.074638 
	C297.216705,101.470375 298.106812,106.901077 298.194641,111.888809 
	C298.540649,131.541611 298.458954,151.205460 298.241425,170.861969 
	C298.192139,175.316544 299.629272,176.812439 303.974579,176.533813 
	C308.620300,176.235916 313.307007,176.308395 317.962524,176.516663 
	C321.783081,176.687561 323.186768,175.426636 323.153778,171.371597 
	C322.970764,148.881973 323.048309,126.390068 323.069672,103.898972 
	C323.097595,74.511459 299.025116,61.852146 274.865356,67.931190 
	C268.821442,69.451942 263.470520,73.726997 258.057007,76.600365 
	C258.057007,76.445816 257.935974,75.438843 258.077393,74.470192 
	C258.799377,69.525330 256.975983,67.455406 251.762878,67.925896 
	C247.135925,68.343483 242.437561,68.123886 237.777786,67.970825 
	C234.581390,67.865814 233.252533,69.137901 233.256821,72.345306 
	C233.301437,105.665421 233.307693,138.985641 233.252182,172.305725 
	C233.247177,175.309265 234.422501,176.539093 237.385269,176.487701 
	C242.381714,176.401047 247.392609,176.258652 252.375275,176.536621 
	C256.633240,176.774155 258.202087,175.442719 258.152832,170.916504 
	C257.929749,150.427048 258.034058,129.933746 258.067291,109.441895 
	C258.085388,98.273399 262.768890,91.791122 274.118866,88.054459 
M135.886230,207.201340 
	C128.323700,206.863312 120.761162,206.525284 113.271484,206.190506 
	C113.271484,221.306793 113.271484,235.512390 113.271484,249.919861 
	C119.438080,249.919861 125.254860,250.168472 131.040146,249.848099 
	C136.534271,249.543884 141.958481,248.010941 143.729431,242.052368 
	C145.382782,236.489487 144.600037,231.078156 138.929337,227.645264 
	C146.545044,220.069824 145.527664,211.784653 135.886230,207.201340 
M383.452362,212.374268 
	C381.146545,210.595322 378.959106,207.502960 376.512817,207.282486 
	C369.029602,206.608063 361.446899,207.037415 353.873352,207.037415 
	C353.873352,221.325653 353.873352,235.422852 353.873352,249.725983 
	C356.671204,249.725983 359.276550,249.725983 362.326721,249.725983 
	C362.326721,243.869232 362.326721,238.127625 362.326721,232.581528 
	C367.165009,230.688828 369.457275,232.692322 370.837189,236.746445 
	C371.631805,239.081024 372.830688,241.277603 373.841278,243.539154 
	C377.094910,250.820328 377.093781,250.820831 385.687897,249.296463 
	C384.231812,246.239334 382.817810,243.286636 381.418060,240.327179 
	C380.024902,237.381668 378.646057,234.429367 377.268768,231.496674 
	C385.300995,226.589630 387.073212,221.551697 383.452362,212.374268 
M191.169617,231.214462 
	C189.000137,224.267639 186.519455,217.398056 184.769104,210.347198 
	C183.574646,205.535583 180.253784,206.652466 177.095093,206.393448 
	C173.891342,206.130722 171.876190,206.783859 170.926376,210.376785 
	C169.239838,216.756470 167.006699,222.991364 165.012238,229.289993 
	C162.887177,236.001114 160.773697,242.715897 158.621490,249.535721 
	C167.332748,250.421341 167.332748,250.421341 170.286118,243.206055 
	C175.400421,243.206055 180.530441,243.206055 185.592529,243.206055 
	C188.039413,250.769974 188.039413,250.769974 197.056717,249.397797 
	C195.185883,243.547928 193.332291,237.751907 191.169617,231.214462 
M328.370422,249.944839 
	C330.638397,249.944839 332.906372,249.944839 335.632080,249.944839 
	C335.496063,246.966614 335.388489,244.611221 335.264343,241.893173 
	C327.905151,241.893173 321.146729,241.893173 314.370697,241.893173 
	C314.370697,238.413300 314.370697,235.333908 314.370697,231.709229 
	C319.164337,231.709229 323.718781,231.709229 328.354279,231.709229 
	C328.354279,228.911774 328.354279,226.673691 328.354279,223.928894 
	C323.455475,223.928894 318.885559,223.928894 314.485779,223.928894 
	C314.485779,220.351761 314.485779,217.297607 314.485779,213.906448 
	C321.623627,213.906448 328.396393,213.906448 335.290802,213.906448 
	C335.290802,211.325821 335.290802,209.100418 335.290802,206.712112 
	C325.230225,206.712112 315.501801,206.712112 305.596680,206.712112 
	C305.596680,221.231842 305.596680,235.438538 305.596680,249.944443 
	C313.115875,249.944443 320.260345,249.944443 328.370422,249.944839 
M420.989227,215.432663 
	C419.790924,217.855728 418.592621,220.278793 417.007538,223.483994 
	C415.036957,219.283401 413.445068,215.901947 411.863312,212.515747 
	C408.645782,205.627609 407.979553,205.320129 399.861115,207.221985 
	C405.701447,220.959518 416.474213,233.132645 412.400452,249.594131 
	C415.972839,249.594131 418.505249,249.594131 421.982178,249.594131 
	C417.327271,232.717697 429.114624,220.800766 434.401245,206.804810 
	C425.430634,205.936478 425.433197,205.937668 421.967133,213.429596 
	C421.759766,213.877838 421.461426,214.283966 420.989227,215.432663 
M280.449524,278.027344 
	C279.323578,276.190063 277.976501,274.449493 277.121094,272.493866 
	C275.665344,269.165833 273.452393,268.229614 270.129639,269.390778 
	C270.129639,282.205658 270.129639,294.811493 270.129639,307.520630 
	C271.860870,307.520630 273.362335,307.520630 275.351868,307.520630 
	C275.351868,298.207855 275.351868,289.250885 275.351868,279.345184 
	C280.959229,288.460144 286.110626,296.575562 290.966888,304.863922 
	C292.737610,307.886047 294.724365,308.603180 297.737061,307.327179 
	C297.737061,294.491943 297.737061,281.894653 297.737061,268.972595 
	C295.913879,269.077179 294.365234,269.165985 292.193390,269.290558 
	C292.193390,278.416901 292.193390,287.179016 292.193390,297.271851 
	C287.909576,290.189545 284.406067,284.397339 280.449524,278.027344 
M218.891693,233.499268 
	C218.891693,238.922073 218.891693,244.344879 218.891693,249.639664 
	C222.119949,249.639664 224.692810,249.639664 227.817200,249.639664 
	C227.817200,237.660248 227.817200,225.969147 227.817200,213.856628 
	C232.121826,213.856628 235.870483,213.856628 239.654343,213.856628 
	C239.654343,211.299393 239.654343,209.186432 239.654343,206.741272 
	C228.770157,206.741272 218.058502,206.741272 207.179626,206.741272 
	C207.179626,209.209122 207.179626,211.450943 207.179626,214.169983 
	C211.114670,214.169983 214.852310,214.169983 218.891693,214.169983 
	C218.891693,220.596405 218.891693,226.548431 218.891693,233.499268 
M266.881561,214.807983 
	C266.881561,226.409195 266.881561,238.010406 266.881561,249.539459 
	C270.283630,249.539459 272.992096,249.539459 276.060669,249.539459 
	C276.060669,237.557785 276.060669,225.963745 276.060669,213.995300 
	C280.176636,213.995300 283.939728,213.995300 287.742615,213.995300 
	C287.742615,211.377029 287.742615,209.146988 287.742615,206.822876 
	C276.753693,206.822876 266.035248,206.822876 255.198151,206.822876 
	C255.198151,209.321426 255.198151,211.433502 255.198151,213.414688 
	C255.489914,213.649261 255.616989,213.841049 255.749954,213.845230 
	C259.235199,213.954971 262.721008,214.045242 266.881561,214.807983 
M118.555428,300.952698 
	C117.776512,299.034973 116.997604,297.117218 116.129646,294.980286 
	C114.797447,295.040588 113.385391,295.104523 112.028389,295.165985 
	C111.538063,302.246918 113.678711,305.702759 119.816704,307.368988 
	C122.161186,308.005432 124.726593,308.051727 127.184227,308.003662 
	C133.339188,307.883392 137.782776,304.671234 138.838257,299.842346 
	C139.942505,294.790436 137.469299,290.752502 131.380249,287.906006 
	C127.795242,286.230103 123.939194,285.029114 120.607475,282.964996 
	C119.164742,282.071167 117.960312,279.480164 118.089890,277.769318 
	C118.196808,276.357605 120.193138,274.499695 121.759987,273.893524 
	C127.457214,271.689331 131.819473,274.428497 133.836426,281.283386 
	C135.348831,281.194519 136.929855,281.101624 138.499680,281.009369 
	C138.193085,272.320007 133.595901,268.439850 124.349228,268.660431 
	C117.548660,268.822662 113.499390,271.601593 112.354477,276.892273 
	C111.268661,281.909882 113.804390,285.759216 120.125130,288.604218 
	C123.278694,290.023621 126.771278,290.946686 129.519302,292.918274 
	C131.301071,294.196625 133.084488,297.081482 132.870361,299.026703 
	C132.697311,300.598846 129.650055,302.774933 127.680519,303.006714 
	C124.933189,303.329987 122.002060,302.091187 118.555428,300.952698 
M425.033051,278.564697 
	C425.613373,283.202667 428.425598,280.912689 430.708374,280.777313 
	C429.896576,272.093323 425.653046,268.537476 416.676331,268.654236 
	C409.611572,268.746124 405.369293,271.659058 404.358063,277.112457 
	C403.434052,282.095184 406.063232,285.913361 412.406250,288.732849 
	C415.720734,290.206146 419.308380,291.251801 422.282135,293.228516 
	C423.852448,294.272339 425.393524,297.093567 425.077179,298.756470 
	C424.758331,300.432709 422.331848,302.465332 420.465546,302.953644 
	C413.781830,304.702515 410.105988,302.142181 408.348022,295.260071 
	C406.929108,295.260071 405.518768,295.260071 404.136963,295.260071 
	C403.548859,302.244354 406.001587,306.045410 412.289825,307.568573 
	C414.506134,308.105438 416.905609,308.060211 419.214905,308.005585 
	C425.329651,307.860992 429.903107,304.592560 430.890930,299.847778 
	C431.964966,294.688721 429.573547,290.792358 423.425964,287.921326 
	C419.839935,286.246613 415.984070,285.042816 412.654510,282.975098 
	C411.201263,282.072601 409.984436,279.480469 410.107086,277.758759 
	C410.207214,276.353943 412.232147,274.452881 413.799408,273.905975 
	C418.311798,272.331207 422.284241,273.392456 425.033051,278.564697 
M243.095291,285.945404 
	C239.295609,285.945404 235.495926,285.945404 231.616058,285.945404 
	C231.616058,281.765503 231.616058,278.013062 231.616058,273.864380 
	C237.311676,273.864380 242.783463,273.728271 248.244751,273.909180 
	C252.311661,274.043915 252.586639,272.243530 251.493805,269.289612 
	C242.890549,269.289612 234.637756,269.289612 226.427490,269.289612 
	C226.427490,282.280609 226.427490,294.975647 226.427490,307.891174 
	C234.149582,307.891174 241.466019,307.805481 248.779037,307.926788 
	C252.521225,307.988861 252.252487,305.947357 251.582825,303.038574 
	C244.924164,303.038574 238.316269,303.038574 231.752914,303.038574 
	C231.752914,298.751312 231.752914,294.887177 231.752914,290.752533 
	C235.753845,290.752533 239.401886,290.853607 243.037338,290.684143 
	C243.990295,290.639709 244.904114,289.755676 245.835907,289.257233 
	C245.223511,288.154327 244.611115,287.051453 243.095291,285.945404 
M378.985199,285.951447 
	C375.080566,285.951447 371.175934,285.951447 367.374817,285.951447 
	C367.374817,281.537781 367.374817,277.923309 367.374817,273.859222 
	C373.033722,273.859222 378.492340,273.692993 383.935150,273.914764 
	C387.886169,274.075775 388.514648,272.500610 387.321930,269.233673 
	C378.806702,269.233673 370.552856,269.233673 362.232361,269.233673 
	C362.232361,282.170807 362.232361,294.871552 362.232361,307.893036 
	C369.884338,307.893036 377.182983,307.840607 384.480377,307.913757 
	C388.507996,307.954102 388.170105,305.869873 387.088623,302.763123 
	C380.410156,302.763123 373.839142,302.763123 367.453308,302.763123 
	C367.453308,298.530273 367.453308,294.771149 367.453308,290.754425 
	C369.557159,290.754425 371.376190,290.754303 373.195221,290.754425 
	C375.026825,290.754517 376.876648,290.908417 378.682800,290.694092 
	C379.672760,290.576630 380.588989,289.837830 381.538452,289.379181 
	C380.979095,288.239441 380.419739,287.099670 378.985199,285.951447 
M329.593567,303.389099 
	C323.632538,302.128601 322.065247,300.296417 322.009155,294.319672 
	C321.967041,289.830109 321.870148,285.332733 322.074738,280.851471 
	C322.311768,275.658295 326.891846,271.750885 331.544891,273.589417 
	C334.705383,274.838196 337.029266,278.204254 339.727295,280.623474 
	C339.448700,281.083527 339.170135,281.543579 338.891571,282.003632 
	C340.422180,281.767303 341.952759,281.530975 343.443359,281.300842 
	C342.684296,272.817291 338.465973,268.827484 330.636444,268.657196 
	C323.045044,268.492065 317.391602,272.373169 316.967773,278.777832 
	C316.540802,285.229614 316.469177,291.767303 317.005402,298.203705 
	C317.600464,305.346375 324.642975,309.285156 333.301666,307.984711 
	C339.759888,307.014709 343.726685,301.896118 342.937500,295.266052 
	C341.406708,295.266052 339.847015,295.266052 338.211914,295.266052 
	C337.932465,300.416656 335.384949,303.103455 329.593567,303.389099 
M165.270279,274.112518 
	C172.531723,272.130951 175.103668,273.657959 178.001068,281.958252 
	C179.470245,281.766541 181.015518,281.564880 182.529099,281.367371 
	C181.877426,272.425323 177.160141,268.365448 168.378082,268.692780 
	C160.368774,268.991333 155.918716,273.559662 155.858459,281.613800 
	C155.821136,286.603882 155.746399,291.597748 155.890640,296.584076 
	C156.069321,302.760712 160.212479,307.201569 166.273712,308.000366 
	C173.838882,308.997314 179.926544,306.039246 181.963699,300.376434 
	C183.674103,295.621887 182.909790,294.775848 177.539703,295.479370 
	C176.001663,301.669098 173.368439,303.867859 168.156097,303.314697 
	C163.126831,302.780914 161.045532,299.867279 161.022507,293.296356 
	C161.009689,289.636688 160.578339,285.904266 161.164490,282.340942 
	C161.610779,279.627991 163.362396,277.129730 165.270279,274.112518 
M206.300827,278.527649 
	C206.300827,275.427246 206.300827,272.326813 206.300827,269.232483 
	C204.232117,269.232483 202.815063,269.232483 201.302521,269.232483 
	C201.302521,282.151886 201.302521,294.848297 201.302521,307.613220 
	C203.032883,307.613220 204.428406,307.613220 206.300842,307.613220 
	C206.300842,298.077728 206.300842,288.798248 206.300827,278.527649 
z"/>
<path fill="#020202" opacity="1.000000" stroke="none" 
	d="
M557.302612,145.146286 
	C552.225098,162.571289 539.894714,171.240143 523.421936,174.907211 
	C518.757507,175.945541 513.869446,176.330475 509.077362,176.380630 
	C492.427643,176.554932 475.774445,176.374756 459.123993,176.508698 
	C455.262787,176.539749 453.919800,175.246796 453.929291,171.290985 
	C454.039734,125.333069 454.042847,79.374672 453.926605,33.416782 
	C453.916138,29.283735 455.182281,27.908709 459.359406,27.955408 
	C476.508331,28.147118 493.662933,27.868530 510.810852,28.101692 
	C521.402527,28.245708 531.549866,30.647238 540.571960,36.507133 
	C552.832703,44.470528 558.695862,56.132130 558.872009,70.487999 
	C559.131470,91.632225 559.007935,112.782448 558.871399,133.928986 
	C558.848083,137.542053 557.945312,141.149445 557.302612,145.146286 
M533.012573,66.746269 
	C530.527832,57.788536 524.798340,51.177784 515.703003,50.322269 
	C503.719788,49.195126 491.550598,50.045223 479.183838,50.045223 
	C479.183838,84.728310 479.183838,119.730515 479.183838,155.035629 
	C488.902649,155.035629 498.358154,155.039719 507.813629,155.034729 
	C524.626953,155.025848 534.002258,145.721588 534.047424,128.883789 
	C534.095642,110.907074 534.091370,92.929985 534.017883,74.953438 
	C534.007812,72.491905 533.465454,70.032539 533.012573,66.746269 
z"/>
<path fill="#020202" opacity="1.000000" stroke="none" 
	d="
M159.096313,178.650024 
	C140.848663,178.027756 125.394989,172.537094 114.725258,157.307526 
	C109.152740,149.353531 106.152618,140.397354 106.032585,130.741623 
	C105.798523,111.912979 105.700188,93.074989 106.022041,74.249016 
	C106.441505,49.713657 125.750778,29.425484 150.230408,26.962679 
	C166.269165,25.349081 181.453812,27.206299 194.733398,37.184143 
	C206.970718,46.378864 213.182373,59.170513 213.572250,74.073212 
	C214.103149,94.365891 214.261703,114.756157 212.875961,134.987869 
	C211.305740,157.912689 192.430069,175.677399 169.515366,177.985031 
	C166.204514,178.318466 162.871704,178.433853 159.096313,178.650024 
M187.246399,66.448715 
	C182.226273,52.597218 170.331131,45.967129 154.197754,48.028145 
	C141.569565,49.641373 131.498795,59.940678 131.004227,73.439163 
	C130.327698,91.904472 130.618088,110.406639 130.603638,128.893082 
	C130.601700,131.357239 131.008606,133.881577 131.622345,136.276535 
	C135.442413,151.183487 147.845261,158.831772 164.991135,156.975067 
	C178.196869,155.545029 188.639313,144.062103 188.924545,129.992783 
	C189.225067,115.168747 189.171722,100.333099 188.992218,85.505928 
	C188.918106,79.385956 188.112518,73.274849 187.246399,66.448715 
z"/>
<path fill="#020202" opacity="1.000000" stroke="none" 
	d="
M401.152985,177.318527 
	C389.891724,178.981323 379.114471,178.927536 368.854401,174.707169 
	C352.409515,167.942780 344.018280,154.718475 341.343323,137.801483 
	C339.261383,124.634781 338.565735,111.294304 342.521881,98.245903 
	C348.860352,77.340019 367.278107,64.999687 389.145447,66.403198 
	C402.749786,67.276367 415.219147,70.522942 423.677551,82.110359 
	C434.275543,96.628777 435.280487,113.363380 434.390778,131.006729 
	C410.920105,131.006729 388.020691,131.006729 364.770844,131.006729 
	C365.068604,141.013947 367.744171,149.484955 376.791687,153.839081 
	C387.314056,158.902939 397.985168,158.664948 407.912170,151.662918 
	C408.722778,151.091156 409.437805,150.376801 410.163788,149.693207 
	C416.618866,143.615326 416.619507,143.609406 423.402435,149.154144 
	C424.561218,150.101410 425.669983,151.109680 426.824890,152.061859 
	C433.556610,157.611847 433.613495,157.808456 427.287109,164.090836 
	C420.133942,171.194290 411.494446,175.474838 401.152985,177.318527 
M395.889618,89.197159 
	C377.495117,84.109039 364.098846,94.339600 365.251862,112.615814 
	C379.924377,112.615814 394.595276,112.615814 409.531067,112.615814 
	C408.959717,102.504341 406.459137,93.982117 395.889618,89.197159 
z"/>
<path fill="#040404" opacity="1.000000" stroke="none" 
	d="
M273.698486,88.119827 
	C262.768890,91.791122 258.085388,98.273399 258.067291,109.441895 
	C258.034058,129.933746 257.929749,150.427048 258.152832,170.916504 
	C258.202087,175.442719 256.633240,176.774155 252.375275,176.536621 
	C247.392609,176.258652 242.381714,176.401047 237.385269,176.487701 
	C234.422501,176.539093 233.247177,175.309265 233.252182,172.305725 
	C233.307693,138.985641 233.301437,105.665421 233.256821,72.345306 
	C233.252533,69.137901 234.581390,67.865814 237.777786,67.970825 
	C242.437561,68.123886 247.135925,68.343483 251.762878,67.925896 
	C256.975983,67.455406 258.799377,69.525330 258.077393,74.470192 
	C257.935974,75.438843 258.057007,76.445816 258.057007,76.600365 
	C263.470520,73.726997 268.821442,69.451942 274.865356,67.931190 
	C299.025116,61.852146 323.097595,74.511459 323.069672,103.898972 
	C323.048309,126.390068 322.970764,148.881973 323.153778,171.371597 
	C323.186768,175.426636 321.783081,176.687561 317.962524,176.516663 
	C313.307007,176.308395 308.620300,176.235916 303.974579,176.533813 
	C299.629272,176.812439 298.192139,175.316544 298.241425,170.861969 
	C298.458954,151.205460 298.540649,131.541611 298.194641,111.888809 
	C298.106812,106.901077 297.216705,101.470375 295.026550,97.074638 
	C290.838196,88.668472 282.812439,87.106384 273.698486,88.119827 
z"/>
<path fill="#080808" opacity="1.000000" stroke="none" 
	d="
M136.238953,207.392227 
	C145.527664,211.784653 146.545044,220.069824 138.929337,227.645264 
	C144.600037,231.078156 145.382782,236.489487 143.729431,242.052368 
	C141.958481,248.010941 136.534271,249.543884 131.040146,249.848099 
	C125.254860,250.168472 119.438080,249.919861 113.271484,249.919861 
	C113.271484,235.512390 113.271484,221.306793 113.271484,206.190506 
	C120.761162,206.525284 128.323700,206.863312 136.238953,207.392227 
M135.612579,237.329941 
	C134.265488,231.425110 130.752258,230.027451 121.977486,231.953842 
	C121.977486,235.185669 121.977486,238.431152 121.977486,242.098602 
	C124.109047,242.098602 126.049232,242.051895 127.986366,242.109009 
	C131.267288,242.205750 134.375595,242.052856 135.612579,237.329941 
M131.770020,223.873703 
	C135.067307,222.584824 136.130737,219.673889 134.609070,217.089447 
	C131.656921,212.075409 126.513924,214.487564 121.970322,214.111862 
	C121.970322,217.531982 121.970322,220.580780 121.970322,224.005432 
	C125.062935,224.005432 127.981773,224.005432 131.770020,223.873703 
z"/>
<path fill="#060606" opacity="1.000000" stroke="none" 
	d="
M383.657898,212.712845 
	C387.073212,221.551697 385.300995,226.589630 377.268768,231.496674 
	C378.646057,234.429367 380.024902,237.381668 381.418060,240.327179 
	C382.817810,243.286636 384.231812,246.239334 385.687897,249.296463 
	C377.093781,250.820831 377.094910,250.820328 373.841278,243.539154 
	C372.830688,241.277603 371.631805,239.081024 370.837189,236.746445 
	C369.457275,232.692322 367.165009,230.688828 362.326721,232.581528 
	C362.326721,238.127625 362.326721,243.869232 362.326721,249.725983 
	C359.276550,249.725983 356.671204,249.725983 353.873352,249.725983 
	C353.873352,235.422852 353.873352,221.325653 353.873352,207.037415 
	C361.446899,207.037415 369.029602,206.608063 376.512817,207.282486 
	C378.959106,207.502960 381.146545,210.595322 383.657898,212.712845 
M362.915619,224.813339 
	C365.719147,224.884506 368.725494,225.608902 371.262360,224.821228 
	C373.311615,224.184937 376.297485,221.596817 376.169617,220.106003 
	C375.987366,217.981003 373.706665,215.077301 371.649475,214.309723 
	C368.960114,213.306320 365.613739,214.063934 362.368805,214.063934 
	C362.368805,217.833466 362.368805,220.956192 362.915619,224.813339 
z"/>
<path fill="#080808" opacity="1.000000" stroke="none" 
	d="
M191.324158,231.585175 
	C193.332291,237.751907 195.185883,243.547928 197.056717,249.397797 
	C188.039413,250.769974 188.039413,250.769974 185.592529,243.206055 
	C180.530441,243.206055 175.400421,243.206055 170.286118,243.206055 
	C167.332748,250.421341 167.332748,250.421341 158.621490,249.535721 
	C160.773697,242.715897 162.887177,236.001114 165.012238,229.289993 
	C167.006699,222.991364 169.239838,216.756470 170.926376,210.376785 
	C171.876190,206.783859 173.891342,206.130722 177.095093,206.393448 
	C180.253784,206.652466 183.574646,205.535583 184.769104,210.347198 
	C186.519455,217.398056 189.000137,224.267639 191.324158,231.585175 
M174.831635,227.263535 
	C173.969940,230.067062 173.108246,232.870590 172.187363,235.866653 
	C175.960236,235.866653 179.408447,235.866653 183.431900,235.866653 
	C181.555176,229.772293 179.774979,223.991425 177.673569,217.167404 
	C176.540207,221.106918 175.767212,223.793777 174.831635,227.263535 
z"/>
<path fill="#0F0F0F" opacity="1.000000" stroke="none" 
	d="
M327.887634,249.944641 
	C320.260345,249.944443 313.115875,249.944443 305.596680,249.944443 
	C305.596680,235.438538 305.596680,221.231842 305.596680,206.712112 
	C315.501801,206.712112 325.230225,206.712112 335.290802,206.712112 
	C335.290802,209.100418 335.290802,211.325821 335.290802,213.906448 
	C328.396393,213.906448 321.623627,213.906448 314.485779,213.906448 
	C314.485779,217.297607 314.485779,220.351761 314.485779,223.928894 
	C318.885559,223.928894 323.455475,223.928894 328.354279,223.928894 
	C328.354279,226.673691 328.354279,228.911774 328.354279,231.709229 
	C323.718781,231.709229 319.164337,231.709229 314.370697,231.709229 
	C314.370697,235.333908 314.370697,238.413300 314.370697,241.893173 
	C321.146729,241.893173 327.905151,241.893173 335.264343,241.893173 
	C335.388489,244.611221 335.496063,246.966614 335.632080,249.944839 
	C332.906372,249.944839 330.638397,249.944839 327.887634,249.944641 
z"/>
<path fill="#080808" opacity="1.000000" stroke="none" 
	d="
M421.097351,215.071182 
	C421.461426,214.283966 421.759766,213.877838 421.967133,213.429596 
	C425.433197,205.937668 425.430634,205.936478 434.401245,206.804810 
	C429.114624,220.800766 417.327271,232.717697 421.982178,249.594131 
	C418.505249,249.594131 415.972839,249.594131 412.400452,249.594131 
	C416.474213,233.132645 405.701447,220.959518 399.861115,207.221985 
	C407.979553,205.320129 408.645782,205.627609 411.863312,212.515747 
	C413.445068,215.901947 415.036957,219.283401 417.007538,223.483994 
	C418.592621,220.278793 419.790924,217.855728 421.097351,215.071182 
z"/>
<path fill="#050505" opacity="1.000000" stroke="none" 
	d="
M280.676025,278.316223 
	C284.406067,284.397339 287.909576,290.189545 292.193390,297.271851 
	C292.193390,287.179016 292.193390,278.416901 292.193390,269.290558 
	C294.365234,269.165985 295.913879,269.077179 297.737061,268.972595 
	C297.737061,281.894653 297.737061,294.491943 297.737061,307.327179 
	C294.724365,308.603180 292.737610,307.886047 290.966888,304.863922 
	C286.110626,296.575562 280.959229,288.460144 275.351868,279.345184 
	C275.351868,289.250885 275.351868,298.207855 275.351868,307.520630 
	C273.362335,307.520630 271.860870,307.520630 270.129639,307.520630 
	C270.129639,294.811493 270.129639,282.205658 270.129639,269.390778 
	C273.452393,268.229614 275.665344,269.165833 277.121094,272.493866 
	C277.976501,274.449493 279.323578,276.190063 280.676025,278.316223 
z"/>
<path fill="#0E0E0E" opacity="1.000000" stroke="none" 
	d="
M218.891693,232.999863 
	C218.891693,226.548431 218.891693,220.596405 218.891693,214.169983 
	C214.852310,214.169983 211.114670,214.169983 207.179626,214.169983 
	C207.179626,211.450943 207.179626,209.209122 207.179626,206.741272 
	C218.058502,206.741272 228.770157,206.741272 239.654343,206.741272 
	C239.654343,209.186432 239.654343,211.299393 239.654343,213.856628 
	C235.870483,213.856628 232.121826,213.856628 227.817200,213.856628 
	C227.817200,225.969147 227.817200,237.660248 227.817200,249.639664 
	C224.692810,249.639664 222.119949,249.639664 218.891693,249.639664 
	C218.891693,244.344879 218.891693,238.922073 218.891693,232.999863 
z"/>
<path fill="#090909" opacity="1.000000" stroke="none" 
	d="
M266.544128,214.473419 
	C262.721008,214.045242 259.235199,213.954971 255.749954,213.845230 
	C255.616989,213.841049 255.489914,213.649261 255.198151,213.414688 
	C255.198151,211.433502 255.198151,209.321426 255.198151,206.822876 
	C266.035248,206.822876 276.753693,206.822876 287.742615,206.822876 
	C287.742615,209.146988 287.742615,211.377029 287.742615,213.995300 
	C283.939728,213.995300 280.176636,213.995300 276.060669,213.995300 
	C276.060669,225.963745 276.060669,237.557785 276.060669,249.539459 
	C272.992096,249.539459 270.283630,249.539459 266.881561,249.539459 
	C266.881561,238.010406 266.881561,226.409195 266.544128,214.473419 
z"/>
<path fill="#0C0C0C" opacity="1.000000" stroke="none" 
	d="
M118.852509,301.236786 
	C122.002060,302.091187 124.933189,303.329987 127.680519,303.006714 
	C129.650055,302.774933 132.697311,300.598846 132.870361,299.026703 
	C133.084488,297.081482 131.301071,294.196625 129.519302,292.918274 
	C126.771278,290.946686 123.278694,290.023621 120.125130,288.604218 
	C113.804390,285.759216 111.268661,281.909882 112.354477,276.892273 
	C113.499390,271.601593 117.548660,268.822662 124.349228,268.660431 
	C133.595901,268.439850 138.193085,272.320007 138.499680,281.009369 
	C136.929855,281.101624 135.348831,281.194519 133.836426,281.283386 
	C131.819473,274.428497 127.457214,271.689331 121.759987,273.893524 
	C120.193138,274.499695 118.196808,276.357605 118.089890,277.769318 
	C117.960312,279.480164 119.164742,282.071167 120.607475,282.964996 
	C123.939194,285.029114 127.795242,286.230103 131.380249,287.906006 
	C137.469299,290.752502 139.942505,294.790436 138.838257,299.842346 
	C137.782776,304.671234 133.339188,307.883392 127.184227,308.003662 
	C124.726593,308.051727 122.161186,308.005432 119.816704,307.368988 
	C113.678711,305.702759 111.538063,302.246918 112.028389,295.165985 
	C113.385391,295.104523 114.797447,295.040588 116.129646,294.980286 
	C116.997604,297.117218 117.776512,299.034973 118.852509,301.236786 
z"/>
<path fill="#0C0C0C" opacity="1.000000" stroke="none" 
	d="
M424.966858,278.174774 
	C422.284241,273.392456 418.311798,272.331207 413.799408,273.905975 
	C412.232147,274.452881 410.207214,276.353943 410.107086,277.758759 
	C409.984436,279.480469 411.201263,282.072601 412.654510,282.975098 
	C415.984070,285.042816 419.839935,286.246613 423.425964,287.921326 
	C429.573547,290.792358 431.964966,294.688721 430.890930,299.847778 
	C429.903107,304.592560 425.329651,307.860992 419.214905,308.005585 
	C416.905609,308.060211 414.506134,308.105438 412.289825,307.568573 
	C406.001587,306.045410 403.548859,302.244354 404.136963,295.260071 
	C405.518768,295.260071 406.929108,295.260071 408.348022,295.260071 
	C410.105988,302.142181 413.781830,304.702515 420.465546,302.953644 
	C422.331848,302.465332 424.758331,300.432709 425.077179,298.756470 
	C425.393524,297.093567 423.852448,294.272339 422.282135,293.228516 
	C419.308380,291.251801 415.720734,290.206146 412.406250,288.732849 
	C406.063232,285.913361 403.434052,282.095184 404.358063,277.112457 
	C405.369293,271.659058 409.611572,268.746124 416.676331,268.654236 
	C425.653046,268.537476 429.896576,272.093323 430.708374,280.777313 
	C428.425598,280.912689 425.613373,283.202667 424.966858,278.174774 
z"/>
<path fill="#0C0C0C" opacity="1.000000" stroke="none" 
	d="
M243.546997,285.946960 
	C244.611115,287.051453 245.223511,288.154327 245.835907,289.257263 
	C244.904114,289.755676 243.990295,290.639709 243.037338,290.684143 
	C239.401886,290.853607 235.753845,290.752533 231.752914,290.752533 
	C231.752914,294.887177 231.752914,298.751312 231.752914,303.038574 
	C238.316269,303.038574 244.924164,303.038574 251.582825,303.038574 
	C252.252487,305.947357 252.521225,307.988861 248.779037,307.926788 
	C241.466019,307.805481 234.149582,307.891174 226.427490,307.891174 
	C226.427490,294.975647 226.427490,282.280609 226.427490,269.289612 
	C234.637756,269.289612 242.890549,269.289612 251.493805,269.289612 
	C252.586639,272.243530 252.311661,274.043915 248.244751,273.909180 
	C242.783463,273.728271 237.311676,273.864380 231.616058,273.864380 
	C231.616058,278.013062 231.616058,281.765503 231.616058,285.945404 
	C235.495926,285.945404 239.295609,285.945404 243.546997,285.946960 
z"/>
<path fill="#0B0B0B" opacity="1.000000" stroke="none" 
	d="
M379.422791,285.955688 
	C380.419739,287.099670 380.979095,288.239441 381.538452,289.379211 
	C380.588989,289.837830 379.672760,290.576630 378.682800,290.694092 
	C376.876648,290.908417 375.026825,290.754517 373.195221,290.754425 
	C371.376190,290.754303 369.557159,290.754425 367.453308,290.754425 
	C367.453308,294.771149 367.453308,298.530273 367.453308,302.763123 
	C373.839142,302.763123 380.410156,302.763123 387.088623,302.763123 
	C388.170105,305.869873 388.507996,307.954102 384.480377,307.913757 
	C377.182983,307.840607 369.884338,307.893036 362.232361,307.893036 
	C362.232361,294.871552 362.232361,282.170807 362.232361,269.233673 
	C370.552856,269.233673 378.806702,269.233673 387.321930,269.233673 
	C388.514648,272.500610 387.886169,274.075775 383.935150,273.914764 
	C378.492340,273.692993 373.033722,273.859222 367.374817,273.859222 
	C367.374817,277.923309 367.374817,281.537781 367.374817,285.951447 
	C371.175934,285.951447 375.080566,285.951447 379.422791,285.955688 
z"/>
<path fill="#0A0A0A" opacity="1.000000" stroke="none" 
	d="
M330.016052,303.390930 
	C335.384949,303.103455 337.932465,300.416656 338.211914,295.266052 
	C339.847015,295.266052 341.406708,295.266052 342.937500,295.266052 
	C343.726685,301.896118 339.759888,307.014709 333.301666,307.984711 
	C324.642975,309.285156 317.600464,305.346375 317.005402,298.203705 
	C316.469177,291.767303 316.540802,285.229614 316.967773,278.777832 
	C317.391602,272.373169 323.045044,268.492065 330.636444,268.657196 
	C338.465973,268.827484 342.684296,272.817291 343.443359,281.300842 
	C341.952759,281.530975 340.422180,281.767303 338.891571,282.003632 
	C339.170135,281.543579 339.448700,281.083527 339.727295,280.623474 
	C337.029266,278.204254 334.705383,274.838196 331.544891,273.589417 
	C326.891846,271.750885 322.311768,275.658295 322.074738,280.851471 
	C321.870148,285.332733 321.967041,289.830109 322.009155,294.319672 
	C322.065247,300.296417 323.632538,302.128601 330.016052,303.390930 
z"/>
<path fill="#0A0A0A" opacity="1.000000" stroke="none" 
	d="
M164.901779,274.324219 
	C163.362396,277.129730 161.610779,279.627991 161.164490,282.340942 
	C160.578339,285.904266 161.009689,289.636688 161.022507,293.296356 
	C161.045532,299.867279 163.126831,302.780914 168.156097,303.314697 
	C173.368439,303.867859 176.001663,301.669098 177.539703,295.479370 
	C182.909790,294.775848 183.674103,295.621887 181.963699,300.376434 
	C179.926544,306.039246 173.838882,308.997314 166.273712,308.000366 
	C160.212479,307.201569 156.069321,302.760712 155.890640,296.584076 
	C155.746399,291.597748 155.821136,286.603882 155.858459,281.613800 
	C155.918716,273.559662 160.368774,268.991333 168.378082,268.692780 
	C177.160141,268.365448 181.877426,272.425323 182.529099,281.367371 
	C181.015518,281.564880 179.470245,281.766541 178.001068,281.958252 
	C175.103668,273.657959 172.531723,272.130951 164.901779,274.324219 
z"/>
<path fill="#020202" opacity="1.000000" stroke="none" 
	d="
M206.300842,279.023224 
	C206.300842,288.798248 206.300842,298.077728 206.300842,307.613220 
	C204.428406,307.613220 203.032883,307.613220 201.302521,307.613220 
	C201.302521,294.848297 201.302521,282.151886 201.302521,269.232483 
	C202.815063,269.232483 204.232117,269.232483 206.300827,269.232483 
	C206.300827,272.326813 206.300827,275.427246 206.300842,279.023224 
z"/>
<path fill="#FEFEFE" opacity="1.000000" stroke="none" 
	d="
M533.091064,67.159225 
	C533.465454,70.032539 534.007812,72.491905 534.017883,74.953438 
	C534.091370,92.929985 534.095642,110.907074 534.047424,128.883789 
	C534.002258,145.721588 524.626953,155.025848 507.813629,155.034729 
	C498.358154,155.039719 488.902649,155.035629 479.183838,155.035629 
	C479.183838,119.730515 479.183838,84.728310 479.183838,50.045223 
	C491.550598,50.045223 503.719788,49.195126 515.703003,50.322269 
	C524.798340,51.177784 530.527832,57.788536 533.091064,67.159225 
z"/>
<path fill="#FCFCFC" opacity="1.000000" stroke="none" 
	d="
M187.443008,66.804214 
	C188.112518,73.274849 188.918106,79.385956 188.992218,85.505928 
	C189.171722,100.333099 189.225067,115.168747 188.924545,129.992783 
	C188.639313,144.062103 178.196869,155.545029 164.991135,156.975067 
	C147.845261,158.831772 135.442413,151.183487 131.622345,136.276535 
	C131.008606,133.881577 130.601700,131.357239 130.603638,128.893082 
	C130.618088,110.406639 130.327698,91.904472 131.004227,73.439163 
	C131.498795,59.940678 141.569565,49.641373 154.197754,48.028145 
	C170.331131,45.967129 182.226273,52.597218 187.443008,66.804214 
M167.927490,111.499939 
	C167.927490,98.763023 167.927490,86.026108 167.927490,73.254944 
	C162.309326,73.254944 157.239517,73.254944 152.259247,73.254944 
	C152.259247,93.496223 152.259247,113.483795 152.259247,133.320068 
	C157.686462,133.320068 162.732681,133.320068 167.927490,133.320068 
	C167.927490,126.118790 167.927490,119.309311 167.927490,111.499939 
z"/>
<path fill="#FCFCFC" opacity="1.000000" stroke="none" 
	d="
M396.236084,89.390839 
	C406.459137,93.982117 408.959717,102.504341 409.531067,112.615814 
	C394.595276,112.615814 379.924377,112.615814 365.251862,112.615814 
	C364.098846,94.339600 377.495117,84.109039 396.236084,89.390839 
z"/>
<path fill="#F5F5F5" opacity="1.000000" stroke="none" 
	d="
M135.519165,237.700073 
	C134.375595,242.052856 131.267288,242.205750 127.986366,242.109009 
	C126.049232,242.051895 124.109047,242.098602 121.977486,242.098602 
	C121.977486,238.431152 121.977486,235.185669 121.977486,231.953842 
	C130.752258,230.027451 134.265488,231.425110 135.519165,237.700073 
z"/>
<path fill="#FAFAFA" opacity="1.000000" stroke="none" 
	d="
M131.335327,223.939575 
	C127.981773,224.005432 125.062935,224.005432 121.970322,224.005432 
	C121.970322,220.580780 121.970322,217.531982 121.970322,214.111862 
	C126.513924,214.487564 131.656921,212.075409 134.609070,217.089447 
	C136.130737,219.673889 135.067307,222.584824 131.335327,223.939575 
z"/>
<path fill="#F2F2F2" opacity="1.000000" stroke="none" 
	d="
M362.642212,224.446136 
	C362.368805,220.956192 362.368805,217.833466 362.368805,214.063934 
	C365.613739,214.063934 368.960114,213.306320 371.649475,214.309723 
	C373.706665,215.077301 375.987366,217.981003 376.169617,220.106003 
	C376.297485,221.596817 373.311615,224.184937 371.262360,224.821228 
	C368.725494,225.608902 365.719147,224.884506 362.642212,224.446136 
z"/>
<path fill="#F5F5F5" opacity="1.000000" stroke="none" 
	d="
M174.912933,226.872101 
	C175.767212,223.793777 176.540207,221.106918 177.673569,217.167404 
	C179.774979,223.991425 181.555176,229.772293 183.431900,235.866653 
	C179.408447,235.866653 175.960236,235.866653 172.187363,235.866653 
	C173.108246,232.870590 173.969940,230.067062 174.912933,226.872101 
z"/>
<path fill="#040404" opacity="1.000000" stroke="none" 
	d="
M167.927490,111.999893 
	C167.927490,119.309311 167.927490,126.118790 167.927490,133.320068 
	C162.732681,133.320068 157.686462,133.320068 152.259247,133.320068 
	C152.259247,113.483795 152.259247,93.496223 152.259247,73.254944 
	C157.239517,73.254944 162.309326,73.254944 167.927490,73.254944 
	C167.927490,86.026108 167.927490,98.763023 167.927490,111.999893 
z"/>
</svg>