<svg version="1.1" id="Layer_1" xmlns="http://www.w3.org/2000/svg" xmlns:xlink="http://www.w3.org/1999/xlink" x="0px" y="0px"
	 width="100%" viewBox="0 0 1200 627" enable-background="new 0 0 1200 627" xml:space="preserve">
<path fill="#FFFFFF" opacity="1.000000" stroke="none" 
	d="
M697.000000,628.000000 
	C464.666687,628.000000 232.833359,628.000000 1.000031,628.000000 
	C1.000021,419.000031 1.000021,210.000046 1.000010,1.000059 
	C400.999969,1.000039 800.999939,1.000039 1201.000000,1.000020 
	C1201.000000,209.999939 1201.000000,418.999878 1201.000000,627.999878 
	C1033.166626,628.000000 865.333313,628.000000 697.000000,628.000000 
M951.954712,154.487946 
	C950.650635,150.888290 949.360962,147.283340 948.039673,143.690033 
	C944.745911,134.732513 936.572937,130.579727 928.157776,133.572983 
	C920.160217,136.417694 916.348999,144.915253 919.214905,153.604355 
	C920.122986,156.357773 921.144287,159.073853 922.427917,162.692688 
	C919.999390,161.897705 918.613281,161.500671 917.267944,160.995041 
	C898.098511,153.790497 878.340149,152.058533 858.256714,155.461472 
	C797.198730,165.807098 757.594971,225.678741 770.285889,286.588715 
	C779.165100,329.204071 821.130371,373.163879 879.464539,372.478302 
	C938.922546,371.779510 996.603699,318.209930 985.789978,245.886444 
	C984.670288,238.397751 977.232605,233.124176 969.677673,234.180588 
	C961.707703,235.295044 956.500305,242.290207 957.482605,250.185257 
	C958.118347,255.294724 958.804077,260.464478 958.691284,265.590149 
	C957.717712,309.814484 920.427917,340.240906 886.638123,343.787323 
	C836.698425,349.028809 788.601196,306.992950 797.417725,250.383316 
	C803.928711,208.577393 839.335938,180.349625 881.602051,182.131195 
	C891.350403,182.542084 900.908569,184.179459 910.859924,189.203979 
	C905.612915,190.613663 901.434143,191.494492 897.438110,192.896149 
	C894.835571,193.809006 892.106750,195.055878 890.120728,196.894394 
	C885.284912,201.371033 884.404480,209.090469 887.549072,214.878433 
	C890.709229,220.694916 897.468750,223.948486 904.062500,222.350266 
	C920.237244,218.429779 936.369995,214.334595 952.504456,210.249710 
	C963.494995,207.467133 967.933594,199.349350 964.194397,188.600006 
	C960.310791,177.435715 956.195251,166.352127 951.954712,154.487946 
M275.626465,320.499573 
	C275.626526,332.832825 275.524994,345.167206 275.660004,357.498993 
	C275.761169,366.740173 281.976349,372.584778 290.898712,372.184814 
	C298.703888,371.834930 304.014435,365.782043 304.030304,356.943634 
	C304.077209,330.777252 303.911469,304.609711 304.098175,278.444580 
	C304.212250,262.458191 312.460052,251.102524 326.494232,244.610687 
	C340.150726,238.293564 353.522858,240.258179 365.371338,249.843704 
	C375.397369,257.954865 379.546112,268.677002 379.448975,281.483887 
	C379.256897,306.815582 379.360138,332.149841 379.407135,357.482910 
	C379.424316,366.756836 385.486359,372.563385 394.521790,372.183228 
	C402.572906,371.844482 407.701935,365.838440 407.717957,356.475922 
	C407.761505,330.976196 407.716766,305.476288 407.738556,279.976471 
	C407.757202,258.163177 424.389801,241.161652 445.588013,241.237213 
	C466.566986,241.311996 483.108124,258.307220 483.117950,279.825226 
	C483.129578,305.325073 483.103973,330.824921 483.128540,356.324738 
	C483.137970,366.096191 488.502655,372.110260 497.155823,372.185974 
	C505.996185,372.263306 511.250519,366.479889 511.256500,356.579376 
	C511.272186,330.579559 511.479614,304.577393 511.202667,278.580536 
	C510.909729,251.079193 497.836304,230.793930 473.319214,219.308456 
	C448.507812,207.685120 424.631317,211.372864 403.304932,228.976410 
	C399.881256,231.802414 396.806000,235.050446 393.547943,238.123886 
	C367.289948,210.388138 337.602051,205.325684 304.193787,223.853699 
	C303.142639,214.493881 299.452332,209.361191 292.888855,208.054855 
	C283.219360,206.130356 275.659332,212.813461 275.643555,223.500214 
	C275.596375,255.499924 275.626587,287.499756 275.626465,320.499573 
M233.186905,204.289505 
	C213.535568,175.714691 187.188736,158.233185 152.157822,154.456955 
	C80.536980,146.736420 21.173637,209.111435 32.294899,280.274872 
	C42.415195,345.033234 111.928741,394.309296 185.289276,362.926483 
	C246.493774,336.743866 268.436981,262.795959 233.186905,204.289505 
M1044.234375,304.500610 
	C1044.235107,295.834656 1044.168335,287.168091 1044.250122,278.502899 
	C1044.439697,258.415192 1061.022461,241.725769 1081.192505,241.242996 
	C1101.684570,240.752518 1119.526489,256.648651 1119.991089,276.969574 
	C1120.600098,303.617859 1120.304077,330.286804 1120.403198,356.946838 
	C1120.438477,366.424438 1125.711060,372.155334 1134.404175,372.189270 
	C1142.877319,372.222351 1148.614624,366.247894 1148.639648,357.001404 
	C1148.709229,331.169952 1148.918701,305.335114 1148.605347,279.507294 
	C1148.065552,235.006516 1108.109741,204.298645 1065.037354,215.318298 
	C1058.081909,217.097778 1051.571533,220.616791 1044.729614,223.382553 
	C1044.664917,223.235992 1044.374512,222.825378 1044.302490,222.379501 
	C1042.647217,212.131134 1037.510254,207.317490 1028.784424,207.869354 
	C1020.761536,208.376785 1016.037964,214.529587 1016.004395,224.455688 
	C1015.941895,242.951508 1015.819885,261.447174 1015.793762,279.943024 
	C1015.757019,305.941223 1015.722778,331.939758 1015.827881,357.937561 
	C1015.854919,364.627472 1019.359375,369.388062 1025.048218,371.455109 
	C1034.679199,374.954529 1044.075806,368.267059 1044.183960,357.496735 
	C1044.358032,340.166290 1044.232910,322.832825 1044.234375,304.500610 
M576.158630,220.747147 
	C574.031006,221.937317 571.903381,223.127502 569.792297,224.308411 
	C569.460022,223.732178 569.202026,223.485794 569.182129,223.221481 
	C568.396057,212.774918 563.206970,207.459671 554.167480,207.868378 
	C546.003784,208.237518 540.992859,214.367508 540.990967,224.067200 
	C540.982239,268.211945 540.974243,312.356750 541.026184,356.501434 
	C541.028870,358.789948 541.191711,361.221008 541.959534,363.339386 
	C544.332336,369.885742 550.988464,373.326477 558.106995,372.030487 
	C564.419983,370.881104 569.082581,365.299286 569.097351,358.471222 
	C569.154419,332.151062 568.966675,305.829529 569.171265,279.510834 
	C569.338928,257.938293 586.547668,241.063904 607.723083,241.235840 
	C628.654236,241.405777 645.230164,258.457092 645.246704,279.881989 
	C645.266357,305.369354 645.233215,330.856720 645.260315,356.344055 
	C645.270935,366.276031 650.837769,372.268921 659.844055,372.185944 
	C668.249023,372.108459 673.464294,366.173798 673.468323,356.617554 
	C673.479248,330.463867 673.500854,304.310120 673.435913,278.156586 
	C673.427246,274.674622 673.242310,271.140137 672.631226,267.720703 
	C664.728516,223.501083 617.531799,200.196350 576.158630,220.747147 
M734.844971,301.500061 
	C734.844971,287.846222 734.845520,274.192383 734.844788,260.538544 
	C734.844238,249.548904 734.975342,238.557098 734.798218,227.570297 
	C734.657104,218.814392 728.633606,212.997910 720.314636,213.135345 
	C712.334717,213.267181 706.598083,218.917435 706.585022,227.166809 
	C706.515564,270.958771 706.483459,314.751221 706.700195,358.542206 
	C706.715271,361.578827 708.273621,365.035614 710.132141,367.542297 
	C713.529602,372.124725 720.130249,373.425293 725.554932,371.437653 
	C731.379028,369.303650 734.786316,364.382080 734.816650,357.448151 
	C734.896729,339.132446 734.844543,320.816132 734.844971,301.500061 
M1016.383728,423.437134 
	C1005.435242,423.385223 1005.433533,423.384705 1002.197693,433.888916 
	C1000.924805,438.020996 999.674927,442.160217 998.389160,446.288239 
	C997.329163,449.691040 996.231812,453.082184 994.745789,457.751892 
	C993.678284,454.856262 993.072754,453.358307 992.570374,451.826538 
	C989.922729,443.754974 986.940674,435.768524 984.808411,427.561920 
	C983.568848,422.791168 980.506836,423.577545 977.220032,423.354645 
	C973.985901,423.135345 972.619690,424.286835 971.704529,427.458191 
	C969.491150,435.128571 966.756165,442.648407 964.233032,450.229492 
	C963.538086,452.317383 962.848816,454.407166 962.156921,456.496094 
	C961.784485,456.444275 961.412109,456.392456 961.039673,456.340637 
	C957.648682,445.422363 954.257751,434.504120 950.926880,423.779480 
	C946.638428,423.779480 942.756958,423.779480 938.270996,423.779480 
	C944.322083,441.544739 950.198914,458.798309 956.026428,475.906982 
	C966.252563,476.704834 966.228699,476.696594 969.423035,467.436005 
	C972.093323,459.694580 974.828003,451.975311 978.027527,442.837036 
	C981.262085,452.112030 984.007019,459.882965 986.681274,467.678131 
	C989.667786,476.383362 989.640015,476.396149 998.921875,476.133759 
	C999.219604,476.125336 999.511230,475.899567 1000.107605,475.647461 
	C1004.637878,462.310883 1009.277954,448.792633 1013.803467,435.236115 
	C1015.048767,431.505768 1015.951538,427.661072 1016.383728,423.437134 
M1137.343506,462.912506 
	C1139.759033,466.496979 1142.081055,470.150543 1144.646118,473.624603 
	C1145.430420,474.686737 1146.832642,475.838318 1148.037964,475.941406 
	C1151.614136,476.247192 1155.233032,476.050903 1159.867920,476.050903 
	C1155.423950,469.416290 1151.500854,463.559265 1147.482422,457.559814 
	C1148.673340,456.809204 1149.646240,456.215302 1150.599731,455.591797 
	C1156.643311,451.639191 1159.298218,444.980408 1157.899414,437.303986 
	C1156.640381,430.394684 1151.846802,424.883972 1144.578247,424.355682 
	C1134.718140,423.639008 1124.766846,424.177277 1114.591064,424.177277 
	C1114.591064,441.192657 1114.591064,458.397308 1114.591064,475.828369 
	C1118.478516,475.828369 1122.078979,475.828369 1126.290283,475.828369 
	C1126.290283,470.310364 1126.290283,464.923431 1126.290283,459.294769 
	C1130.500122,459.451569 1134.594482,457.514130 1137.343506,462.912506 
M914.500000,458.889526 
	C918.440002,444.689636 913.677246,432.156433 901.982300,425.949036 
	C890.387634,419.794861 874.958313,422.415283 866.885742,432.194275 
	C859.528137,441.107056 858.135620,451.174408 863.044373,461.588593 
	C868.022522,472.150177 877.076843,476.887146 888.502441,476.723969 
	C900.586853,476.551392 909.435791,471.018555 914.500000,458.889526 
M1085.176025,473.141388 
	C1085.176025,470.692261 1085.176025,468.243134 1085.176025,465.366272 
	C1075.575562,465.366272 1066.503540,465.366272 1057.307373,465.366272 
	C1057.307373,461.690887 1057.307373,458.456970 1057.307373,454.864624 
	C1065.341553,454.864624 1073.096436,454.864624 1080.999512,454.864624 
	C1080.999512,451.247925 1080.999512,448.000763 1080.999512,444.394165 
	C1072.960205,444.394165 1065.202637,444.394165 1057.309937,444.394165 
	C1057.309937,440.807098 1057.309937,437.589844 1057.309937,434.047821 
	C1066.553223,434.047821 1075.511963,434.047821 1084.573242,434.047821 
	C1084.573242,430.458588 1084.573242,427.200989 1084.573242,423.703918 
	C1071.421021,423.703918 1058.529419,423.703918 1045.439209,423.703918 
	C1045.439209,441.202087 1045.439209,458.408051 1045.439209,476.047607 
	C1058.185913,476.047607 1070.632812,476.080688 1083.078125,475.960724 
	C1083.780640,475.953949 1084.471069,474.689148 1085.176025,473.141388 
M793.651062,458.497589 
	C793.651062,464.257294 793.651062,470.016998 793.651062,475.747742 
	C797.851868,475.747742 801.422668,475.747742 805.516846,475.747742 
	C805.516846,470.565979 805.516846,465.670959 805.516846,460.665375 
	C810.328003,460.416687 814.650513,460.460510 818.898499,459.918976 
	C828.214722,458.731384 834.464722,452.289124 835.040100,443.695251 
	C835.693115,433.941193 831.067017,426.090393 822.024292,424.650879 
	C812.832886,423.187683 803.356750,423.513367 793.651123,423.038361 
	C793.651123,435.263672 793.651123,446.381073 793.651062,458.497589 
z"/>
<path fill="#FAB517" opacity="1.000000" stroke="none" 
	d="
M952.067932,154.860596 
	C956.195251,166.352127 960.310791,177.435715 964.194397,188.600006 
	C967.933594,199.349350 963.494995,207.467133 952.504456,210.249710 
	C936.369995,214.334595 920.237244,218.429779 904.062500,222.350266 
	C897.468750,223.948486 890.709229,220.694916 887.549072,214.878433 
	C884.404480,209.090469 885.284912,201.371033 890.120728,196.894394 
	C892.106750,195.055878 894.835571,193.809006 897.438110,192.896149 
	C901.434143,191.494492 905.612915,190.613663 910.859924,189.203979 
	C900.908569,184.179459 891.350403,182.542084 881.602051,182.131195 
	C839.335938,180.349625 803.928711,208.577393 797.417725,250.383316 
	C788.601196,306.992950 836.698425,349.028809 886.638123,343.787323 
	C920.427917,340.240906 957.717712,309.814484 958.691284,265.590149 
	C958.804077,260.464478 958.118347,255.294724 957.482605,250.185257 
	C956.500305,242.290207 961.707703,235.295044 969.677673,234.180588 
	C977.232605,233.124176 984.670288,238.397751 985.789978,245.886444 
	C996.603699,318.209930 938.922546,371.779510 879.464539,372.478302 
	C821.130371,373.163879 779.165100,329.204071 770.285889,286.588715 
	C757.594971,225.678741 797.198730,165.807098 858.256714,155.461472 
	C878.340149,152.058533 898.098511,153.790497 917.267944,160.995041 
	C918.613281,161.500671 919.999390,161.897705 922.427917,162.692688 
	C921.144287,159.073853 920.122986,156.357773 919.214905,153.604355 
	C916.348999,144.915253 920.160217,136.417694 928.157776,133.572983 
	C936.572937,130.579727 944.745911,134.732513 948.039673,143.690033 
	C949.360962,147.283340 950.650635,150.888290 952.067932,154.860596 
z"/>
<path fill="#030303" opacity="1.000000" stroke="none" 
	d="
M275.626526,319.999573 
	C275.626587,287.499756 275.596375,255.499924 275.643555,223.500214 
	C275.659332,212.813461 283.219360,206.130356 292.888855,208.054855 
	C299.452332,209.361191 303.142639,214.493881 304.193787,223.853699 
	C337.602051,205.325684 367.289948,210.388138 393.547943,238.123886 
	C396.806000,235.050446 399.881256,231.802414 403.304932,228.976410 
	C424.631317,211.372864 448.507812,207.685120 473.319214,219.308456 
	C497.836304,230.793930 510.909729,251.079193 511.202667,278.580536 
	C511.479614,304.577393 511.272186,330.579559 511.256500,356.579376 
	C511.250519,366.479889 505.996185,372.263306 497.155823,372.185974 
	C488.502655,372.110260 483.137970,366.096191 483.128540,356.324738 
	C483.103973,330.824921 483.129578,305.325073 483.117950,279.825226 
	C483.108124,258.307220 466.566986,241.311996 445.588013,241.237213 
	C424.389801,241.161652 407.757202,258.163177 407.738556,279.976471 
	C407.716766,305.476288 407.761505,330.976196 407.717957,356.475922 
	C407.701935,365.838440 402.572906,371.844482 394.521790,372.183228 
	C385.486359,372.563385 379.424316,366.756836 379.407135,357.482910 
	C379.360138,332.149841 379.256897,306.815582 379.448975,281.483887 
	C379.546112,268.677002 375.397369,257.954865 365.371338,249.843704 
	C353.522858,240.258179 340.150726,238.293564 326.494232,244.610687 
	C312.460052,251.102524 304.212250,262.458191 304.098175,278.444580 
	C303.911469,304.609711 304.077209,330.777252 304.030304,356.943634 
	C304.014435,365.782043 298.703888,371.834930 290.898712,372.184814 
	C281.976349,372.584778 275.761169,366.740173 275.660004,357.498993 
	C275.524994,345.167206 275.626526,332.832825 275.626526,319.999573 
z"/>
<path fill="#030303" opacity="1.000000" stroke="none" 
	d="
M233.393127,204.587631 
	C268.436981,262.795959 246.493774,336.743866 185.289276,362.926483 
	C111.928741,394.309296 42.415195,345.033234 32.294899,280.274872 
	C21.173637,209.111435 80.536980,146.736420 152.157822,154.456955 
	C187.188736,158.233185 213.535568,175.714691 233.393127,204.587631 
M181.624252,333.214355 
	C213.564606,313.427795 228.201218,278.851685 219.567764,243.580322 
	C208.950470,200.204178 164.957779,173.725540 120.928917,184.210876 
	C78.374107,194.345139 51.117496,238.865723 61.553585,281.936859 
	C73.925629,332.997864 131.271957,360.752716 181.624252,333.214355 
z"/>
<path fill="#040404" opacity="1.000000" stroke="none" 
	d="
M1044.234375,305.000610 
	C1044.232910,322.832825 1044.358032,340.166290 1044.183960,357.496735 
	C1044.075806,368.267059 1034.679199,374.954529 1025.048218,371.455109 
	C1019.359375,369.388062 1015.854919,364.627472 1015.827881,357.937561 
	C1015.722778,331.939758 1015.757019,305.941223 1015.793762,279.943024 
	C1015.819885,261.447174 1015.941895,242.951508 1016.004395,224.455688 
	C1016.037964,214.529587 1020.761536,208.376785 1028.784424,207.869354 
	C1037.510254,207.317490 1042.647217,212.131134 1044.302490,222.379501 
	C1044.374512,222.825378 1044.664917,223.235992 1044.729614,223.382553 
	C1051.571533,220.616791 1058.081909,217.097778 1065.037354,215.318298 
	C1108.109741,204.298645 1148.065552,235.006516 1148.605347,279.507294 
	C1148.918701,305.335114 1148.709229,331.169952 1148.639648,357.001404 
	C1148.614624,366.247894 1142.877319,372.222351 1134.404175,372.189270 
	C1125.711060,372.155334 1120.438477,366.424438 1120.403198,356.946838 
	C1120.304077,330.286804 1120.600098,303.617859 1119.991089,276.969574 
	C1119.526489,256.648651 1101.684570,240.752518 1081.192505,241.242996 
	C1061.022461,241.725769 1044.439697,258.415192 1044.250122,278.502899 
	C1044.168335,287.168091 1044.235107,295.834656 1044.234375,305.000610 
z"/>
<path fill="#030303" opacity="1.000000" stroke="none" 
	d="
M576.474609,220.540665 
	C617.531799,200.196350 664.728516,223.501083 672.631226,267.720703 
	C673.242310,271.140137 673.427246,274.674622 673.435913,278.156586 
	C673.500854,304.310120 673.479248,330.463867 673.468323,356.617554 
	C673.464294,366.173798 668.249023,372.108459 659.844055,372.185944 
	C650.837769,372.268921 645.270935,366.276031 645.260315,356.344055 
	C645.233215,330.856720 645.266357,305.369354 645.246704,279.881989 
	C645.230164,258.457092 628.654236,241.405777 607.723083,241.235840 
	C586.547668,241.063904 569.338928,257.938293 569.171265,279.510834 
	C568.966675,305.829529 569.154419,332.151062 569.097351,358.471222 
	C569.082581,365.299286 564.419983,370.881104 558.106995,372.030487 
	C550.988464,373.326477 544.332336,369.885742 541.959534,363.339386 
	C541.191711,361.221008 541.028870,358.789948 541.026184,356.501434 
	C540.974243,312.356750 540.982239,268.211945 540.990967,224.067200 
	C540.992859,214.367508 546.003784,208.237518 554.167480,207.868378 
	C563.206970,207.459671 568.396057,212.774918 569.182129,223.221481 
	C569.202026,223.485794 569.460022,223.732178 569.792297,224.308411 
	C571.903381,223.127502 574.031006,221.937317 576.474609,220.540665 
z"/>
<path fill="#030303" opacity="1.000000" stroke="none" 
	d="
M734.844971,302.000061 
	C734.844543,320.816132 734.896729,339.132446 734.816650,357.448151 
	C734.786316,364.382080 731.379028,369.303650 725.554932,371.437653 
	C720.130249,373.425293 713.529602,372.124725 710.132141,367.542297 
	C708.273621,365.035614 706.715271,361.578827 706.700195,358.542206 
	C706.483459,314.751221 706.515564,270.958771 706.585022,227.166809 
	C706.598083,218.917435 712.334717,213.267181 720.314636,213.135345 
	C728.633606,212.997910 734.657104,218.814392 734.798218,227.570297 
	C734.975342,238.557098 734.844238,249.548904 734.844788,260.538544 
	C734.845520,274.192383 734.844971,287.846222 734.844971,302.000061 
z"/>
<path fill="#0A0A0A" opacity="1.000000" stroke="none" 
	d="
M1016.697632,423.652985 
	C1015.951538,427.661072 1015.048767,431.505768 1013.803467,435.236115 
	C1009.277954,448.792633 1004.637878,462.310883 1000.107605,475.647461 
	C999.511230,475.899567 999.219604,476.125336 998.921875,476.133759 
	C989.640015,476.396149 989.667786,476.383362 986.681274,467.678131 
	C984.007019,459.882965 981.262085,452.112030 978.027527,442.837036 
	C974.828003,451.975311 972.093323,459.694580 969.423035,467.436005 
	C966.228699,476.696594 966.252563,476.704834 956.026428,475.906982 
	C950.198914,458.798309 944.322083,441.544739 938.270996,423.779480 
	C942.756958,423.779480 946.638428,423.779480 950.926880,423.779480 
	C954.257751,434.504120 957.648682,445.422363 961.039673,456.340637 
	C961.412109,456.392456 961.784485,456.444275 962.156921,456.496094 
	C962.848816,454.407166 963.538086,452.317383 964.233032,450.229492 
	C966.756165,442.648407 969.491150,435.128571 971.704529,427.458191 
	C972.619690,424.286835 973.985901,423.135345 977.220032,423.354645 
	C980.506836,423.577545 983.568848,422.791168 984.808411,427.561920 
	C986.940674,435.768524 989.922729,443.754974 992.570374,451.826538 
	C993.072754,453.358307 993.678284,454.856262 994.745789,457.751892 
	C996.231812,453.082184 997.329163,449.691040 998.389160,446.288239 
	C999.674927,442.160217 1000.924805,438.020996 1002.197693,433.888916 
	C1005.433533,423.384705 1005.435242,423.385223 1016.697632,423.652985 
z"/>
<path fill="#0B0B0B" opacity="1.000000" stroke="none" 
	d="
M1137.118042,462.579346 
	C1134.594482,457.514130 1130.500122,459.451569 1126.290283,459.294769 
	C1126.290283,464.923431 1126.290283,470.310364 1126.290283,475.828369 
	C1122.078979,475.828369 1118.478516,475.828369 1114.591064,475.828369 
	C1114.591064,458.397308 1114.591064,441.192657 1114.591064,424.177277 
	C1124.766846,424.177277 1134.718140,423.639008 1144.578247,424.355682 
	C1151.846802,424.883972 1156.640381,430.394684 1157.899414,437.303986 
	C1159.298218,444.980408 1156.643311,451.639191 1150.599731,455.591797 
	C1149.646240,456.215302 1148.673340,456.809204 1147.482422,457.559814 
	C1151.500854,463.559265 1155.423950,469.416290 1159.867920,476.050903 
	C1155.233032,476.050903 1151.614136,476.247192 1148.037964,475.941406 
	C1146.832642,475.838318 1145.430420,474.686737 1144.646118,473.624603 
	C1142.081055,470.150543 1139.759033,466.496979 1137.118042,462.579346 
M1141.331909,448.292633 
	C1145.174927,446.890137 1146.831665,444.160858 1146.145630,440.126740 
	C1145.468262,436.143219 1142.507690,434.613281 1138.988037,434.359833 
	C1134.899780,434.065369 1130.773926,434.291168 1126.431641,434.291168 
	C1126.431641,439.176880 1126.431641,443.732544 1126.431641,448.492126 
	C1131.315186,448.492126 1135.914185,448.492126 1141.331909,448.292633 
z"/>
<path fill="#090909" opacity="1.000000" stroke="none" 
	d="
M914.368408,459.262207 
	C909.435791,471.018555 900.586853,476.551392 888.502441,476.723969 
	C877.076843,476.887146 868.022522,472.150177 863.044373,461.588593 
	C858.135620,451.174408 859.528137,441.107056 866.885742,432.194275 
	C874.958313,422.415283 890.387634,419.794861 901.982300,425.949036 
	C913.677246,432.156433 918.440002,444.689636 914.368408,459.262207 
M877.772278,461.739471 
	C884.133728,466.893066 891.611389,467.385284 897.453735,463.034943 
	C903.180603,458.770599 905.365662,450.741913 902.710938,443.717560 
	C900.117981,436.856262 893.715576,432.988403 886.046204,433.850098 
	C880.240173,434.502441 876.151917,437.739746 874.055786,443.106049 
	C871.485779,449.685364 872.456970,455.830353 877.772278,461.739471 
z"/>
<path fill="#0C0C0C" opacity="1.000000" stroke="none" 
	d="
M1085.171509,473.575623 
	C1084.471069,474.689148 1083.780640,475.953949 1083.078125,475.960724 
	C1070.632812,476.080688 1058.185913,476.047607 1045.439209,476.047607 
	C1045.439209,458.408051 1045.439209,441.202087 1045.439209,423.703918 
	C1058.529419,423.703918 1071.421021,423.703918 1084.573242,423.703918 
	C1084.573242,427.200989 1084.573242,430.458588 1084.573242,434.047821 
	C1075.511963,434.047821 1066.553223,434.047821 1057.309937,434.047821 
	C1057.309937,437.589844 1057.309937,440.807098 1057.309937,444.394165 
	C1065.202637,444.394165 1072.960205,444.394165 1080.999512,444.394165 
	C1080.999512,448.000763 1080.999512,451.247925 1080.999512,454.864624 
	C1073.096436,454.864624 1065.341553,454.864624 1057.307373,454.864624 
	C1057.307373,458.456970 1057.307373,461.690887 1057.307373,465.366272 
	C1066.503540,465.366272 1075.575562,465.366272 1085.176025,465.366272 
	C1085.176025,468.243134 1085.176025,470.692261 1085.171509,473.575623 
z"/>
<path fill="#060606" opacity="1.000000" stroke="none" 
	d="
M793.651123,457.998047 
	C793.651123,446.381073 793.651123,435.263672 793.651123,423.038361 
	C803.356750,423.513367 812.832886,423.187683 822.024292,424.650879 
	C831.067017,426.090393 835.693115,433.941193 835.040100,443.695251 
	C834.464722,452.289124 828.214722,458.731384 818.898499,459.918976 
	C814.650513,460.460510 810.328003,460.416687 805.516846,460.665375 
	C805.516846,465.670959 805.516846,470.565979 805.516846,475.747742 
	C801.422668,475.747742 797.851868,475.747742 793.651062,475.747742 
	C793.651062,470.016998 793.651062,464.257294 793.651123,457.998047 
M805.268616,436.868652 
	C805.268616,441.105957 805.268616,445.343292 805.268616,449.762115 
	C809.365906,449.762115 812.698975,450.037354 815.968872,449.699982 
	C821.359985,449.143677 824.706421,444.661102 822.817200,439.896942 
	C821.945984,437.699768 819.221924,435.248383 816.968811,434.810120 
	C813.192139,434.075470 808.788940,432.049774 805.268616,436.868652 
z"/>
<path fill="#FEFEFE" opacity="1.000000" stroke="none" 
	d="
M181.318222,333.419128 
	C131.271957,360.752716 73.925629,332.997864 61.553585,281.936859 
	C51.117496,238.865723 78.374107,194.345139 120.928917,184.210876 
	C164.957779,173.725540 208.950470,200.204178 219.567764,243.580322 
	C228.201218,278.851685 213.564606,313.427795 181.318222,333.419128 
z"/>
<path fill="#F2F2F2" opacity="1.000000" stroke="none" 
	d="
M1140.922607,448.392395 
	C1135.914185,448.492126 1131.315186,448.492126 1126.431641,448.492126 
	C1126.431641,443.732544 1126.431641,439.176880 1126.431641,434.291168 
	C1130.773926,434.291168 1134.899780,434.065369 1138.988037,434.359833 
	C1142.507690,434.613281 1145.468262,436.143219 1146.145630,440.126740 
	C1146.831665,444.160858 1145.174927,446.890137 1140.922607,448.392395 
z"/>
<path fill="#FAFAFA" opacity="1.000000" stroke="none" 
	d="
M877.507202,461.474487 
	C872.456970,455.830353 871.485779,449.685364 874.055786,443.106049 
	C876.151917,437.739746 880.240173,434.502441 886.046204,433.850098 
	C893.715576,432.988403 900.117981,436.856262 902.710938,443.717560 
	C905.365662,450.741913 903.180603,458.770599 897.453735,463.034943 
	C891.611389,467.385284 884.133728,466.893066 877.507202,461.474487 
z"/>
<path fill="#EFEFEF" opacity="1.000000" stroke="none" 
	d="
M805.276123,436.410034 
	C808.788940,432.049774 813.192139,434.075470 816.968811,434.810120 
	C819.221924,435.248383 821.945984,437.699768 822.817200,439.896942 
	C824.706421,444.661102 821.359985,449.143677 815.968872,449.699982 
	C812.698975,450.037354 809.365906,449.762115 805.268616,449.762115 
	C805.268616,445.343292 805.268616,441.105957 805.276123,436.410034 
z"/>
</svg>