<svg version="1.1" id="Layer_1" xmlns="http://www.w3.org/2000/svg" xmlns:xlink="http://www.w3.org/1999/xlink" x="0px" y="0px"
	 width="100%" viewBox="0 0 1366 768" enable-background="new 0 0 1366 768" xml:space="preserve">
<path fill="#FEFEFD" opacity="1.000000" stroke="none" 
	d="
M1367.000000,595.000000 
	C1367.000000,652.987488 1367.000000,710.974915 1367.000000,768.981201 
	C911.777588,768.981201 456.555176,768.981201 1.000000,768.981201 
	C1.000000,640.638794 1.000000,512.277344 1.388707,383.549377 
	C2.228761,384.581970 2.892656,385.950439 3.099074,387.384766 
	C5.580844,404.629761 10.671250,421.107727 18.276426,436.727661 
	C42.524780,486.530396 81.256180,519.302429 134.378525,535.263672 
	C134.097610,536.658325 133.992020,537.658386 133.729782,538.615601 
	C129.997711,552.237854 126.330467,565.878967 122.445679,579.457764 
	C121.226059,583.720703 122.023064,586.053528 126.786705,586.649292 
	C139.465881,588.235168 152.078690,590.901794 164.795853,591.511047 
	C186.394226,592.545715 207.521240,589.091736 228.079193,582.080444 
	C256.157837,572.504211 280.582062,557.115234 301.077423,535.828857 
	C324.911743,511.074646 340.505402,481.715851 347.843353,448.046509 
	C354.689697,416.632935 353.507202,385.502869 343.914764,354.871887 
	C332.840881,319.510437 312.845612,290.028687 283.981812,266.658295 
	C264.465179,250.856079 242.624344,239.613922 218.398087,232.699280 
	C219.210571,229.214706 219.920044,226.136719 220.755936,223.093460 
	C224.055588,211.080368 227.405685,199.081146 230.711487,187.069733 
	C231.481445,184.272125 231.016678,182.116943 227.650803,181.509705 
	C219.967056,180.123489 212.347260,178.156662 204.605301,177.356628 
	C160.914093,172.841843 120.191818,181.692581 83.432617,206.089859 
	C38.523479,235.896271 11.850789,277.698883 3.026568,330.898010 
	C2.787755,332.337769 1.694700,333.635864 1.000000,335.000000 
	C1.000000,223.687073 1.000000,112.374130 1.000000,1.030599 
	C456.229492,1.030599 911.458984,1.030599 1367.000000,1.030599 
	C1367.000000,191.027924 1367.000000,381.056000 1366.668091,571.633118 
	C1363.092896,575.579834 1359.849487,578.977539 1356.310669,582.684814 
	C1354.130371,579.926514 1352.056396,576.989380 1349.647217,574.359375 
	C1347.891357,572.442566 1347.694214,572.623169 1346.474365,575.652100 
	C1346.379395,577.052979 1346.390625,578.084290 1346.062500,579.332825 
	C1345.242554,582.920837 1344.314331,586.311523 1344.462524,589.654358 
	C1344.541504,591.434021 1346.126343,594.083130 1347.662109,594.659119 
	C1350.507690,595.726624 1351.450073,593.285217 1351.808716,590.717163 
	C1351.997192,589.367859 1352.686646,588.088501 1353.242676,587.015564 
	C1353.416260,587.403564 1353.496826,587.553589 1353.446777,588.040039 
	C1354.555420,589.428223 1355.794556,590.479858 1357.033813,591.531494 
	C1357.727783,590.387573 1358.421753,589.243652 1359.115479,588.085266 
	C1359.115479,588.070862 1359.124390,588.101868 1359.471436,588.060547 
	C1360.560059,588.721191 1361.968018,589.458313 1361.933105,590.119263 
	C1361.735107,593.869019 1363.483765,595.270325 1367.000000,595.000000 
M818.769958,321.529938 
	C825.524475,296.643616 832.279053,271.757263 839.349854,245.705673 
	C840.570618,247.469070 841.023315,247.921463 841.241638,248.467575 
	C849.568848,269.293976 857.885437,290.124603 866.180237,310.963928 
	C874.166870,331.029114 882.153259,351.094482 890.074158,371.185638 
	C891.287354,374.262878 892.854370,376.025726 896.608765,375.901184 
	C900.454285,375.773651 901.226196,373.095306 902.275024,370.563141 
	C904.431030,365.358551 906.344971,360.054382 908.437927,354.822937 
	C919.491943,327.192291 930.562134,299.568146 941.646057,271.949493 
	C944.879761,263.891632 948.176941,255.859222 951.938965,246.599579 
	C953.133545,248.824173 953.934265,249.831268 954.247620,250.972229 
	C958.207947,265.392365 962.122314,279.825348 966.000793,294.267822 
	C972.724060,319.303711 979.495117,344.327423 986.030762,369.412323 
	C987.013733,373.185028 988.681885,374.712494 992.534058,374.587982 
	C998.693787,374.388855 1004.864929,374.573944 1011.030579,374.520782 
	C1015.991272,374.477997 1016.473816,373.688843 1015.135071,368.855408 
	C1011.052490,354.115631 1006.961609,339.377716 1002.986389,324.608765 
	C996.593933,300.859222 990.345703,277.070770 983.936035,253.325897 
	C977.394043,229.090897 970.560425,204.932755 964.266907,180.634140 
	C963.030273,175.859619 960.998962,174.517410 956.410767,174.681824 
	C953.000488,174.804031 951.172791,175.919189 950.249695,179.131165 
	C949.566406,181.508286 948.529907,183.786728 947.607361,186.091751 
	C931.062317,227.432327 914.519836,268.773956 897.917114,310.091370 
	C897.399170,311.380402 896.242920,312.412964 894.882324,314.238556 
	C884.969299,289.084869 875.470825,265.008972 865.992676,240.925049 
	C857.775818,220.046036 849.601074,199.150391 841.330444,178.292755 
	C840.837402,177.049255 839.873657,175.484467 838.761108,175.079330 
	C832.795654,172.906982 829.010437,175.206161 827.458984,181.402069 
	C825.643860,188.650864 823.712219,195.871109 821.772827,203.088074 
	C816.857300,221.380280 811.911194,239.664230 806.973816,257.950562 
	C802.164124,275.764221 797.348083,293.576172 792.538574,311.389862 
	C787.298950,330.796753 782.135864,350.224823 776.763916,369.594971 
	C775.725464,373.339325 776.988770,374.544678 780.460388,374.537170 
	C786.626526,374.523773 792.817444,374.195892 798.950500,374.646362 
	C803.451904,374.976990 805.215454,372.997955 806.232056,369.094940 
	C810.296082,353.491486 814.483887,337.920288 818.769958,321.529938 
M986.752136,507.404449 
	C996.609375,470.968506 1006.466614,434.532562 1016.539429,397.299774 
	C1006.750061,397.299774 998.279114,397.159210 989.823792,397.458496 
	C988.621704,397.501038 986.887268,399.487061 986.440369,400.902344 
	C984.642639,406.595673 983.260071,412.419739 981.713318,418.192657 
	C972.725159,451.739258 963.750183,485.289429 954.698364,518.818909 
	C954.211975,520.620850 953.070923,522.246033 951.848389,524.742004 
	C941.686218,499.382263 932.049011,475.330475 922.410217,451.279327 
	C915.734802,434.622375 909.095764,417.950623 902.343445,401.324890 
	C901.198853,398.506470 900.416931,395.324890 896.089722,395.265259 
	C891.754028,395.205566 890.883850,398.316864 889.725708,401.162445 
	C886.848633,408.231567 884.215576,415.399536 881.395691,422.492523 
	C870.159424,450.755646 858.902039,479.010406 847.620605,507.255493 
	C845.332764,512.983521 842.906067,518.656128 840.081909,525.466980 
	C839.156799,523.436462 838.737671,522.764893 838.534363,522.033325 
	C835.199707,510.030792 831.835327,498.036041 828.592102,486.008698 
	C823.574036,467.399200 818.641846,448.766541 813.675537,430.143066 
	C811.192566,420.832092 808.719788,411.518341 806.231384,402.208832 
	C805.323669,398.812866 803.651855,396.891571 799.568420,397.155548 
	C793.428162,397.552521 787.240112,397.373901 781.078247,397.212738 
	C777.190918,397.111084 775.572693,397.948212 776.833191,402.385803 
	C781.101929,417.414337 785.031921,432.539185 789.083862,447.629272 
	C793.695312,464.803101 798.258850,481.989868 802.916138,499.151276 
	C807.963135,517.748474 813.123779,536.314880 818.178162,554.910156 
	C821.488586,567.089478 824.640503,579.312195 828.033508,591.468079 
	C828.412170,592.824585 829.694031,594.584656 830.913269,594.941895 
	C837.672791,596.922668 840.824036,595.082886 843.391541,588.436707 
	C848.421509,575.416626 853.530151,562.426880 858.609192,549.425842 
	C868.104126,525.121704 877.583069,500.811249 887.109680,476.519501 
	C889.557739,470.277222 892.158508,464.094818 895.060242,456.974121 
	C896.321899,458.800415 897.228027,459.730774 897.690674,460.845276 
	C900.176086,466.832764 902.557251,472.863617 904.963501,478.883850 
	C919.834595,516.090759 934.693909,553.302307 949.584473,590.501343 
	C951.245178,594.650024 958.249023,596.992798 962.264587,594.726074 
	C962.975464,594.324829 963.489868,593.254395 963.730652,592.391235 
	C966.097290,583.907837 968.388794,575.403381 970.697998,566.903931 
	C976.013306,547.340698 981.326599,527.776917 986.752136,507.404449 
M625.673035,412.200348 
	C601.359863,429.806213 587.568787,453.991302 584.542053,483.393707 
	C580.770447,520.031555 591.818909,551.915710 620.910828,575.815796 
	C635.667908,587.939209 652.374573,596.274658 672.422424,595.179382 
	C678.566345,594.843689 684.745056,595.188904 690.906189,595.106018 
	C695.396606,595.045654 700.089294,595.589905 704.339172,594.495422 
	C726.963928,588.668884 746.184204,577.041992 759.661682,557.765259 
	C784.957764,521.584717 787.336975,483.102936 766.693665,444.369965 
	C749.670715,412.429565 721.789978,395.765656 685.445068,394.265106 
	C663.830994,393.372772 644.087524,399.553741 625.673035,412.200348 
M615.528320,308.573242 
	C615.528809,307.573547 615.645142,306.557892 615.510193,305.576813 
	C614.840393,300.708191 616.266968,298.626495 621.752563,299.339233 
	C626.995667,300.020538 632.440308,299.917694 637.712158,299.361450 
	C641.734985,298.937012 643.755676,300.381378 645.653931,303.633301 
	C658.378113,325.431580 671.311035,347.108093 684.004395,368.924103 
	C685.750305,371.924622 687.700012,373.109192 691.137634,373.015991 
	C699.128540,372.799347 707.129578,372.978058 715.126099,372.929565 
	C716.664673,372.920227 718.201416,372.604889 720.618347,372.331085 
	C714.462646,362.307129 708.834229,353.141052 703.205139,343.975403 
	C693.554749,328.261932 683.943115,312.524475 674.219604,296.856354 
	C672.317139,293.790802 672.353516,292.208313 676.085693,290.455383 
	C691.174438,283.368408 701.940491,272.292389 707.388062,256.143494 
	C719.020020,221.661346 700.316711,187.769318 665.007080,178.922699 
	C641.026672,172.914551 617.101257,175.418152 593.057251,177.674026 
	C587.320618,178.212250 586.179565,180.795059 586.241150,186.091827 
	C586.518250,209.912506 586.362366,233.738235 586.362427,257.562134 
	C586.362549,294.214294 586.418701,330.866669 586.284851,367.518341 
	C586.269714,371.655182 587.532715,373.191162 591.697754,373.018372 
	C597.851379,372.763123 604.031189,372.762756 610.184937,373.016449 
	C614.334717,373.187561 615.650391,371.690887 615.610596,367.532745 
	C615.425354,348.208832 615.527832,328.882172 615.528320,308.573242 
M1175.403320,447.499969 
	C1175.403320,480.658661 1175.403198,513.817383 1175.403442,546.976074 
	C1175.403564,560.972656 1175.518677,574.970825 1175.327271,588.964783 
	C1175.277222,592.629028 1176.579468,594.210205 1180.105103,594.251404 
	C1185.598267,594.315491 1191.091064,594.454590 1196.584351,594.480103 
	C1203.771118,594.513428 1203.986206,594.275085 1203.987549,587.285767 
	C1203.991577,566.790771 1204.119995,546.294373 1203.896362,525.801819 
	C1203.844360,521.037109 1205.600464,519.690796 1210.038940,519.892151 
	C1216.024658,520.163696 1222.052734,519.675232 1228.018433,520.114075 
	C1230.057495,520.264099 1232.784424,521.734680 1233.805786,523.436768 
	C1247.136597,545.651611 1260.137207,568.064697 1273.496582,590.262085 
	C1274.699097,592.260132 1277.746582,594.157776 1280.049194,594.300781 
	C1288.016602,594.795776 1296.034424,594.568237 1304.031128,594.467224 
	C1308.680298,594.408508 1309.437622,592.914673 1307.052856,589.036194 
	C1293.215210,566.530701 1279.357422,544.037476 1265.545654,521.516174 
	C1260.225342,512.840881 1259.744263,514.048401 1268.648315,509.433441 
	C1300.972900,492.679718 1306.929443,452.398193 1291.682251,426.800690 
	C1280.658325,408.293488 1262.655762,400.575806 1242.424316,397.402466 
	C1221.685181,394.149536 1200.989746,396.425842 1180.315674,398.934204 
	C1175.988159,399.459320 1175.296265,401.272430 1175.340210,405.010834 
	C1175.502808,418.838867 1175.404419,432.669983 1175.403320,447.499969 
M1063.893921,530.500122 
	C1063.894653,525.001465 1064.199341,519.481140 1063.808228,514.010498 
	C1063.440308,508.866241 1065.381958,507.488617 1070.377808,507.540344 
	C1093.203125,507.776764 1116.032715,507.563721 1138.859497,507.713898 
	C1143.217285,507.742554 1144.882202,506.247070 1144.651489,501.889374 
	C1144.387451,496.904572 1144.306030,491.874146 1144.672119,486.902344 
	C1145.016113,482.229340 1143.332520,480.919525 1138.720703,480.963318 
	C1116.061646,481.178497 1093.399536,481.063416 1070.738403,481.059113 
	C1063.924683,481.057800 1063.906738,481.049133 1063.900269,473.988037 
	C1063.886963,459.491608 1063.889771,444.995148 1063.896362,430.498718 
	C1063.899414,423.855316 1063.910400,423.840515 1070.537720,423.838715 
	C1096.364746,423.831665 1122.192261,423.759918 1148.018311,423.911041 
	C1152.128540,423.935059 1153.776367,422.654480 1153.613647,418.500854 
	C1153.398560,413.010590 1153.375732,407.497406 1153.621216,402.009796 
	C1153.790771,398.223053 1152.310669,397.178528 1148.669922,397.188965 
	C1112.512329,397.292633 1076.354248,397.294800 1040.196777,397.187042 
	C1036.313721,397.175476 1034.991699,398.394928 1034.997925,402.353210 
	C1035.095337,464.671112 1035.085083,526.989197 1035.014771,589.307190 
	C1035.010742,592.869019 1036.140259,594.532898 1039.846436,594.528137 
	C1076.170898,594.481567 1112.495239,594.479370 1148.819702,594.533630 
	C1152.252075,594.538757 1153.647583,593.102295 1153.586182,589.739014 
	C1153.488892,584.408752 1153.573364,579.075439 1153.558716,573.743469 
	C1153.541626,567.547241 1153.324585,567.320007 1147.020386,567.317383 
	C1121.526611,567.306519 1096.032959,567.315491 1070.539185,567.308594 
	C1064.088135,567.306824 1063.913452,567.135620 1063.899414,560.492920 
	C1063.879150,550.828674 1063.893921,541.164307 1063.893921,530.500122 
M1019.311096,303.366852 
	C1020.648499,312.050537 1021.216736,320.943512 1023.509216,329.367249 
	C1026.699829,341.090881 1033.058472,351.182251 1042.496460,359.240387 
	C1053.791870,368.884369 1066.961182,373.570557 1081.480103,375.458252 
	C1101.463379,378.056335 1120.465332,375.314545 1137.591797,364.473694 
	C1159.224243,350.780579 1169.012329,329.897308 1169.406860,305.047516 
	C1170.062866,263.725922 1169.613647,222.386993 1169.684937,181.055466 
	C1169.690796,177.665512 1168.354370,176.221283 1164.918579,176.303116 
	C1159.088623,176.441940 1153.226074,176.691727 1147.428101,176.240479 
	C1142.220825,175.835175 1141.017212,177.745163 1141.044434,182.726730 
	C1141.244751,219.391022 1141.266724,256.057556 1141.062866,292.721832 
	C1141.018799,300.669586 1140.625610,308.777832 1138.995483,316.517792 
	C1136.270508,329.457275 1129.361816,339.628815 1116.679688,345.291901 
	C1106.053101,350.037048 1094.917114,350.528168 1083.879272,348.886749 
	C1068.942993,346.665649 1057.166870,339.018066 1052.424316,323.967651 
	C1049.963257,316.157959 1048.357178,307.741791 1048.268433,299.578979 
	C1047.846924,260.751556 1048.081421,221.917053 1048.077881,183.085068 
	C1048.077271,176.347092 1048.067627,176.346191 1041.113159,176.343964 
	C1036.113281,176.342377 1031.113525,176.339600 1026.113647,176.344543 
	C1019.323303,176.351273 1019.306152,176.360840 1019.305847,182.901550 
	C1019.303833,222.733505 1019.306763,262.565460 1019.311096,303.366852 
M499.323334,395.504486 
	C484.752899,396.704468 470.188782,397.991699 455.607544,399.041595 
	C452.068115,399.296448 451.226776,400.860901 451.230316,404.115479 
	C451.297394,465.741669 451.279541,527.367981 451.279358,588.994263 
	C451.279358,589.327393 451.292389,589.661072 451.277802,589.993591 
	C451.139038,593.153992 452.672150,594.536682 455.805511,594.504211 
	C461.800903,594.442078 467.806824,594.285156 473.790466,594.558777 
	C478.373596,594.768311 479.934937,593.023376 479.888977,588.457092 
	C479.706177,570.304138 479.807434,552.148254 479.817566,533.993469 
	C479.821045,527.800171 480.101929,527.281555 486.400269,527.960876 
	C498.965393,529.316040 511.257263,528.098206 523.482117,525.164551 
	C554.369263,517.752319 575.369263,493.251465 575.034790,459.531006 
	C574.740540,429.873260 555.324585,406.500641 527.270386,399.640717 
	C518.447083,397.483185 509.237701,396.904663 499.323334,395.504486 
M537.654053,299.183716 
	C538.206970,298.813202 538.729065,298.382629 539.317261,298.080841 
	C562.879395,285.989685 573.992859,265.743134 574.252014,240.223160 
	C574.555115,210.384888 556.972534,187.868607 527.200012,179.102509 
	C503.424164,172.102051 479.376251,175.414963 455.374725,177.953781 
	C451.061096,178.410065 450.035553,180.386246 450.059052,184.468918 
	C450.220093,212.445312 450.145294,240.423096 450.145477,268.400421 
	C450.145691,301.540222 450.204681,334.680267 450.064606,367.819489 
	C450.048126,371.724396 451.128143,373.198395 455.121460,373.029449 
	C461.272186,372.769226 467.452179,372.741577 473.599976,373.032654 
	C477.713928,373.227478 479.047607,371.907959 478.998657,367.697449 
	C478.787567,349.547943 478.901184,331.394562 478.913177,313.242615 
	C478.917480,306.736938 479.185730,306.381348 485.722595,306.998596 
	C503.432251,308.670868 520.558167,306.563263 537.654053,299.183716 
M1254.812256,345.537689 
	C1246.800293,349.836029 1238.262939,350.150299 1229.578857,348.607910 
	C1216.748047,346.329010 1205.290771,340.788025 1194.833862,333.168823 
	C1192.114746,331.187653 1190.647827,331.329315 1189.085693,334.408936 
	C1186.155884,340.184509 1183.204346,345.984344 1179.733887,351.437988 
	C1177.443237,355.037598 1178.114868,356.872101 1181.539429,359.008270 
	C1195.385864,367.645508 1210.028320,373.812012 1226.419922,375.814575 
	C1238.953857,377.345825 1251.045288,376.138580 1262.606445,371.368225 
	C1282.221558,363.274536 1294.505493,348.550415 1298.037720,327.691040 
	C1300.538086,312.924866 1298.775024,298.442535 1288.641968,286.152832 
	C1280.953613,276.828247 1270.871460,270.821899 1260.426270,265.244232 
	C1249.168945,259.232910 1237.303955,254.077911 1226.879028,246.853745 
	C1210.595947,235.569946 1213.345093,212.148773 1231.342896,203.702164 
	C1238.350586,200.413239 1245.812744,199.232697 1253.683716,200.559906 
	C1263.050415,202.139328 1271.666626,205.402802 1279.281982,210.994339 
	C1282.520020,213.371902 1284.045166,212.818405 1285.630371,209.348526 
	C1287.488525,205.280823 1289.905640,201.472641 1291.910156,197.466766 
	C1296.835327,187.623764 1298.141602,189.703415 1287.474243,183.108902 
	C1274.032715,174.799271 1259.191895,174.713684 1244.058350,174.655807 
	C1222.547852,174.573563 1206.680786,184.100174 1195.313110,201.561050 
	C1184.194702,218.638901 1184.112427,242.779251 1197.876953,259.392517 
	C1206.157837,269.387299 1217.091431,275.529846 1228.303345,281.439545 
	C1238.841309,286.994080 1249.566040,292.313904 1259.571533,298.730530 
	C1274.498413,308.303406 1272.594971,336.439697 1254.812256,345.537689 
M734.375488,272.499969 
	C734.375427,303.968353 734.479187,335.437408 734.268433,366.904388 
	C734.235046,371.882385 735.910645,373.313965 740.606323,373.028442 
	C746.080566,372.695587 751.611633,372.651001 757.078796,373.036560 
	C762.040710,373.386444 763.667297,371.862183 763.650208,366.670410 
	C763.468445,311.559692 763.537231,256.448212 763.536987,201.336929 
	C763.536987,194.676956 763.425659,188.014389 763.581421,181.358063 
	C763.666138,177.733444 762.269226,176.197006 758.600037,176.291473 
	C752.776428,176.441406 746.946106,176.333603 741.118652,176.335403 
	C734.651428,176.337387 734.381836,176.588379 734.380127,183.088806 
	C734.372375,212.559189 734.376465,242.029556 734.375488,272.499969 
M1336.567749,583.546326 
	C1336.934937,581.211487 1335.309448,577.938782 1339.762817,577.570251 
	C1340.755249,577.488220 1341.618164,575.839966 1342.540771,574.912903 
	C1341.395752,574.037781 1340.306885,572.513184 1339.095093,572.408081 
	C1335.305176,572.079407 1331.449707,572.073608 1327.661133,572.409546 
	C1326.447266,572.517212 1325.362427,574.077820 1324.218506,574.973633 
	C1325.178833,575.884033 1326.037598,576.954712 1327.134644,577.649048 
	C1327.878052,578.119507 1328.955933,578.061218 1330.317627,578.322571 
	C1330.317627,582.679260 1330.085205,586.822693 1330.451904,590.912231 
	C1330.569946,592.229431 1332.266357,593.405090 1333.240723,594.645447 
	C1334.342529,593.416443 1336.017700,592.344788 1336.408325,590.920654 
	C1336.959595,588.911926 1336.560181,586.642273 1336.567749,583.546326 
z"/>
<path fill="#038BBB" opacity="1.000000" stroke="none" 
	d="
M1.000000,335.468658 
	C1.694700,333.635864 2.787755,332.337769 3.026568,330.898010 
	C11.850789,277.698883 38.523479,235.896271 83.432617,206.089859 
	C120.191818,181.692581 160.914093,172.841843 204.605301,177.356628 
	C212.347260,178.156662 219.967056,180.123489 227.650803,181.509705 
	C231.016678,182.116943 231.481445,184.272125 230.711487,187.069733 
	C227.405685,199.081146 224.055588,211.080368 220.755936,223.093460 
	C219.920044,226.136719 219.210571,229.214706 218.194733,232.951202 
	C212.959595,251.810043 207.972672,269.994415 202.549576,288.179077 
	C200.461243,287.999268 198.777588,287.965088 197.161850,287.616333 
	C181.413528,284.217438 165.587799,284.178345 150.204697,288.729279 
	C114.812141,299.199799 91.021568,321.954437 80.125328,357.524109 
	C66.786697,401.066711 86.231438,449.956238 125.919281,472.184113 
	C133.400284,476.373901 141.572998,479.328644 149.296402,483.250214 
	C146.404449,493.923065 143.746689,504.228455 140.844269,514.464478 
	C138.903137,521.310425 136.614258,528.057800 134.480988,534.849243 
	C81.256180,519.302429 42.524780,486.530396 18.276426,436.727661 
	C10.671250,421.107727 5.580844,404.629761 3.099074,387.384766 
	C2.892656,385.950439 2.228761,384.581970 1.388707,383.091431 
	C1.000000,367.312439 1.000000,351.624878 1.000000,335.468658 
z"/>
<path fill="#777D80" opacity="1.000000" stroke="none" 
	d="
M1367.000000,575.000000 
	C1367.000000,580.688049 1367.000000,586.376038 1366.610107,592.491699 
	C1365.449707,591.340027 1364.141968,589.798523 1364.027466,588.173035 
	C1363.829712,585.363464 1362.997925,583.796936 1359.976685,583.654663 
	C1362.313232,580.528992 1364.656616,577.764465 1367.000000,575.000000 
z"/>
<path fill="#B2B6B7" opacity="1.000000" stroke="none" 
	d="
M1367.000000,574.625000 
	C1364.656616,577.764465 1362.313232,580.528992 1359.985229,583.646606 
	C1360.000610,583.999634 1360.017212,583.983459 1359.647705,583.981750 
	C1357.179565,583.980774 1355.080688,583.981567 1352.990845,583.991089 
	C1352.999756,583.999817 1353.016846,584.017578 1353.054199,583.647400 
	C1350.921143,580.612366 1348.750854,577.947510 1346.580444,575.282593 
	C1347.694214,572.623169 1347.891357,572.442566 1349.647217,574.359375 
	C1352.056396,576.989380 1354.130371,579.926514 1356.310669,582.684814 
	C1359.849487,578.977539 1363.092896,575.579834 1366.668091,572.091064 
	C1367.000000,572.750000 1367.000000,573.500000 1367.000000,574.625000 
z"/>
<path fill="#B2B6B7" opacity="1.000000" stroke="none" 
	d="
M1359.992065,584.007751 
	C1362.997925,583.796936 1363.829712,585.363464 1364.027466,588.173035 
	C1364.141968,589.798523 1365.449707,591.340027 1366.610107,592.959717 
	C1367.000000,593.444458 1367.000000,593.888916 1367.000000,594.666687 
	C1363.483765,595.270325 1361.735107,593.869019 1361.933105,590.119263 
	C1361.968018,589.458313 1360.560059,588.721191 1359.441895,587.703125 
	C1359.382568,586.252441 1359.699951,585.117920 1360.017212,583.983459 
	C1360.017212,583.983459 1360.000610,583.999634 1359.992065,584.007751 
z"/>
<path fill="#BFC930" opacity="1.000000" stroke="none" 
	d="
M134.378510,535.263672 
	C136.614258,528.057800 138.903137,521.310425 140.844269,514.464478 
	C143.746689,504.228455 146.404449,493.923065 149.689819,483.242554 
	C153.495697,483.342163 156.783112,483.815369 160.059525,484.355286 
	C192.873459,489.762726 221.742722,480.783630 245.233261,457.896576 
	C273.732117,430.129822 282.966797,396.062500 272.114258,357.431396 
	C264.555298,330.524078 247.929001,310.449066 223.339890,297.199829 
	C216.826111,293.690002 209.784851,291.159119 202.985779,288.178772 
	C207.972672,269.994415 212.959595,251.810043 218.149841,233.373749 
	C242.624344,239.613922 264.465179,250.856079 283.981812,266.658295 
	C312.845612,290.028687 332.840881,319.510437 343.914764,354.871887 
	C353.507202,385.502869 354.689697,416.632935 347.843353,448.046509 
	C340.505402,481.715851 324.911743,511.074646 301.077423,535.828857 
	C280.582062,557.115234 256.157837,572.504211 228.079193,582.080444 
	C207.521240,589.091736 186.394226,592.545715 164.795853,591.511047 
	C152.078690,590.901794 139.465881,588.235168 126.786705,586.649292 
	C122.023064,586.053528 121.226059,583.720703 122.445679,579.457764 
	C126.330467,565.878967 129.997711,552.237854 133.729782,538.615601 
	C133.992020,537.658386 134.097610,536.658325 134.378510,535.263672 
z"/>
<path fill="#777C7F" opacity="1.000000" stroke="none" 
	d="
M818.697876,321.933533 
	C814.483887,337.920288 810.296082,353.491486 806.232056,369.094940 
	C805.215454,372.997955 803.451904,374.976990 798.950500,374.646362 
	C792.817444,374.195892 786.626526,374.523773 780.460388,374.537170 
	C776.988770,374.544678 775.725464,373.339325 776.763916,369.594971 
	C782.135864,350.224823 787.298950,330.796753 792.538574,311.389862 
	C797.348083,293.576172 802.164124,275.764221 806.973816,257.950562 
	C811.911194,239.664230 816.857300,221.380280 821.772827,203.088074 
	C823.712219,195.871109 825.643860,188.650864 827.458984,181.402069 
	C829.010437,175.206161 832.795654,172.906982 838.761108,175.079330 
	C839.873657,175.484467 840.837402,177.049255 841.330444,178.292755 
	C849.601074,199.150391 857.775818,220.046036 865.992676,240.925049 
	C875.470825,265.008972 884.969299,289.084869 894.882324,314.238556 
	C896.242920,312.412964 897.399170,311.380402 897.917114,310.091370 
	C914.519836,268.773956 931.062317,227.432327 947.607361,186.091751 
	C948.529907,183.786728 949.566406,181.508286 950.249695,179.131165 
	C951.172791,175.919189 953.000488,174.804031 956.410767,174.681824 
	C960.998962,174.517410 963.030273,175.859619 964.266907,180.634140 
	C970.560425,204.932755 977.394043,229.090897 983.936035,253.325897 
	C990.345703,277.070770 996.593933,300.859222 1002.986389,324.608765 
	C1006.961609,339.377716 1011.052490,354.115631 1015.135071,368.855408 
	C1016.473816,373.688843 1015.991272,374.477997 1011.030579,374.520782 
	C1004.864929,374.573944 998.693787,374.388855 992.534058,374.587982 
	C988.681885,374.712494 987.013733,373.185028 986.030762,369.412323 
	C979.495117,344.327423 972.724060,319.303711 966.000793,294.267822 
	C962.122314,279.825348 958.207947,265.392365 954.247620,250.972229 
	C953.934265,249.831268 953.133545,248.824173 951.938965,246.599579 
	C948.176941,255.859222 944.879761,263.891632 941.646057,271.949493 
	C930.562134,299.568146 919.491943,327.192291 908.437927,354.822937 
	C906.344971,360.054382 904.431030,365.358551 902.275024,370.563141 
	C901.226196,373.095306 900.454285,375.773651 896.608765,375.901184 
	C892.854370,376.025726 891.287354,374.262878 890.074158,371.185638 
	C882.153259,351.094482 874.166870,331.029114 866.180237,310.963928 
	C857.885437,290.124603 849.568848,269.293976 841.241638,248.467575 
	C841.023315,247.921463 840.570618,247.469070 839.349854,245.705673 
	C832.279053,271.757263 825.524475,296.643616 818.697876,321.933533 
z"/>
<path fill="#777C7F" opacity="1.000000" stroke="none" 
	d="
M986.696411,507.808929 
	C981.326599,527.776917 976.013306,547.340698 970.697998,566.903931 
	C968.388794,575.403381 966.097290,583.907837 963.730652,592.391235 
	C963.489868,593.254395 962.975464,594.324829 962.264587,594.726074 
	C958.249023,596.992798 951.245178,594.650024 949.584473,590.501343 
	C934.693909,553.302307 919.834595,516.090759 904.963501,478.883850 
	C902.557251,472.863617 900.176086,466.832764 897.690674,460.845276 
	C897.228027,459.730774 896.321899,458.800415 895.060242,456.974121 
	C892.158508,464.094818 889.557739,470.277222 887.109680,476.519501 
	C877.583069,500.811249 868.104126,525.121704 858.609192,549.425842 
	C853.530151,562.426880 848.421509,575.416626 843.391541,588.436707 
	C840.824036,595.082886 837.672791,596.922668 830.913269,594.941895 
	C829.694031,594.584656 828.412170,592.824585 828.033508,591.468079 
	C824.640503,579.312195 821.488586,567.089478 818.178162,554.910156 
	C813.123779,536.314880 807.963135,517.748474 802.916138,499.151276 
	C798.258850,481.989868 793.695312,464.803101 789.083862,447.629272 
	C785.031921,432.539185 781.101929,417.414337 776.833191,402.385803 
	C775.572693,397.948212 777.190918,397.111084 781.078247,397.212738 
	C787.240112,397.373901 793.428162,397.552521 799.568420,397.155548 
	C803.651855,396.891571 805.323669,398.812866 806.231384,402.208832 
	C808.719788,411.518341 811.192566,420.832092 813.675537,430.143066 
	C818.641846,448.766541 823.574036,467.399200 828.592102,486.008698 
	C831.835327,498.036041 835.199707,510.030792 838.534363,522.033325 
	C838.737671,522.764893 839.156799,523.436462 840.081909,525.466980 
	C842.906067,518.656128 845.332764,512.983521 847.620605,507.255493 
	C858.902039,479.010406 870.159424,450.755646 881.395691,422.492523 
	C884.215576,415.399536 886.848633,408.231567 889.725708,401.162445 
	C890.883850,398.316864 891.754028,395.205566 896.089722,395.265259 
	C900.416931,395.324890 901.198853,398.506470 902.343445,401.324890 
	C909.095764,417.950623 915.734802,434.622375 922.410217,451.279327 
	C932.049011,475.330475 941.686218,499.382263 951.848389,524.742004 
	C953.070923,522.246033 954.211975,520.620850 954.698364,518.818909 
	C963.750183,485.289429 972.725159,451.739258 981.713318,418.192657 
	C983.260071,412.419739 984.642639,406.595673 986.440369,400.902344 
	C986.887268,399.487061 988.621704,397.501038 989.823792,397.458496 
	C998.279114,397.159210 1006.750061,397.299774 1016.539429,397.299774 
	C1006.466614,434.532562 996.609375,470.968506 986.696411,507.808929 
z"/>
<path fill="#767C7F" opacity="1.000000" stroke="none" 
	d="
M625.947632,411.968597 
	C644.087524,399.553741 663.830994,393.372772 685.445068,394.265106 
	C721.789978,395.765656 749.670715,412.429565 766.693665,444.369965 
	C787.336975,483.102936 784.957764,521.584717 759.661682,557.765259 
	C746.184204,577.041992 726.963928,588.668884 704.339172,594.495422 
	C700.089294,595.589905 695.396606,595.045654 690.906189,595.106018 
	C684.745056,595.188904 678.566345,594.843689 672.422424,595.179382 
	C652.374573,596.274658 635.667908,587.939209 620.910828,575.815796 
	C591.818909,551.915710 580.770447,520.031555 584.542053,483.393707 
	C587.568787,453.991302 601.359863,429.806213 625.947632,411.968597 
M614.039368,497.386658 
	C615.331421,505.411957 615.800415,513.678650 618.070007,521.417236 
	C624.833313,544.478210 639.248047,561.127808 662.684937,567.889526 
	C687.646423,575.091125 710.390076,569.854858 728.637512,550.823853 
	C746.270325,532.434021 751.678406,509.704407 748.852417,484.870087 
	C746.688599,465.855591 738.785767,449.606812 724.454407,436.566345 
	C700.765747,415.011292 660.496216,415.606781 637.427185,437.882538 
	C620.799866,453.938110 614.600281,474.045837 614.039368,497.386658 
z"/>
<path fill="#767C7F" opacity="1.000000" stroke="none" 
	d="
M615.527832,309.064880 
	C615.527832,328.882172 615.425354,348.208832 615.610596,367.532745 
	C615.650391,371.690887 614.334717,373.187561 610.184937,373.016449 
	C604.031189,372.762756 597.851379,372.763123 591.697754,373.018372 
	C587.532715,373.191162 586.269714,371.655182 586.284851,367.518341 
	C586.418701,330.866669 586.362549,294.214294 586.362427,257.562134 
	C586.362366,233.738235 586.518250,209.912506 586.241150,186.091827 
	C586.179565,180.795059 587.320618,178.212250 593.057251,177.674026 
	C617.101257,175.418152 641.026672,172.914551 665.007080,178.922699 
	C700.316711,187.769318 719.020020,221.661346 707.388062,256.143494 
	C701.940491,272.292389 691.174438,283.368408 676.085693,290.455383 
	C672.353516,292.208313 672.317139,293.790802 674.219604,296.856354 
	C683.943115,312.524475 693.554749,328.261932 703.205139,343.975403 
	C708.834229,353.141052 714.462646,362.307129 720.618347,372.331085 
	C718.201416,372.604889 716.664673,372.920227 715.126099,372.929565 
	C707.129578,372.978058 699.128540,372.799347 691.137634,373.015991 
	C687.700012,373.109192 685.750305,371.924622 684.004395,368.924103 
	C671.311035,347.108093 658.378113,325.431580 645.653931,303.633301 
	C643.755676,300.381378 641.734985,298.937012 637.712158,299.361450 
	C632.440308,299.917694 626.995667,300.020538 621.752563,299.339233 
	C616.266968,298.626495 614.840393,300.708191 615.510193,305.576813 
	C615.645142,306.557892 615.528809,307.573547 615.527832,309.064880 
M615.046265,224.500320 
	C615.048401,238.979370 615.066467,253.458450 615.038391,267.937439 
	C615.033203,270.605835 615.114868,272.731415 618.723389,273.156036 
	C631.914368,274.708221 644.935730,274.496521 657.662354,270.261292 
	C672.404480,265.355438 680.446594,254.555130 680.668274,237.734894 
	C680.850220,223.929977 674.910095,212.450333 660.183777,205.891342 
	C646.637817,199.858063 632.435059,201.824936 618.380615,202.433960 
	C617.206909,202.484833 615.328857,205.364136 615.203918,207.035843 
	C614.795959,212.497559 615.048096,218.008575 615.046265,224.500320 
z"/>
<path fill="#767C7F" opacity="1.000000" stroke="none" 
	d="
M1175.403687,446.999939 
	C1175.404419,432.669983 1175.502808,418.838867 1175.340210,405.010834 
	C1175.296265,401.272430 1175.988159,399.459320 1180.315674,398.934204 
	C1200.989746,396.425842 1221.685181,394.149536 1242.424316,397.402466 
	C1262.655762,400.575806 1280.658325,408.293488 1291.682251,426.800690 
	C1306.929443,452.398193 1300.972900,492.679718 1268.648315,509.433441 
	C1259.744263,514.048401 1260.225342,512.840881 1265.545654,521.516174 
	C1279.357422,544.037476 1293.215210,566.530701 1307.052856,589.036194 
	C1309.437622,592.914673 1308.680298,594.408508 1304.031128,594.467224 
	C1296.034424,594.568237 1288.016602,594.795776 1280.049194,594.300781 
	C1277.746582,594.157776 1274.699097,592.260132 1273.496582,590.262085 
	C1260.137207,568.064697 1247.136597,545.651611 1233.805786,523.436768 
	C1232.784424,521.734680 1230.057495,520.264099 1228.018433,520.114075 
	C1222.052734,519.675232 1216.024658,520.163696 1210.038940,519.892151 
	C1205.600464,519.690796 1203.844360,521.037109 1203.896362,525.801819 
	C1204.119995,546.294373 1203.991577,566.790771 1203.987549,587.285767 
	C1203.986206,594.275085 1203.771118,594.513428 1196.584351,594.480103 
	C1191.091064,594.454590 1185.598267,594.315491 1180.105103,594.251404 
	C1176.579468,594.210205 1175.277222,592.629028 1175.327271,588.964783 
	C1175.518677,574.970825 1175.403564,560.972656 1175.403442,546.976074 
	C1175.403198,513.817383 1175.403320,480.658661 1175.403687,446.999939 
M1203.962158,449.500000 
	C1203.962646,462.646912 1204.039917,475.794525 1203.913086,488.940216 
	C1203.878662,492.498505 1205.051147,494.236542 1208.769653,494.113586 
	C1218.520996,493.791168 1228.349121,494.237122 1238.013794,493.172119 
	C1256.918823,491.088806 1270.592529,478.712128 1269.285889,455.576355 
	C1268.570312,442.906891 1261.143799,431.949280 1249.484497,426.852203 
	C1235.906006,420.916168 1221.822998,422.085571 1207.751953,423.305237 
	C1206.350464,423.426758 1204.269165,426.648346 1204.141235,428.541718 
	C1203.693848,435.168304 1203.964233,441.843384 1203.962158,449.500000 
z"/>
<path fill="#777D80" opacity="1.000000" stroke="none" 
	d="
M1063.893799,531.000061 
	C1063.893921,541.164307 1063.879150,550.828674 1063.899414,560.492920 
	C1063.913452,567.135620 1064.088135,567.306824 1070.539185,567.308594 
	C1096.032959,567.315491 1121.526611,567.306519 1147.020386,567.317383 
	C1153.324585,567.320007 1153.541626,567.547241 1153.558716,573.743469 
	C1153.573364,579.075439 1153.488892,584.408752 1153.586182,589.739014 
	C1153.647583,593.102295 1152.252075,594.538757 1148.819702,594.533630 
	C1112.495239,594.479370 1076.170898,594.481567 1039.846436,594.528137 
	C1036.140259,594.532898 1035.010742,592.869019 1035.014771,589.307190 
	C1035.085083,526.989197 1035.095337,464.671112 1034.997925,402.353210 
	C1034.991699,398.394928 1036.313721,397.175476 1040.196777,397.187042 
	C1076.354248,397.294800 1112.512329,397.292633 1148.669922,397.188965 
	C1152.310669,397.178528 1153.790771,398.223053 1153.621216,402.009796 
	C1153.375732,407.497406 1153.398560,413.010590 1153.613647,418.500854 
	C1153.776367,422.654480 1152.128540,423.935059 1148.018311,423.911041 
	C1122.192261,423.759918 1096.364746,423.831665 1070.537720,423.838715 
	C1063.910400,423.840515 1063.899414,423.855316 1063.896362,430.498718 
	C1063.889771,444.995148 1063.886963,459.491608 1063.900269,473.988037 
	C1063.906738,481.049133 1063.924683,481.057800 1070.738403,481.059113 
	C1093.399536,481.063416 1116.061646,481.178497 1138.720703,480.963318 
	C1143.332520,480.919525 1145.016113,482.229340 1144.672119,486.902344 
	C1144.306030,491.874146 1144.387451,496.904572 1144.651489,501.889374 
	C1144.882202,506.247070 1143.217285,507.742554 1138.859497,507.713898 
	C1116.032715,507.563721 1093.203125,507.776764 1070.377808,507.540344 
	C1065.381958,507.488617 1063.440308,508.866241 1063.808228,514.010498 
	C1064.199341,519.481140 1063.894653,525.001465 1063.893799,531.000061 
z"/>
<path fill="#767C7F" opacity="1.000000" stroke="none" 
	d="
M1019.309570,302.882141 
	C1019.306763,262.565460 1019.303833,222.733505 1019.305847,182.901550 
	C1019.306152,176.360840 1019.323303,176.351273 1026.113647,176.344543 
	C1031.113525,176.339600 1036.113281,176.342377 1041.113159,176.343964 
	C1048.067627,176.346191 1048.077271,176.347092 1048.077881,183.085068 
	C1048.081421,221.917053 1047.846924,260.751556 1048.268433,299.578979 
	C1048.357178,307.741791 1049.963257,316.157959 1052.424316,323.967651 
	C1057.166870,339.018066 1068.942993,346.665649 1083.879272,348.886749 
	C1094.917114,350.528168 1106.053101,350.037048 1116.679688,345.291901 
	C1129.361816,339.628815 1136.270508,329.457275 1138.995483,316.517792 
	C1140.625610,308.777832 1141.018799,300.669586 1141.062866,292.721832 
	C1141.266724,256.057556 1141.244751,219.391022 1141.044434,182.726730 
	C1141.017212,177.745163 1142.220825,175.835175 1147.428101,176.240479 
	C1153.226074,176.691727 1159.088623,176.441940 1164.918579,176.303116 
	C1168.354370,176.221283 1169.690796,177.665512 1169.684937,181.055466 
	C1169.613647,222.386993 1170.062866,263.725922 1169.406860,305.047516 
	C1169.012329,329.897308 1159.224243,350.780579 1137.591797,364.473694 
	C1120.465332,375.314545 1101.463379,378.056335 1081.480103,375.458252 
	C1066.961182,373.570557 1053.791870,368.884369 1042.496460,359.240387 
	C1033.058472,351.182251 1026.699829,341.090881 1023.509216,329.367249 
	C1021.216736,320.943512 1020.648499,312.050537 1019.309570,302.882141 
z"/>
<path fill="#767C7F" opacity="1.000000" stroke="none" 
	d="
M499.764191,395.553955 
	C509.237701,396.904663 518.447083,397.483185 527.270386,399.640717 
	C555.324585,406.500641 574.740540,429.873260 575.034790,459.531006 
	C575.369263,493.251465 554.369263,517.752319 523.482117,525.164551 
	C511.257263,528.098206 498.965393,529.316040 486.400269,527.960876 
	C480.101929,527.281555 479.821045,527.800171 479.817566,533.993469 
	C479.807434,552.148254 479.706177,570.304138 479.888977,588.457092 
	C479.934937,593.023376 478.373596,594.768311 473.790466,594.558777 
	C467.806824,594.285156 461.800903,594.442078 455.805511,594.504211 
	C452.672150,594.536682 451.139038,593.153992 451.277802,589.993591 
	C451.292389,589.661072 451.279358,589.327393 451.279358,588.994263 
	C451.279541,527.367981 451.297394,465.741669 451.230316,404.115479 
	C451.226776,400.860901 452.068115,399.296448 455.607544,399.041595 
	C470.188782,397.991699 484.752899,396.704468 499.764191,395.553955 
M515.969910,424.364563 
	C505.071136,423.950409 494.172791,423.380554 483.272980,423.350739 
	C482.118073,423.347565 479.961945,426.503021 479.945038,428.209747 
	C479.719421,451.007416 479.839691,473.808228 479.741760,496.607697 
	C479.726532,500.152344 480.944824,501.919525 484.581573,501.912567 
	C492.067383,501.898224 499.638641,502.696198 507.022675,501.843445 
	C526.277405,499.619751 540.536987,490.034332 544.549377,469.204102 
	C548.330444,449.574707 536.012634,429.551056 515.969910,424.364563 
z"/>
<path fill="#777D80" opacity="1.000000" stroke="none" 
	d="
M537.312195,299.334290 
	C520.558167,306.563263 503.432251,308.670868 485.722595,306.998596 
	C479.185730,306.381348 478.917480,306.736938 478.913177,313.242615 
	C478.901184,331.394562 478.787567,349.547943 478.998657,367.697449 
	C479.047607,371.907959 477.713928,373.227478 473.599976,373.032654 
	C467.452179,372.741577 461.272186,372.769226 455.121460,373.029449 
	C451.128143,373.198395 450.048126,371.724396 450.064606,367.819489 
	C450.204681,334.680267 450.145691,301.540222 450.145477,268.400421 
	C450.145294,240.423096 450.220093,212.445312 450.059052,184.468918 
	C450.035553,180.386246 451.061096,178.410065 455.374725,177.953781 
	C479.376251,175.414963 503.424164,172.102051 527.200012,179.102509 
	C556.972534,187.868607 574.555115,210.384888 574.252014,240.223160 
	C573.992859,265.743134 562.879395,285.989685 539.317261,298.080841 
	C538.729065,298.382629 538.206970,298.813202 537.312195,299.334290 
M500.429321,281.294525 
	C506.621613,280.216309 513.112183,279.976776 518.949524,277.900574 
	C535.617371,271.972351 543.469177,259.216309 543.887390,241.940979 
	C544.208130,228.690552 539.329529,217.508041 528.260620,209.670074 
	C514.082886,199.630661 498.015350,201.107544 482.063171,202.806183 
	C480.858551,202.934448 479.047943,205.803909 479.033997,207.412247 
	C478.836273,230.228378 478.934143,253.046860 478.867096,275.864532 
	C478.856445,279.492035 480.465485,281.013580 483.963501,281.038086 
	C489.125580,281.074249 494.286926,281.217255 500.429321,281.294525 
z"/>
<path fill="#777C7F" opacity="1.000000" stroke="none" 
	d="
M1255.162476,345.399292 
	C1272.594971,336.439697 1274.498413,308.303406 1259.571533,298.730530 
	C1249.566040,292.313904 1238.841309,286.994080 1228.303345,281.439545 
	C1217.091431,275.529846 1206.157837,269.387299 1197.876953,259.392517 
	C1184.112427,242.779251 1184.194702,218.638901 1195.313110,201.561050 
	C1206.680786,184.100174 1222.547852,174.573563 1244.058350,174.655807 
	C1259.191895,174.713684 1274.032715,174.799271 1287.474243,183.108902 
	C1298.141602,189.703415 1296.835327,187.623764 1291.910156,197.466766 
	C1289.905640,201.472641 1287.488525,205.280823 1285.630371,209.348526 
	C1284.045166,212.818405 1282.520020,213.371902 1279.281982,210.994339 
	C1271.666626,205.402802 1263.050415,202.139328 1253.683716,200.559906 
	C1245.812744,199.232697 1238.350586,200.413239 1231.342896,203.702164 
	C1213.345093,212.148773 1210.595947,235.569946 1226.879028,246.853745 
	C1237.303955,254.077911 1249.168945,259.232910 1260.426270,265.244232 
	C1270.871460,270.821899 1280.953613,276.828247 1288.641968,286.152832 
	C1298.775024,298.442535 1300.538086,312.924866 1298.037720,327.691040 
	C1294.505493,348.550415 1282.221558,363.274536 1262.606445,371.368225 
	C1251.045288,376.138580 1238.953857,377.345825 1226.419922,375.814575 
	C1210.028320,373.812012 1195.385864,367.645508 1181.539429,359.008270 
	C1178.114868,356.872101 1177.443237,355.037598 1179.733887,351.437988 
	C1183.204346,345.984344 1186.155884,340.184509 1189.085693,334.408936 
	C1190.647827,331.329315 1192.114746,331.187653 1194.833862,333.168823 
	C1205.290771,340.788025 1216.748047,346.329010 1229.578857,348.607910 
	C1238.262939,350.150299 1246.800293,349.836029 1255.162476,345.399292 
z"/>
<path fill="#777C7F" opacity="1.000000" stroke="none" 
	d="
M734.375854,271.999939 
	C734.376465,242.029556 734.372375,212.559189 734.380127,183.088806 
	C734.381836,176.588379 734.651428,176.337387 741.118652,176.335403 
	C746.946106,176.333603 752.776428,176.441406 758.600037,176.291473 
	C762.269226,176.197006 763.666138,177.733444 763.581421,181.358063 
	C763.425659,188.014389 763.536987,194.676956 763.536987,201.336929 
	C763.537231,256.448212 763.468445,311.559692 763.650208,366.670410 
	C763.667297,371.862183 762.040710,373.386444 757.078796,373.036560 
	C751.611633,372.651001 746.080566,372.695587 740.606323,373.028442 
	C735.910645,373.313965 734.235046,371.882385 734.268433,366.904388 
	C734.479187,335.437408 734.375427,303.968353 734.375854,271.999939 
z"/>
<path fill="#929799" opacity="1.000000" stroke="none" 
	d="
M1336.567383,584.015259 
	C1336.560181,586.642273 1336.959595,588.911926 1336.408325,590.920654 
	C1336.017700,592.344788 1334.342529,593.416443 1333.240723,594.645447 
	C1332.266357,593.405090 1330.569946,592.229431 1330.451904,590.912231 
	C1330.085205,586.822693 1330.317627,582.679260 1330.317627,578.322571 
	C1328.955933,578.061218 1327.878052,578.119507 1327.134644,577.649048 
	C1326.037598,576.954712 1325.178833,575.884033 1324.218506,574.973633 
	C1325.362427,574.077820 1326.447266,572.517212 1327.661133,572.409546 
	C1331.449707,572.073608 1335.305176,572.079407 1339.095093,572.408081 
	C1340.306885,572.513184 1341.395752,574.037781 1342.540771,574.912903 
	C1341.618164,575.839966 1340.755249,577.488220 1339.762817,577.570251 
	C1335.309448,577.938782 1336.934937,581.211487 1336.567383,584.015259 
z"/>
<path fill="#B2B6B7" opacity="1.000000" stroke="none" 
	d="
M1353.149780,586.777588 
	C1352.686646,588.088501 1351.997192,589.367859 1351.808716,590.717163 
	C1351.450073,593.285217 1350.507690,595.726624 1347.662109,594.659119 
	C1346.126343,594.083130 1344.541504,591.434021 1344.462524,589.654358 
	C1344.314331,586.311523 1345.242554,582.920837 1346.286865,579.656738 
	C1346.850342,583.983215 1346.850342,588.202942 1346.850342,592.422729 
	C1347.494873,592.435364 1348.139404,592.448059 1348.784058,592.460693 
	C1348.874756,590.936584 1349.171265,589.390747 1349.013428,587.892883 
	C1348.682373,584.753906 1350.129517,583.704346 1353.016846,584.017578 
	C1353.016846,584.017578 1352.999756,583.999817 1352.999634,584.342346 
	C1353.049561,585.382446 1353.099731,586.080017 1353.149780,586.777588 
z"/>
<path fill="#777D80" opacity="1.000000" stroke="none" 
	d="
M1353.054199,583.647400 
	C1350.129517,583.704346 1348.682373,584.753906 1349.013428,587.892883 
	C1349.171265,589.390747 1348.874756,590.936584 1348.784058,592.460693 
	C1348.139404,592.448059 1347.494873,592.435364 1346.850342,592.422729 
	C1346.850342,588.202942 1346.850342,583.983215 1346.626099,579.439514 
	C1346.390625,578.084290 1346.379395,577.052979 1346.474365,575.652100 
	C1348.750854,577.947510 1350.921143,580.612366 1353.054199,583.647400 
z"/>
<path fill="#777D80" opacity="1.000000" stroke="none" 
	d="
M1353.242676,587.015564 
	C1353.099731,586.080017 1353.049561,585.382446 1352.990723,584.333618 
	C1355.080688,583.981567 1357.179565,583.980774 1359.647705,583.981750 
	C1359.699951,585.117920 1359.382568,586.252441 1359.094849,587.744385 
	C1359.124390,588.101868 1359.115479,588.070862 1358.781982,588.139160 
	C1356.824829,588.039490 1355.201172,587.871521 1353.577393,587.703552 
	C1353.496826,587.553589 1353.416260,587.403564 1353.242676,587.015564 
z"/>
<path fill="#B2B6B7" opacity="1.000000" stroke="none" 
	d="
M1353.446777,588.040039 
	C1355.201172,587.871521 1356.824829,588.039490 1358.782104,588.153564 
	C1358.421753,589.243652 1357.727783,590.387573 1357.033813,591.531494 
	C1355.794556,590.479858 1354.555420,589.428223 1353.446777,588.040039 
z"/>
<path fill="#FDFDFC" opacity="1.000000" stroke="none" 
	d="
M202.549591,288.179077 
	C209.784851,291.159119 216.826111,293.690002 223.339890,297.199829 
	C247.929001,310.449066 264.555298,330.524078 272.114258,357.431396 
	C282.966797,396.062500 273.732117,430.129822 245.233261,457.896576 
	C221.742722,480.783630 192.873459,489.762726 160.059525,484.355286 
	C156.783112,483.815369 153.495697,483.342163 149.819946,482.845642 
	C141.572998,479.328644 133.400284,476.373901 125.919281,472.184113 
	C86.231438,449.956238 66.786697,401.066711 80.125328,357.524109 
	C91.021568,321.954437 114.812141,299.199799 150.204697,288.729279 
	C165.587799,284.178345 181.413528,284.217438 197.161850,287.616333 
	C198.777588,287.965088 200.461243,287.999268 202.549591,288.179077 
z"/>
<path fill="#FDFCFB" opacity="1.000000" stroke="none" 
	d="
M614.038330,496.922852 
	C614.600281,474.045837 620.799866,453.938110 637.427185,437.882538 
	C660.496216,415.606781 700.765747,415.011292 724.454407,436.566345 
	C738.785767,449.606812 746.688599,465.855591 748.852417,484.870087 
	C751.678406,509.704407 746.270325,532.434021 728.637512,550.823853 
	C710.390076,569.854858 687.646423,575.091125 662.684937,567.889526 
	C639.248047,561.127808 624.833313,544.478210 618.070007,521.417236 
	C615.800415,513.678650 615.331421,505.411957 614.038330,496.922852 
z"/>
<path fill="#FBFAF9" opacity="1.000000" stroke="none" 
	d="
M615.046265,224.000488 
	C615.048096,218.008575 614.795959,212.497559 615.203918,207.035843 
	C615.328857,205.364136 617.206909,202.484833 618.380615,202.433960 
	C632.435059,201.824936 646.637817,199.858063 660.183777,205.891342 
	C674.910095,212.450333 680.850220,223.929977 680.668274,237.734894 
	C680.446594,254.555130 672.404480,265.355438 657.662354,270.261292 
	C644.935730,274.496521 631.914368,274.708221 618.723389,273.156036 
	C615.114868,272.731415 615.033203,270.605835 615.038391,267.937439 
	C615.066467,253.458450 615.048401,238.979370 615.046265,224.000488 
z"/>
<path fill="#FBFAF9" opacity="1.000000" stroke="none" 
	d="
M1203.962158,449.000000 
	C1203.964233,441.843384 1203.693848,435.168304 1204.141235,428.541718 
	C1204.269165,426.648346 1206.350464,423.426758 1207.751953,423.305237 
	C1221.822998,422.085571 1235.906006,420.916168 1249.484497,426.852203 
	C1261.143799,431.949280 1268.570312,442.906891 1269.285889,455.576355 
	C1270.592529,478.712128 1256.918823,491.088806 1238.013794,493.172119 
	C1228.349121,494.237122 1218.520996,493.791168 1208.769653,494.113586 
	C1205.051147,494.236542 1203.878662,492.498505 1203.913086,488.940216 
	C1204.039917,475.794525 1203.962646,462.646912 1203.962158,449.000000 
z"/>
<path fill="#FBFBFA" opacity="1.000000" stroke="none" 
	d="
M516.364014,424.479889 
	C536.012634,429.551056 548.330444,449.574707 544.549377,469.204102 
	C540.536987,490.034332 526.277405,499.619751 507.022675,501.843445 
	C499.638641,502.696198 492.067383,501.898224 484.581573,501.912567 
	C480.944824,501.919525 479.726532,500.152344 479.741760,496.607697 
	C479.839691,473.808228 479.719421,451.007416 479.945038,428.209747 
	C479.961945,426.503021 482.118073,423.347565 483.272980,423.350739 
	C494.172791,423.380554 505.071136,423.950409 516.364014,424.479889 
z"/>
<path fill="#FCFBFA" opacity="1.000000" stroke="none" 
	d="
M499.938965,281.304626 
	C494.286926,281.217255 489.125580,281.074249 483.963501,281.038086 
	C480.465485,281.013580 478.856445,279.492035 478.867096,275.864532 
	C478.934143,253.046860 478.836273,230.228378 479.033997,207.412247 
	C479.047943,205.803909 480.858551,202.934448 482.063171,202.806183 
	C498.015350,201.107544 514.082886,199.630661 528.260620,209.670074 
	C539.329529,217.508041 544.208130,228.690552 543.887390,241.940979 
	C543.469177,259.216309 535.617371,271.972351 518.949524,277.900574 
	C513.112183,279.976776 506.621613,280.216309 499.938965,281.304626 
z"/>
</svg>