<svg version="1.1" id="Layer_1" xmlns="http://www.w3.org/2000/svg" xmlns:xlink="http://www.w3.org/1999/xlink" x="0px" y="0px"
	 width="100%" viewBox="0 0 900 500" enable-background="new 0 0 900 500" xml:space="preserve">
<path fill="#FFFFFF" opacity="1.000000" stroke="none" 
	d="
M663.000000,501.000000 
	C442.000000,501.000000 221.500000,501.000000 1.000000,501.000000 
	C1.000000,334.333344 1.000000,167.666672 1.000000,1.000000 
	C301.000000,1.000000 601.000000,1.000000 901.000000,1.000000 
	C901.000000,167.666672 901.000000,334.333344 901.000000,501.000000 
	C821.833313,501.000000 742.666687,501.000000 663.000000,501.000000 
M219.447464,316.043091 
	C240.732864,308.856140 254.078491,294.481689 259.074982,272.454926 
	C261.772278,260.564056 261.460114,248.717911 259.121704,236.825897 
	C255.066849,216.204681 243.083603,202.607819 223.212723,195.849808 
	C211.710510,191.937958 199.827011,190.984863 187.796494,190.995224 
	C154.299805,191.024048 120.803123,191.035980 87.306435,191.062866 
	C74.889923,191.072830 65.126534,184.907928 61.710106,174.126541 
	C56.389229,157.335190 63.367359,137.142609 87.736198,137.057434 
	C139.564453,136.876282 191.393784,137.002075 243.222672,137.002045 
	C245.181183,137.002045 247.139709,137.002045 249.328674,137.002045 
	C249.328674,123.789650 249.328674,111.063309 249.328674,97.998024 
	C247.673828,97.998024 246.359070,97.998024 245.044312,97.998024 
	C193.215424,97.998100 141.386276,97.920624 89.557953,98.090591 
	C82.617661,98.113342 75.541130,98.736862 68.768929,100.199280 
	C45.798191,105.159645 28.669128,117.625366 22.199137,141.051819 
	C15.486135,165.358139 19.645197,187.765717 38.239933,205.906769 
	C51.862240,219.196701 69.207550,223.682556 87.703606,223.794601 
	C123.199257,224.009659 158.697403,223.780228 194.193924,223.905640 
	C204.493927,223.942017 213.798965,227.075943 219.523346,236.250732 
	C225.758209,246.243729 225.600784,256.942352 219.971497,267.103638 
	C214.242310,277.445282 204.476089,281.279663 193.118271,281.281067 
	C137.792236,281.287811 82.466202,281.196259 27.140152,281.157043 
	C25.855154,281.156128 24.570007,281.362335 23.272921,281.472992 
	C23.272921,294.480896 23.272921,307.186951 23.272921,319.960785 
	C24.675568,320.036835 25.665482,320.137360 26.655405,320.137482 
	C81.484032,320.144562 136.313858,320.324402 191.140137,319.965271 
	C200.322021,319.905121 209.488571,317.504547 219.447464,316.043091 
M705.058838,185.584305 
	C712.115906,173.845978 719.172974,162.107635 726.501648,149.917587 
	C743.276978,177.761230 759.680115,204.987122 776.470154,232.855148 
	C754.161377,232.855148 733.008301,232.825546 711.855713,232.912109 
	C710.187256,232.918945 707.654968,233.192200 706.990906,234.256653 
	C701.041382,243.793121 695.421021,253.534973 689.155579,264.144897 
	C692.000183,264.144897 693.751953,264.144897 695.503784,264.144897 
	C726.991028,264.144897 758.478760,264.229004 789.964905,264.041809 
	C794.043884,264.017548 796.158203,265.406281 798.163940,268.821930 
	C807.512451,284.741852 817.230652,300.444458 826.611206,316.345978 
	C828.289551,319.191010 830.127502,320.118774 833.353149,320.080902 
	C845.844238,319.934082 858.338989,320.107666 870.832336,320.131348 
	C872.374329,320.134277 873.916687,319.953156 875.907898,319.829437 
	C874.487427,317.404144 873.433167,315.539978 872.319458,313.712067 
	C846.009460,270.527283 819.687988,227.349396 793.379578,184.163589 
	C777.886902,158.732010 762.412231,133.289474 746.931335,107.850739 
	C743.754028,102.629669 739.977966,98.054619 733.887451,96.090622 
	C724.668579,93.117844 715.904602,96.711365 709.747375,106.382576 
	C703.494263,116.204582 697.530884,126.211876 691.486877,136.166107 
	C659.629517,188.633392 627.783081,241.107330 595.942566,293.584839 
	C590.711731,302.205902 585.529053,310.856110 579.931213,320.144867 
	C593.960266,320.144867 607.091248,320.028625 620.217468,320.227112 
	C623.473389,320.276367 625.217529,319.235718 626.882080,316.441193 
	C652.759216,272.995941 678.762085,229.625549 705.058838,185.584305 
M416.001801,244.500000 
	C416.001801,195.749283 416.001801,146.998566 416.001801,98.403305 
	C402.522552,98.403305 389.791046,98.403305 377.259033,98.403305 
	C377.259033,172.377258 377.259033,245.945450 377.259033,319.600342 
	C440.591400,319.600342 503.519501,319.600342 566.724365,319.600342 
	C566.724365,306.783508 566.724365,294.223297 566.724365,281.042297 
	C516.418457,281.042297 466.378143,281.042297 416.001801,281.042297 
	C416.001801,268.783264 416.001801,257.141632 416.001801,244.500000 
M335.864563,212.500000 
	C335.864563,174.413925 335.864563,136.327835 335.864563,98.302681 
	C322.315521,98.302681 309.555756,98.302681 296.729614,98.302681 
	C296.729614,172.319977 296.729614,246.026337 296.729614,319.694427 
	C309.899384,319.694427 322.657715,319.694427 335.864441,319.694427 
	C335.864441,284.088867 335.864441,248.794434 335.864563,212.500000 
M712.841064,376.756866 
	C714.815979,370.980652 718.912598,367.721100 724.900208,367.048645 
	C727.863525,366.715881 730.887268,366.896729 733.883728,366.888580 
	C740.132568,366.871582 746.381470,366.883423 752.545654,366.883423 
	C752.545654,363.603027 752.545654,361.183960 752.545654,358.946503 
	C742.102905,358.946503 731.913452,358.115997 721.921387,359.165619 
	C710.518127,360.363525 703.117188,370.409454 703.297424,382.126343 
	C703.481750,394.106201 711.242004,404.612732 722.307068,405.602234 
	C733.156433,406.572449 744.160400,405.813568 755.396667,405.813568 
	C755.396667,396.239807 755.396667,387.353088 755.396667,378.406921 
	C745.256348,378.406921 735.404663,378.406921 725.627441,378.406921 
	C725.627441,380.764008 725.627441,382.688599 725.627441,385.021606 
	C729.417847,385.021606 732.883850,385.021637 736.349915,385.021637 
	C739.798950,385.021637 743.247986,385.021606 746.752625,385.021606 
	C746.752625,389.326172 746.752625,393.040985 746.752625,397.116547 
	C740.422913,397.116547 734.453430,397.122314 728.483948,397.115356 
	C716.480896,397.101349 710.239319,389.385132 712.841064,376.756866 
M54.671406,395.828552 
	C57.025742,398.182343 59.147957,400.853790 61.804016,402.794617 
	C64.150307,404.509094 67.091751,405.409058 69.770409,406.668671 
	C70.638062,403.992645 72.187584,401.333588 72.254616,398.637634 
	C72.535889,387.325623 72.373405,376.002625 72.373428,364.683624 
	C72.373436,362.760193 72.373428,360.836761 72.373428,358.985168 
	C69.181557,358.985168 66.770744,358.985168 63.755604,358.985168 
	C63.755604,370.138702 63.755604,380.942596 63.755604,392.500458 
	C52.408234,381.532623 41.841434,371.175873 31.049040,361.059814 
	C29.614796,359.715424 26.590818,358.560791 25.110394,359.196991 
	C23.639954,359.828857 22.446619,362.818268 22.410511,364.797150 
	C22.176708,377.609924 22.282038,390.429138 22.315472,403.246124 
	C22.317884,404.171661 22.631231,405.096405 22.792959,405.982849 
	C25.527025,405.982849 27.930752,405.982849 30.710335,405.982849 
	C30.710335,400.126465 30.710337,394.655151 30.710337,389.183807 
	C30.710337,383.869232 30.710335,378.554626 30.710335,373.240051 
	C31.135334,373.181274 31.560335,373.122498 31.985334,373.063721 
	C39.380753,380.485260 46.776173,387.906799 54.671406,395.828552 
M259.678925,382.409027 
	C258.616638,366.674591 250.337845,358.860748 234.710480,358.845367 
	C231.214508,358.841949 227.718384,358.825348 224.222580,358.848511 
	C210.573898,358.939026 201.262207,368.135651 201.131271,381.638428 
	C200.996918,395.491394 210.693161,405.804108 224.063416,406.004059 
	C226.892868,406.046387 229.740936,405.805786 232.550644,406.045105 
	C247.905457,407.352844 258.656921,397.745789 259.678925,382.409027 
M871.068542,396.908783 
	C868.624390,397.268982 866.183289,397.914276 863.735596,397.940186 
	C852.959717,398.054138 842.181885,397.989380 831.333130,397.989380 
	C831.333130,400.935455 831.333130,403.317657 831.333130,405.995728 
	C844.144043,405.995728 856.620300,406.224243 869.083008,405.910950 
	C876.684387,405.719818 881.928772,399.212891 881.669373,391.307129 
	C881.419800,383.699280 876.482605,379.001221 868.378723,378.813202 
	C864.220642,378.716675 860.056824,378.889709 855.897217,378.827454 
	C851.911194,378.767822 847.905884,378.768463 843.948975,378.357849 
	C840.410278,377.990631 838.716125,375.668610 839.060120,372.088013 
	C839.390198,368.651886 841.671143,367.268707 844.824707,367.046295 
	C846.482605,366.929352 848.154785,367.011597 849.820557,367.011353 
	C859.599426,367.009888 869.378296,367.010620 879.343750,367.010620 
	C879.343750,364.064941 879.343750,361.671143 879.343750,358.978271 
	C867.043396,358.978271 855.073486,358.748993 843.117737,359.061340 
	C835.526733,359.259644 830.522766,364.661407 830.360535,371.802399 
	C830.202637,378.752136 835.196838,384.533661 842.610291,385.056702 
	C850.563904,385.617859 858.579468,385.288483 866.536560,385.818695 
	C868.882568,385.975037 872.376282,387.202698 873.084656,388.888611 
	C873.922180,390.881927 872.312439,393.903473 871.068542,396.908783 
M691.986389,365.525696 
	C687.083191,360.742218 681.248413,358.503326 674.367004,358.814270 
	C670.548218,358.986847 666.715027,358.819580 662.888672,358.850342 
	C650.885254,358.946777 642.323547,365.893280 640.245544,377.194916 
	C638.034973,389.217224 643.840454,401.824921 655.071777,404.302612 
	C663.998474,406.271820 674.253845,406.648590 682.954590,404.242950 
	C698.661926,399.900146 702.806030,380.583435 691.986389,365.525696 
M533.600708,395.772308 
	C537.492859,401.689453 543.036804,405.239990 549.990234,405.858246 
	C555.763428,406.371613 561.638245,406.280487 567.432251,405.905334 
	C577.895874,405.227783 586.230896,396.580414 587.817749,385.276764 
	C589.328003,374.518372 583.561462,362.471832 573.763855,360.608368 
	C564.383606,358.824219 554.005432,358.295807 544.813538,360.432373 
	C530.442261,363.772858 525.678284,380.259949 533.600708,395.772308 
M505.099854,383.397766 
	C497.944061,376.432343 490.911987,369.331848 483.549713,362.591980 
	C481.592102,360.799866 478.461029,358.892731 476.151886,359.195801 
	C472.304016,359.700775 473.155365,363.714691 473.145569,366.623627 
	C473.106964,378.114349 473.129822,389.605286 473.129852,401.096161 
	C473.129852,402.681061 473.129852,404.265961 473.129852,405.846313 
	C476.171936,405.846313 478.428894,405.846313 481.119751,405.846313 
	C481.119751,394.661469 481.119751,383.773926 481.119751,371.951996 
	C482.993744,373.663757 484.200745,374.695343 485.328430,375.807404 
	C495.048035,385.392883 504.687531,395.061493 514.539795,404.508362 
	C515.889221,405.802307 518.873230,407.098358 520.036255,406.458588 
	C521.577209,405.610992 522.838440,402.877350 522.886475,400.921478 
	C523.152039,390.103302 523.012390,379.275177 523.011719,368.450439 
	C523.011475,365.345734 523.011658,362.240997 523.011658,359.086792 
	C520.061707,359.086792 517.792114,359.086792 514.863037,359.086792 
	C514.863037,370.284943 514.863037,381.259003 514.863037,393.761993 
	C511.059662,389.711914 508.329865,386.805023 505.099854,383.397766 
M144.884659,404.267365 
	C147.322021,405.109711 149.759369,405.952026 152.990723,407.068756 
	C152.990723,394.689911 152.990723,383.804474 152.990723,371.970367 
	C154.845001,373.698669 156.042023,374.750183 157.167419,375.873444 
	C166.474396,385.162384 175.673553,394.563080 185.153549,403.671600 
	C186.847580,405.299225 189.687607,405.734131 191.998459,406.719788 
	C192.953766,404.406799 194.682678,402.111145 194.734985,399.777924 
	C195.010895,387.467010 194.876480,375.146545 194.845276,362.829529 
	C194.842102,361.581451 194.577255,360.334045 194.445480,359.187561 
	C191.758133,359.187561 189.510010,359.187561 186.829742,359.187561 
	C186.829742,370.392120 186.829742,381.269623 186.829742,392.939545 
	C185.466507,391.785950 184.715332,391.223053 184.047531,390.574280 
	C174.501816,381.301147 165.075394,371.900482 155.342651,362.828308 
	C153.300629,360.924927 150.141312,360.220154 147.496841,358.963074 
	C146.614151,361.594940 145.028534,364.211060 144.969208,366.861359 
	C144.697296,379.005890 144.852570,391.160004 144.884659,404.267365 
M139.665207,405.062286 
	C130.963531,390.699127 122.326324,376.296326 113.526558,361.993530 
	C110.277512,356.712585 107.043114,356.796753 103.823990,362.044830 
	C95.564522,375.510223 87.364769,389.012299 79.172646,402.518799 
	C78.614426,403.439117 78.317612,404.517975 77.857712,405.622864 
	C86.241966,406.547058 86.240463,406.546143 90.308502,399.760864 
	C96.189667,389.951355 102.073280,380.143341 108.253151,369.838959 
	C111.756363,375.706879 114.933067,381.027924 118.681793,387.307098 
	C114.956924,387.307098 112.163757,387.618835 109.467506,387.240265 
	C104.327431,386.518616 102.441376,389.476227 100.890640,394.159515 
	C106.801239,394.159515 112.256599,394.398743 117.678802,394.077759 
	C121.468849,393.853363 124.124382,394.733765 125.440552,398.515533 
	C127.809189,405.321289 132.713318,407.348907 139.665207,405.062286 
M370.401520,363.826996 
	C362.248108,370.906128 360.877869,379.916321 363.577423,389.718750 
	C366.068359,398.763641 372.505524,404.635986 381.581207,405.595215 
	C391.404510,406.633423 401.422424,405.830383 411.481293,405.830383 
	C411.481293,402.732697 411.481293,400.205597 411.481293,397.285004 
	C402.453278,397.285004 393.815033,397.449341 385.186005,397.238068 
	C376.813202,397.033081 371.049591,390.799957 370.971649,382.342407 
	C370.893250,373.832794 376.397827,367.587799 384.774109,367.036957 
	C389.252014,366.742493 393.760651,366.902893 398.255554,366.884094 
	C402.681030,366.865601 407.106689,366.880066 411.583099,366.880066 
	C411.583099,363.855530 411.583099,361.600616 411.583099,358.835999 
	C402.846466,358.835999 394.350006,358.308441 385.961578,359.032471 
	C380.872101,359.471741 375.949646,361.846466 370.401520,363.826996 
M345.474945,406.002869 
	C349.072388,406.002869 352.669830,406.002869 356.236267,406.002869 
	C356.236267,402.956024 356.236267,400.591400 356.236267,397.699890 
	C344.588623,397.699890 333.370483,397.699890 322.301025,397.699890 
	C322.301025,387.237183 322.301025,377.316101 322.301025,366.874695 
	C333.808258,366.874695 345.029053,366.874695 356.276520,366.874695 
	C356.276520,363.953918 356.276520,361.568298 356.276520,359.218231 
	C341.992523,359.218231 328.104126,359.218231 314.226135,359.218231 
	C314.226135,374.952301 314.226135,390.319061 314.226135,406.002869 
	C324.558075,406.002869 334.520966,406.002869 345.474945,406.002869 
M803.505615,367.000977 
	C810.121277,367.000977 816.736938,367.000977 823.530640,367.000977 
	C823.530640,364.063232 823.530640,361.676544 823.530640,359.130249 
	C809.300659,359.130249 795.396057,359.130249 781.282532,359.130249 
	C781.282532,374.794159 781.282532,390.183014 781.282532,405.578430 
	C795.598999,405.578430 809.627991,405.578430 823.520874,405.578430 
	C823.520874,402.893188 823.520874,400.635040 823.520874,397.838959 
	C811.964294,397.838959 800.731873,397.838959 789.406982,397.838959 
	C789.406982,387.372742 789.406982,377.454834 789.406982,367.000977 
	C793.939331,367.000977 798.224487,367.000977 803.505615,367.000977 
M294.492798,358.855072 
	C284.246368,358.855072 273.999969,358.855072 263.731232,358.855072 
	C263.731232,361.982056 263.731232,364.365234 263.731232,367.176300 
	C269.885590,367.176300 275.648865,367.176300 281.992920,367.176300 
	C281.992920,380.306854 281.992920,393.013519 281.992920,405.657654 
	C285.002960,405.657654 287.407501,405.657654 290.224060,405.657654 
	C290.224060,392.733978 290.224060,380.147675 290.224060,366.972351 
	C296.349731,366.972351 302.072235,366.972351 307.771729,366.972351 
	C307.771729,363.970276 307.771729,361.584167 307.771729,358.854950 
	C303.432434,358.854950 299.461273,358.854950 294.492798,358.855072 
M616.507935,398.000732 
	C612.086365,398.000732 607.664856,398.000732 602.737488,398.000732 
	C602.737488,384.536072 602.737488,371.803345 602.737488,359.130798 
	C599.938477,359.130798 597.663818,359.130798 595.156982,359.130798 
	C595.156982,374.785370 595.156982,390.167938 595.156982,405.728333 
	C608.529541,405.728333 621.602661,405.728333 634.781067,405.728333 
	C634.781067,403.076202 634.781067,400.702820 634.781067,398.000732 
	C628.785828,398.000732 623.144836,398.000732 616.507935,398.000732 
M434.857300,378.156677 
	C433.967102,380.402039 433.076904,382.647430 431.767151,385.951050 
	C441.028015,385.951050 448.743256,385.951050 457.013489,385.951050 
	C457.013489,393.156311 457.013489,399.713623 457.013489,406.315979 
	C460.001282,406.315979 462.401367,406.315979 464.815857,406.315979 
	C464.815857,390.376099 464.815857,374.808136 464.815857,359.176453 
	C462.066589,359.176453 459.669312,359.176453 456.729919,359.176453 
	C456.729919,365.566711 456.729919,371.642517 456.729919,378.134094 
	C449.387451,378.134094 442.588867,378.134094 434.857300,378.156677 
M418.108063,377.500641 
	C418.108063,387.067719 418.108063,396.634796 418.108063,406.388580 
	C421.299042,406.388580 423.851349,406.388580 426.497437,406.388580 
	C426.497437,390.415710 426.497437,374.774261 426.497437,359.236084 
	C423.543335,359.236084 420.990875,359.236084 418.108185,359.236084 
	C418.108185,365.261230 418.108185,370.881256 418.108063,377.500641 
M764.000671,363.644592 
	C764.000671,377.693726 764.000671,391.742889 764.000671,405.598053 
	C767.140076,405.598053 769.536499,405.598053 771.742737,405.598053 
	C771.742737,389.832336 771.742737,374.469482 771.742737,358.580231 
	C768.771973,360.049591 763.722778,355.885956 764.000671,363.644592 
M349.300049,385.731506 
	C351.054321,385.731506 352.808594,385.731506 354.698486,385.731506 
	C354.698486,383.008575 354.698486,381.057007 354.698486,378.945496 
	C345.800751,378.945496 337.108459,378.945496 328.340271,378.945496 
	C328.340271,381.230804 328.340271,383.167938 328.340271,385.731171 
	C335.159271,385.731171 341.754761,385.731171 349.300049,385.731506 
M814.380737,378.599426 
	C808.148560,378.599426 801.916382,378.599426 795.719360,378.599426 
	C795.719360,381.364105 795.719360,383.389191 795.719360,385.731689 
	C800.446228,385.731689 804.730225,385.731720 809.014160,385.731720 
	C813.247681,385.731720 817.481262,385.731689 821.841919,385.731689 
	C821.841919,383.051147 821.841919,381.105377 821.841919,378.600342 
	C819.549744,378.600342 817.444397,378.600342 814.380737,378.599426 
z"/>
<path fill="#FE943A" opacity="1.000000" stroke="none" 
	d="
M219.054840,316.114258 
	C209.488571,317.504547 200.322021,319.905121 191.140137,319.965271 
	C136.313858,320.324402 81.484032,320.144562 26.655405,320.137482 
	C25.665482,320.137360 24.675568,320.036835 23.272921,319.960785 
	C23.272921,307.186951 23.272921,294.480896 23.272921,281.472992 
	C24.570007,281.362335 25.855154,281.156128 27.140152,281.157043 
	C82.466202,281.196259 137.792236,281.287811 193.118271,281.281067 
	C204.476089,281.279663 214.242310,277.445282 219.971497,267.103638 
	C225.600784,256.942352 225.758209,246.243729 219.523346,236.250732 
	C213.798965,227.075943 204.493927,223.942017 194.193924,223.905640 
	C158.697403,223.780228 123.199257,224.009659 87.703606,223.794601 
	C69.207550,223.682556 51.862240,219.196701 38.239933,205.906769 
	C19.645197,187.765717 15.486135,165.358139 22.199137,141.051819 
	C28.669128,117.625366 45.798191,105.159645 68.768929,100.199280 
	C75.541130,98.736862 82.617661,98.113342 89.557953,98.090591 
	C141.386276,97.920624 193.215424,97.998100 245.044312,97.998024 
	C246.359070,97.998024 247.673828,97.998024 249.328674,97.998024 
	C249.328674,111.063309 249.328674,123.789650 249.328674,137.002045 
	C247.139709,137.002045 245.181183,137.002045 243.222672,137.002045 
	C191.393784,137.002075 139.564453,136.876282 87.736198,137.057434 
	C63.367359,137.142609 56.389229,157.335190 61.710106,174.126541 
	C65.126534,184.907928 74.889923,191.072830 87.306435,191.062866 
	C120.803123,191.035980 154.299805,191.024048 187.796494,190.995224 
	C199.827011,190.984863 211.710510,191.937958 223.212723,195.849808 
	C243.083603,202.607819 255.066849,216.204681 259.121704,236.825897 
	C261.460114,248.717911 261.772278,260.564056 259.074982,272.454926 
	C254.078491,294.481689 240.732864,308.856140 219.054840,316.114258 
z"/>
<path fill="#FE943A" opacity="1.000000" stroke="none" 
	d="
M704.897339,185.911087 
	C678.762085,229.625549 652.759216,272.995941 626.882080,316.441193 
	C625.217529,319.235718 623.473389,320.276367 620.217468,320.227112 
	C607.091248,320.028625 593.960266,320.144867 579.931213,320.144867 
	C585.529053,310.856110 590.711731,302.205902 595.942566,293.584839 
	C627.783081,241.107330 659.629517,188.633392 691.486877,136.166107 
	C697.530884,126.211876 703.494263,116.204582 709.747375,106.382576 
	C715.904602,96.711365 724.668579,93.117844 733.887451,96.090622 
	C739.977966,98.054619 743.754028,102.629669 746.931335,107.850739 
	C762.412231,133.289474 777.886902,158.732010 793.379578,184.163589 
	C819.687988,227.349396 846.009460,270.527283 872.319458,313.712067 
	C873.433167,315.539978 874.487427,317.404144 875.907898,319.829437 
	C873.916687,319.953156 872.374329,320.134277 870.832336,320.131348 
	C858.338989,320.107666 845.844238,319.934082 833.353149,320.080902 
	C830.127502,320.118774 828.289551,319.191010 826.611206,316.345978 
	C817.230652,300.444458 807.512451,284.741852 798.163940,268.821930 
	C796.158203,265.406281 794.043884,264.017548 789.964905,264.041809 
	C758.478760,264.229004 726.991028,264.144897 695.503784,264.144897 
	C693.751953,264.144897 692.000183,264.144897 689.155579,264.144897 
	C695.421021,253.534973 701.041382,243.793121 706.990906,234.256653 
	C707.654968,233.192200 710.187256,232.918945 711.855713,232.912109 
	C733.008301,232.825546 754.161377,232.855148 776.470154,232.855148 
	C759.680115,204.987122 743.276978,177.761230 726.501648,149.917587 
	C719.172974,162.107635 712.115906,173.845978 704.897339,185.911087 
z"/>
<path fill="#FE943A" opacity="1.000000" stroke="none" 
	d="
M416.001801,245.000000 
	C416.001801,257.141632 416.001801,268.783264 416.001801,281.042297 
	C466.378143,281.042297 516.418457,281.042297 566.724365,281.042297 
	C566.724365,294.223297 566.724365,306.783508 566.724365,319.600342 
	C503.519501,319.600342 440.591400,319.600342 377.259033,319.600342 
	C377.259033,245.945450 377.259033,172.377258 377.259033,98.403305 
	C389.791046,98.403305 402.522552,98.403305 416.001801,98.403305 
	C416.001801,146.998566 416.001801,195.749283 416.001801,245.000000 
z"/>
<path fill="#FE953D" opacity="1.000000" stroke="none" 
	d="
M335.864502,213.000000 
	C335.864441,248.794434 335.864441,284.088867 335.864441,319.694427 
	C322.657715,319.694427 309.899384,319.694427 296.729614,319.694427 
	C296.729614,246.026337 296.729614,172.319977 296.729614,98.302681 
	C309.555756,98.302681 322.315521,98.302681 335.864563,98.302681 
	C335.864563,136.327835 335.864563,174.413925 335.864502,213.000000 
z"/>
<path fill="#FE9843" opacity="1.000000" stroke="none" 
	d="
M712.743896,377.150818 
	C710.239319,389.385132 716.480896,397.101349 728.483948,397.115356 
	C734.453430,397.122314 740.422913,397.116547 746.752625,397.116547 
	C746.752625,393.040985 746.752625,389.326172 746.752625,385.021606 
	C743.247986,385.021606 739.798950,385.021637 736.349915,385.021637 
	C732.883850,385.021637 729.417847,385.021606 725.627441,385.021606 
	C725.627441,382.688599 725.627441,380.764008 725.627441,378.406921 
	C735.404663,378.406921 745.256348,378.406921 755.396667,378.406921 
	C755.396667,387.353088 755.396667,396.239807 755.396667,405.813568 
	C744.160400,405.813568 733.156433,406.572449 722.307068,405.602234 
	C711.242004,404.612732 703.481750,394.106201 703.297424,382.126343 
	C703.117188,370.409454 710.518127,360.363525 721.921387,359.165619 
	C731.913452,358.115997 742.102905,358.946503 752.545654,358.946503 
	C752.545654,361.183960 752.545654,363.603027 752.545654,366.883423 
	C746.381470,366.883423 740.132568,366.871582 733.883728,366.888580 
	C730.887268,366.896729 727.863525,366.715881 724.900208,367.048645 
	C718.912598,367.721100 714.815979,370.980652 712.743896,377.150818 
z"/>
<path fill="#FE9944" opacity="1.000000" stroke="none" 
	d="
M54.421501,395.578461 
	C46.776173,387.906799 39.380753,380.485260 31.985334,373.063721 
	C31.560335,373.122498 31.135334,373.181274 30.710335,373.240051 
	C30.710335,378.554626 30.710337,383.869232 30.710337,389.183807 
	C30.710337,394.655151 30.710335,400.126465 30.710335,405.982849 
	C27.930752,405.982849 25.527025,405.982849 22.792959,405.982849 
	C22.631231,405.096405 22.317884,404.171661 22.315472,403.246124 
	C22.282038,390.429138 22.176708,377.609924 22.410511,364.797150 
	C22.446619,362.818268 23.639954,359.828857 25.110394,359.196991 
	C26.590818,358.560791 29.614796,359.715424 31.049040,361.059814 
	C41.841434,371.175873 52.408234,381.532623 63.755604,392.500458 
	C63.755604,380.942596 63.755604,370.138702 63.755604,358.985168 
	C66.770744,358.985168 69.181557,358.985168 72.373428,358.985168 
	C72.373428,360.836761 72.373436,362.760193 72.373428,364.683624 
	C72.373405,376.002625 72.535889,387.325623 72.254616,398.637634 
	C72.187584,401.333588 70.638062,403.992645 69.770409,406.668640 
	C67.091751,405.409058 64.150307,404.509094 61.804016,402.794617 
	C59.147957,400.853790 57.025742,398.182343 54.421501,395.578461 
z"/>
<path fill="#FE963E" opacity="1.000000" stroke="none" 
	d="
M259.664856,382.829041 
	C258.656921,397.745789 247.905457,407.352844 232.550644,406.045105 
	C229.740936,405.805786 226.892868,406.046387 224.063416,406.004059 
	C210.693161,405.804108 200.996918,395.491394 201.131271,381.638428 
	C201.262207,368.135651 210.573898,358.939026 224.222580,358.848511 
	C227.718384,358.825348 231.214508,358.841949 234.710480,358.845367 
	C250.337845,358.860748 258.616638,366.674591 259.664856,382.829041 
M250.622833,386.668304 
	C252.311432,373.858307 246.428696,367.163208 233.468689,367.147797 
	C230.646790,367.144440 227.823364,367.088104 225.003250,367.159180 
	C215.865341,367.389496 209.940857,373.208130 209.786850,382.043823 
	C209.628464,391.132874 215.522644,397.424652 224.683960,397.828674 
	C228.163864,397.982117 231.656662,398.040405 235.137390,397.935913 
	C242.431107,397.716949 247.884064,394.698212 250.622833,386.668304 
z"/>
<path fill="#FE963E" opacity="1.000000" stroke="none" 
	d="
M871.416016,396.694061 
	C872.312439,393.903473 873.922180,390.881927 873.084656,388.888611 
	C872.376282,387.202698 868.882568,385.975037 866.536560,385.818695 
	C858.579468,385.288483 850.563904,385.617859 842.610291,385.056702 
	C835.196838,384.533661 830.202637,378.752136 830.360535,371.802399 
	C830.522766,364.661407 835.526733,359.259644 843.117737,359.061340 
	C855.073486,358.748993 867.043396,358.978271 879.343750,358.978271 
	C879.343750,361.671143 879.343750,364.064941 879.343750,367.010620 
	C869.378296,367.010620 859.599426,367.009888 849.820557,367.011353 
	C848.154785,367.011597 846.482605,366.929352 844.824707,367.046295 
	C841.671143,367.268707 839.390198,368.651886 839.060120,372.088013 
	C838.716125,375.668610 840.410278,377.990631 843.948975,378.357849 
	C847.905884,378.768463 851.911194,378.767822 855.897217,378.827454 
	C860.056824,378.889709 864.220642,378.716675 868.378723,378.813202 
	C876.482605,379.001221 881.419800,383.699280 881.669373,391.307129 
	C881.928772,399.212891 876.684387,405.719818 869.083008,405.910950 
	C856.620300,406.224243 844.144043,405.995728 831.333130,405.995728 
	C831.333130,403.317657 831.333130,400.935455 831.333130,397.989380 
	C842.181885,397.989380 852.959717,398.054138 863.735596,397.940186 
	C866.183289,397.914276 868.624390,397.268982 871.416016,396.694061 
z"/>
<path fill="#FE963E" opacity="1.000000" stroke="none" 
	d="
M692.239990,365.785858 
	C702.806030,380.583435 698.661926,399.900146 682.954590,404.242950 
	C674.253845,406.648590 663.998474,406.271820 655.071777,404.302612 
	C643.840454,401.824921 638.034973,389.217224 640.245544,377.194916 
	C642.323547,365.893280 650.885254,358.946777 662.888672,358.850342 
	C666.715027,358.819580 670.548218,358.986847 674.367004,358.814270 
	C681.248413,358.503326 687.083191,360.742218 692.239990,365.785858 
M676.800720,397.822876 
	C686.430969,395.050446 691.137939,388.668518 689.833862,380.152039 
	C688.533325,371.658600 682.598694,367.164062 672.655945,367.147736 
	C669.667847,367.142822 666.677246,367.070770 663.692017,367.163727 
	C654.362244,367.454193 648.415222,373.521057 648.468262,382.613525 
	C648.519226,391.351685 654.540649,397.517426 663.482422,397.825714 
	C667.625305,397.968567 671.776978,397.857971 676.800720,397.822876 
z"/>
<path fill="#FE963E" opacity="1.000000" stroke="none" 
	d="
M533.399048,395.456238 
	C525.678284,380.259949 530.442261,363.772858 544.813538,360.432373 
	C554.005432,358.295807 564.383606,358.824219 573.763855,360.608368 
	C583.561462,362.471832 589.328003,374.518372 587.817749,385.276764 
	C586.230896,396.580414 577.895874,405.227783 567.432251,405.905334 
	C561.638245,406.280487 555.763428,406.371613 549.990234,405.858246 
	C543.036804,405.239990 537.492859,401.689453 533.399048,395.456238 
M541.623962,392.763184 
	C549.340454,400.480896 559.011169,398.395538 567.992554,397.172424 
	C576.170837,396.058685 580.157043,388.823425 579.202209,379.913055 
	C578.441406,372.813110 572.711121,367.619110 564.953857,367.182861 
	C561.808533,367.005951 558.645264,367.144135 555.490112,367.148163 
	C540.277283,367.167603 533.551697,378.902283 541.623962,392.763184 
z"/>
<path fill="#FE963E" opacity="1.000000" stroke="none" 
	d="
M505.349945,383.647949 
	C508.329865,386.805023 511.059662,389.711914 514.863037,393.761993 
	C514.863037,381.259003 514.863037,370.284943 514.863037,359.086792 
	C517.792114,359.086792 520.061707,359.086792 523.011658,359.086792 
	C523.011658,362.240997 523.011475,365.345734 523.011719,368.450439 
	C523.012390,379.275177 523.152039,390.103302 522.886475,400.921478 
	C522.838440,402.877350 521.577209,405.610992 520.036255,406.458588 
	C518.873230,407.098358 515.889221,405.802307 514.539795,404.508362 
	C504.687531,395.061493 495.048035,385.392883 485.328430,375.807404 
	C484.200745,374.695343 482.993744,373.663757 481.119751,371.951996 
	C481.119751,383.773926 481.119751,394.661469 481.119751,405.846313 
	C478.428894,405.846313 476.171936,405.846313 473.129852,405.846313 
	C473.129852,404.265961 473.129852,402.681061 473.129852,401.096161 
	C473.129822,389.605286 473.106964,378.114349 473.145569,366.623627 
	C473.155365,363.714691 472.304016,359.700775 476.151886,359.195801 
	C478.461029,358.892731 481.592102,360.799866 483.549713,362.591980 
	C490.911987,369.331848 497.944061,376.432343 505.349945,383.647949 
z"/>
<path fill="#FE953D" opacity="1.000000" stroke="none" 
	d="
M144.869568,403.789001 
	C144.852570,391.160004 144.697296,379.005890 144.969208,366.861359 
	C145.028534,364.211060 146.614151,361.594940 147.496857,358.963074 
	C150.141312,360.220154 153.300629,360.924927 155.342651,362.828308 
	C165.075394,371.900482 174.501816,381.301147 184.047531,390.574280 
	C184.715332,391.223053 185.466507,391.785950 186.829742,392.939545 
	C186.829742,381.269623 186.829742,370.392120 186.829742,359.187561 
	C189.510010,359.187561 191.758133,359.187561 194.445480,359.187561 
	C194.577255,360.334045 194.842102,361.581451 194.845276,362.829529 
	C194.876480,375.146545 195.010895,387.467010 194.734985,399.777924 
	C194.682678,402.111145 192.953766,404.406799 191.998474,406.719788 
	C189.687607,405.734131 186.847580,405.299225 185.153549,403.671600 
	C175.673553,394.563080 166.474396,385.162384 157.167419,375.873444 
	C156.042023,374.750183 154.845001,373.698669 152.990723,371.970367 
	C152.990723,383.804474 152.990723,394.689911 152.990723,407.068756 
	C149.759369,405.952026 147.322021,405.109711 144.869568,403.789001 
z"/>
<path fill="#FE9740" opacity="1.000000" stroke="none" 
	d="
M139.557861,405.438354 
	C132.713318,407.348907 127.809189,405.321289 125.440552,398.515533 
	C124.124382,394.733765 121.468849,393.853363 117.678802,394.077759 
	C112.256599,394.398743 106.801239,394.159515 100.890640,394.159515 
	C102.441376,389.476227 104.327431,386.518616 109.467506,387.240265 
	C112.163757,387.618835 114.956924,387.307098 118.681793,387.307098 
	C114.933067,381.027924 111.756363,375.706879 108.253151,369.838959 
	C102.073280,380.143341 96.189667,389.951355 90.308502,399.760864 
	C86.240463,406.546143 86.241966,406.547058 77.857712,405.622864 
	C78.317612,404.517975 78.614426,403.439117 79.172646,402.518799 
	C87.364769,389.012299 95.564522,375.510223 103.823990,362.044830 
	C107.043114,356.796753 110.277512,356.712585 113.526558,361.993530 
	C122.326324,376.296326 130.963531,390.699127 139.557861,405.438354 
z"/>
<path fill="#FE9842" opacity="1.000000" stroke="none" 
	d="
M370.676849,363.589355 
	C375.949646,361.846466 380.872101,359.471741 385.961578,359.032471 
	C394.350006,358.308441 402.846466,358.835999 411.583099,358.835999 
	C411.583099,361.600616 411.583099,363.855530 411.583099,366.880066 
	C407.106689,366.880066 402.681030,366.865601 398.255554,366.884094 
	C393.760651,366.902893 389.252014,366.742493 384.774109,367.036957 
	C376.397827,367.587799 370.893250,373.832794 370.971649,382.342407 
	C371.049591,390.799957 376.813202,397.033081 385.186005,397.238068 
	C393.815033,397.449341 402.453278,397.285004 411.481293,397.285004 
	C411.481293,400.205597 411.481293,402.732697 411.481293,405.830383 
	C401.422424,405.830383 391.404510,406.633423 381.581207,405.595215 
	C372.505524,404.635986 366.068359,398.763641 363.577423,389.718750 
	C360.877869,379.916321 362.248108,370.906128 370.676849,363.589355 
z"/>
<path fill="#FE943B" opacity="1.000000" stroke="none" 
	d="
M344.979401,406.002869 
	C334.520966,406.002869 324.558075,406.002869 314.226135,406.002869 
	C314.226135,390.319061 314.226135,374.952301 314.226135,359.218231 
	C328.104126,359.218231 341.992523,359.218231 356.276520,359.218231 
	C356.276520,361.568298 356.276520,363.953918 356.276520,366.874695 
	C345.029053,366.874695 333.808258,366.874695 322.301025,366.874695 
	C322.301025,377.316101 322.301025,387.237183 322.301025,397.699890 
	C333.370483,397.699890 344.588623,397.699890 356.236267,397.699890 
	C356.236267,400.591400 356.236267,402.956024 356.236267,406.002869 
	C352.669830,406.002869 349.072388,406.002869 344.979401,406.002869 
z"/>
<path fill="#FE933A" opacity="1.000000" stroke="none" 
	d="
M803.007629,367.000977 
	C798.224487,367.000977 793.939331,367.000977 789.406982,367.000977 
	C789.406982,377.454834 789.406982,387.372742 789.406982,397.838959 
	C800.731873,397.838959 811.964294,397.838959 823.520874,397.838959 
	C823.520874,400.635040 823.520874,402.893188 823.520874,405.578430 
	C809.627991,405.578430 795.598999,405.578430 781.282532,405.578430 
	C781.282532,390.183014 781.282532,374.794159 781.282532,359.130249 
	C795.396057,359.130249 809.300659,359.130249 823.530640,359.130249 
	C823.530640,361.676544 823.530640,364.063232 823.530640,367.000977 
	C816.736938,367.000977 810.121277,367.000977 803.007629,367.000977 
z"/>
<path fill="#FE943A" opacity="1.000000" stroke="none" 
	d="
M294.991455,358.855011 
	C299.461273,358.854950 303.432434,358.854950 307.771729,358.854950 
	C307.771729,361.584167 307.771729,363.970276 307.771729,366.972351 
	C302.072235,366.972351 296.349731,366.972351 290.224060,366.972351 
	C290.224060,380.147675 290.224060,392.733978 290.224060,405.657654 
	C287.407501,405.657654 285.002960,405.657654 281.992920,405.657654 
	C281.992920,393.013519 281.992920,380.306854 281.992920,367.176300 
	C275.648865,367.176300 269.885590,367.176300 263.731232,367.176300 
	C263.731232,364.365234 263.731232,361.982056 263.731232,358.855072 
	C273.999969,358.855072 284.246368,358.855072 294.991455,358.855011 
z"/>
<path fill="#FE9339" opacity="1.000000" stroke="none" 
	d="
M617.005859,398.000732 
	C623.144836,398.000732 628.785828,398.000732 634.781067,398.000732 
	C634.781067,400.702820 634.781067,403.076202 634.781067,405.728333 
	C621.602661,405.728333 608.529541,405.728333 595.156982,405.728333 
	C595.156982,390.167938 595.156982,374.785370 595.156982,359.130798 
	C597.663818,359.130798 599.938477,359.130798 602.737488,359.130798 
	C602.737488,371.803345 602.737488,384.536072 602.737488,398.000732 
	C607.664856,398.000732 612.086365,398.000732 617.005859,398.000732 
z"/>
<path fill="#FE963E" opacity="1.000000" stroke="none" 
	d="
M435.323792,378.145386 
	C442.588867,378.134094 449.387451,378.134094 456.729919,378.134094 
	C456.729919,371.642517 456.729919,365.566711 456.729919,359.176453 
	C459.669312,359.176453 462.066589,359.176453 464.815857,359.176453 
	C464.815857,374.808136 464.815857,390.376099 464.815857,406.315979 
	C462.401367,406.315979 460.001282,406.315979 457.013489,406.315979 
	C457.013489,399.713623 457.013489,393.156311 457.013489,385.951050 
	C448.743256,385.951050 441.028015,385.951050 431.767151,385.951050 
	C433.076904,382.647430 433.967102,380.402039 435.323792,378.145386 
z"/>
<path fill="#FE9A45" opacity="1.000000" stroke="none" 
	d="
M418.108124,377.000977 
	C418.108185,370.881256 418.108185,365.261230 418.108185,359.236084 
	C420.990875,359.236084 423.543335,359.236084 426.497437,359.236084 
	C426.497437,374.774261 426.497437,390.415710 426.497437,406.388580 
	C423.851349,406.388580 421.299042,406.388580 418.108063,406.388580 
	C418.108063,396.634796 418.108063,387.067719 418.108124,377.000977 
z"/>
<path fill="#FE9339" opacity="1.000000" stroke="none" 
	d="
M764.000977,363.164459 
	C763.722778,355.885956 768.771973,360.049591 771.742737,358.580231 
	C771.742737,374.469482 771.742737,389.832336 771.742737,405.598053 
	C769.536499,405.598053 767.140076,405.598053 764.000671,405.598053 
	C764.000671,391.742889 764.000671,377.693726 764.000977,363.164459 
z"/>
<path fill="#FE9C49" opacity="1.000000" stroke="none" 
	d="
M348.825165,385.731323 
	C341.754761,385.731171 335.159271,385.731171 328.340271,385.731171 
	C328.340271,383.167938 328.340271,381.230804 328.340271,378.945496 
	C337.108459,378.945496 345.800751,378.945496 354.698486,378.945496 
	C354.698486,381.057007 354.698486,383.008575 354.698486,385.731506 
	C352.808594,385.731506 351.054321,385.731506 348.825165,385.731323 
z"/>
<path fill="#FE9C49" opacity="1.000000" stroke="none" 
	d="
M814.859863,378.599884 
	C817.444397,378.600342 819.549744,378.600342 821.841919,378.600342 
	C821.841919,381.105377 821.841919,383.051147 821.841919,385.731689 
	C817.481262,385.731689 813.247681,385.731720 809.014160,385.731720 
	C804.730225,385.731720 800.446228,385.731689 795.719360,385.731689 
	C795.719360,383.389191 795.719360,381.364105 795.719360,378.599426 
	C801.916382,378.599426 808.148560,378.599426 814.859863,378.599884 
z"/>
<path fill="#FFFDFC" opacity="1.000000" stroke="none" 
	d="
M250.501953,387.057800 
	C247.884064,394.698212 242.431107,397.716949 235.137390,397.935913 
	C231.656662,398.040405 228.163864,397.982117 224.683960,397.828674 
	C215.522644,397.424652 209.628464,391.132874 209.786850,382.043823 
	C209.940857,373.208130 215.865341,367.389496 225.003250,367.159180 
	C227.823364,367.088104 230.646790,367.144440 233.468689,367.147797 
	C246.428696,367.163208 252.311432,373.858307 250.501953,387.057800 
z"/>
<path fill="#FFFDFC" opacity="1.000000" stroke="none" 
	d="
M676.362671,397.842590 
	C671.776978,397.857971 667.625305,397.968567 663.482422,397.825714 
	C654.540649,397.517426 648.519226,391.351685 648.468262,382.613525 
	C648.415222,373.521057 654.362244,367.454193 663.692017,367.163727 
	C666.677246,367.070770 669.667847,367.142822 672.655945,367.147736 
	C682.598694,367.164062 688.533325,371.658600 689.833862,380.152039 
	C691.137939,388.668518 686.430969,395.050446 676.362671,397.842590 
z"/>
<path fill="#FFFDFC" opacity="1.000000" stroke="none" 
	d="
M541.379456,392.477417 
	C533.551697,378.902283 540.277283,367.167603 555.490112,367.148163 
	C558.645264,367.144135 561.808533,367.005951 564.953857,367.182861 
	C572.711121,367.619110 578.441406,372.813110 579.202209,379.913055 
	C580.157043,388.823425 576.170837,396.058685 567.992554,397.172424 
	C559.011169,398.395538 549.340454,400.480896 541.379456,392.477417 
z"/>
</svg>