<svg version="1.1" id="Layer_1" xmlns="http://www.w3.org/2000/svg" xmlns:xlink="http://www.w3.org/1999/xlink" x="0px" y="0px"
	 width="100%" viewBox="0 0 1366 768" enable-background="new 0 0 1366 768" xml:space="preserve">
<path fill="#FFFFFF" opacity="1.000000" stroke="none" 
	d="
M887.000000,769.000000 
	C591.367859,769.000000 296.235718,769.000000 1.051777,769.000000 
	C1.051777,513.064453 1.051777,257.128906 1.051777,1.096684 
	C456.215607,1.096684 911.431213,1.096684 1366.823486,1.096684 
	C1366.823486,256.999908 1366.823486,512.999939 1366.823486,769.000000 
	C1207.128662,769.000000 1047.314331,769.000000 887.000000,769.000000 
M944.076355,20.998516 
	C932.384888,21.049389 920.693481,21.100260 908.075378,20.999496 
	C896.384155,21.050186 884.692932,21.100874 872.075012,21.000492 
	C857.717285,21.050743 843.359619,21.100994 828.075012,21.001076 
	C814.383789,21.051153 800.692627,21.101231 786.074463,21.001839 
	C772.383423,21.051600 758.692383,21.101360 744.074341,21.002089 
	C727.383118,21.051840 710.691895,21.101591 693.073730,21.003103 
	C672.382874,21.052601 651.691956,21.102100 630.074097,21.003674 
	C603.716553,21.052595 577.359009,21.101519 550.074280,21.002607 
	C473.092773,20.993799 396.110809,21.137012 319.129883,20.917942 
	C274.489929,20.790907 234.859222,34.702023 200.938660,63.421829 
	C160.407303,97.738869 138.313126,141.668427 135.839798,195.052567 
	C134.701279,219.626266 137.737015,243.606308 146.559158,266.660004 
	C165.580322,316.365356 199.662231,351.712708 248.577042,372.593903 
	C275.078705,383.907196 302.999176,387.337769 332.592926,386.576569 
	C357.916351,386.587158 383.239807,386.613922 408.563202,386.591095 
	C412.378754,386.587677 416.194122,386.352722 420.892822,386.533813 
	C435.266083,386.429688 449.639343,386.325592 464.895172,386.530548 
	C480.269226,386.425110 495.643311,386.319672 511.899475,386.521637 
	C528.605652,386.415039 545.311890,386.308441 562.899292,386.510529 
	C578.940063,386.404022 594.980774,386.297485 611.902161,386.499023 
	C626.257263,386.392822 640.612427,386.286591 655.862549,386.485931 
	C668.916992,386.382751 681.971436,386.279572 695.906433,386.480927 
	C711.937866,386.373749 727.969360,386.266571 744.918335,386.374634 
	C768.595337,386.299927 792.272278,386.225250 816.702881,386.464783 
	C832.699524,386.441956 848.696167,386.401978 864.692810,386.399353 
	C925.355835,386.389343 986.018860,386.355438 1046.681885,386.405853 
	C1072.975220,386.427704 1098.582642,382.555115 1122.497925,371.340668 
	C1190.968262,339.233398 1228.202759,285.307892 1231.802124,209.673981 
	C1234.271362,157.786072 1216.053955,112.784019 1179.785767,75.753944 
	C1140.160522,35.296215 1091.292725,17.996698 1034.040527,21.021339 
	C1004.361328,21.064714 974.682190,21.108089 944.076355,20.998516 
M685.367798,623.885742 
	C680.245117,632.502502 677.183655,641.916687 676.998596,651.828491 
	C676.463928,680.472229 676.413330,709.125671 676.293762,737.775818 
	C676.273926,742.535950 679.001099,744.919250 683.939331,744.961182 
	C692.437317,745.033447 700.936401,744.995239 709.434998,744.977417 
	C716.379150,744.962891 718.136230,743.151184 718.138611,736.010437 
	C718.146240,712.847534 718.100952,689.684570 718.180786,666.521912 
	C718.194458,662.540710 718.484497,658.526611 719.063049,654.588806 
	C720.031250,647.999207 723.175964,642.713623 729.187927,639.375793 
	C746.602966,629.707214 765.981384,640.823608 766.028198,660.600403 
	C766.088135,685.929443 766.031250,711.258728 766.052917,736.587952 
	C766.058228,742.772217 768.248291,744.943665 774.473694,744.971558 
	C783.138794,745.010376 791.804626,745.035950 800.469238,744.958801 
	C805.585144,744.913147 807.779175,742.738464 807.863525,737.691284 
	C807.955383,732.193726 807.879089,726.693481 807.887146,721.194397 
	C807.917969,700.198669 807.732666,679.199341 808.072510,658.208557 
	C808.265259,646.298218 815.628052,638.364563 826.623596,636.989502 
	C841.494507,635.129761 851.121582,640.153259 854.469604,651.917419 
	C855.456177,655.383728 855.774597,659.140259 855.790955,662.766479 
	C855.901733,687.262024 855.836365,711.758240 855.857605,736.254272 
	C855.863464,742.986633 857.799500,744.946289 864.400513,744.973145 
	C872.565674,745.006348 880.731201,744.997681 888.896484,744.976624 
	C895.749451,744.958984 897.549561,743.218262 897.554993,736.467102 
	C897.575928,710.471375 897.593262,684.475525 897.549316,658.479858 
	C897.531006,647.682068 895.395386,637.338989 890.664612,627.555908 
	C876.638184,598.549988 839.163330,593.280273 817.697266,598.708679 
	C804.980713,601.924561 794.873230,609.036560 787.256897,619.773254 
	C784.163757,616.453796 781.579590,613.178589 778.500916,610.464417 
	C765.873840,599.332336 750.862000,595.637878 734.411743,597.106995 
	C714.501038,598.885132 697.100586,605.477112 685.367798,623.885742 
M496.343689,615.499817 
	C496.550507,638.483521 495.778717,661.529358 497.232758,684.433899 
	C498.761078,708.507202 510.517395,727.375793 531.829224,739.561523 
	C545.744690,747.518066 560.975647,749.374573 576.713501,748.711609 
	C600.672485,747.702393 620.462830,738.244019 634.056580,718.372314 
	C650.972168,693.644714 652.094421,666.502869 641.928589,639.122070 
	C626.449219,597.430115 574.662415,583.369202 539.990356,610.826416 
	C539.564270,611.163818 538.937561,611.247742 538.147888,611.547363 
	C538.147888,574.800781 538.156799,538.481995 538.139832,502.163208 
	C538.136780,495.533752 536.088501,493.460419 529.526489,493.420807 
	C521.695251,493.373535 513.863464,493.398682 506.031891,493.411865 
	C497.947418,493.425476 496.346252,495.014862 496.345428,503.024994 
	C496.341492,540.183228 496.343689,577.341492 496.343689,615.499817 
M954.668823,736.837341 
	C969.612000,746.707825 986.251526,749.211365 1003.786438,748.773010 
	C1024.659668,748.251099 1042.361450,740.949951 1056.739868,725.764038 
	C1060.932861,721.335510 1060.584717,718.186768 1055.346191,714.958923 
	C1048.547485,710.769531 1041.588989,706.840149 1034.767456,702.686951 
	C1031.371826,700.619507 1028.207397,700.747070 1024.990479,702.959229 
	C1012.971619,711.224487 999.684326,711.723694 986.171082,708.476562 
	C974.029175,705.558899 965.932251,695.511963 966.525024,685.134033 
	C968.323425,685.134033 970.140930,685.134033 971.958435,685.134033 
	C1002.113159,685.134033 1032.267822,685.134033 1062.422607,685.134033 
	C1063.255615,685.134033 1064.088623,685.134888 1064.921631,685.133911 
	C1074.049316,685.123840 1075.068848,684.137085 1075.051636,675.240356 
	C1075.047241,672.908997 1075.076904,670.570129 1074.910767,668.247620 
	C1072.805298,638.808838 1060.694458,615.540710 1032.599854,603.414185 
	C1010.491882,593.871704 987.727417,594.325256 965.526611,603.524963 
	C945.063721,612.004578 932.555115,627.723022 927.104309,649.070496 
	C922.680725,666.394531 922.988037,683.696228 928.152344,700.823792 
	C932.630981,715.677307 941.210449,727.636414 954.668823,736.837341 
M360.135284,608.878662 
	C360.187042,604.122314 358.130646,601.206665 353.102081,601.174377 
	C343.775726,601.114441 334.448486,601.117310 325.122101,601.176331 
	C320.664337,601.204468 318.374115,603.706421 318.257538,608.041321 
	C318.123260,613.034180 318.180328,618.033813 318.231598,623.029785 
	C318.457123,644.999756 317.834137,667.024414 319.209503,688.923096 
	C320.489166,709.297729 329.703400,726.167969 347.253632,737.735352 
	C361.357147,747.031006 377.069092,748.948669 393.548615,748.795898 
	C430.149658,748.456482 457.949524,723.747375 459.908783,687.228333 
	C461.325439,660.822937 460.517242,634.296082 460.592377,607.823059 
	C460.604950,603.397766 457.940002,601.183167 453.551849,601.166809 
	C445.057983,601.135193 436.563873,601.150452 428.069885,601.157410 
	C420.426727,601.163696 418.840729,602.779602 418.837433,610.626343 
	C418.828094,632.943909 418.878357,655.261536 418.817810,677.578918 
	C418.776764,692.714905 412.768494,703.059448 401.161591,707.149719 
	C385.993927,712.494751 363.104645,708.889282 360.607971,683.720276 
	C360.378448,681.406677 360.160004,679.079163 360.156464,676.757812 
	C360.122559,654.440308 360.135925,632.122742 360.135284,608.878662 
M249.188950,661.182312 
	C244.770279,660.372314 240.351440,659.563232 235.932968,658.752136 
	C227.755371,657.250916 219.516464,656.014343 211.425049,654.140747 
	C207.006638,653.117554 203.529144,650.269531 203.350403,645.163818 
	C203.172302,640.076904 206.885834,637.937622 210.887985,636.354614 
	C223.826614,631.236816 243.396851,634.313354 250.810547,645.915100 
	C252.958923,649.277161 256.200256,649.917908 260.010101,648.328857 
	C266.458038,645.639587 273.026306,643.239990 279.490143,640.587341 
	C284.522186,638.522339 285.724823,635.583801 283.531738,630.690247 
	C278.685791,619.877563 271.272339,611.256653 260.818756,605.582825 
	C237.356140,592.848083 213.364365,594.746277 189.437286,603.908447 
	C176.940399,608.693787 168.079636,617.596619 164.725250,630.821777 
	C158.820908,654.100525 165.949982,674.316528 190.711548,682.700012 
	C199.166718,685.562622 208.120682,686.955017 216.850998,689.001038 
	C223.955627,690.666138 231.313660,691.633545 238.107346,694.136963 
	C245.355606,696.807800 245.771423,703.750977 239.547775,708.475952 
	C237.988098,709.660095 236.108170,710.499939 234.267517,711.223633 
	C223.155365,715.592651 204.529617,712.667969 197.034836,701.753540 
	C194.463516,698.009033 191.068848,697.027832 186.577591,698.717285 
	C180.829559,700.879517 174.858063,702.442505 169.003677,704.328308 
	C162.733582,706.347900 161.452316,708.888123 163.604126,715.242737 
	C167.757019,727.506958 175.565247,736.508301 187.299789,742.225708 
	C200.190170,748.506287 213.908859,748.944885 227.802551,748.709534 
	C241.651993,748.475037 254.395752,744.725220 265.855255,736.908875 
	C288.971893,721.141113 291.573669,687.521484 270.435455,671.391724 
	C264.521637,666.879150 256.829132,664.697632 249.188950,661.182312 
M1151.607056,599.026733 
	C1120.001343,604.732666 1104.368164,626.487000 1104.021973,655.850769 
	C1103.701904,682.987915 1103.937744,710.131836 1103.964966,737.272766 
	C1103.970459,742.772705 1106.025146,744.913757 1111.386841,744.958801 
	C1120.211182,745.033020 1129.036987,745.025330 1137.861450,744.964172 
	C1143.397095,744.925781 1145.684204,742.614929 1145.725098,737.017334 
	C1145.788452,728.359375 1145.727417,719.700439 1145.745972,711.042053 
	C1145.781616,694.393127 1145.492920,677.733887 1145.991089,661.098450 
	C1146.390625,647.764771 1154.004395,638.255188 1166.889526,636.169006 
	C1174.906860,634.870911 1183.373413,635.937866 1191.599365,636.507385 
	C1195.908813,636.805847 1199.051636,635.882141 1200.082642,631.626831 
	C1201.921631,624.037109 1203.427368,616.362244 1204.895386,608.689087 
	C1205.641968,604.787659 1203.768311,602.087708 1199.974365,601.236694 
	C1184.284302,597.716919 1168.481445,596.000244 1151.607056,599.026733 
z"/>
<path fill="#01BCD7" opacity="1.000000" stroke="none" 
	d="
M1034.967285,21.147087 
	C1091.292725,17.996698 1140.160522,35.296215 1179.785767,75.753944 
	C1216.053955,112.784019 1234.271362,157.786072 1231.802124,209.673981 
	C1228.202759,285.307892 1190.968262,339.233398 1122.497925,371.340668 
	C1098.582642,382.555115 1072.975220,386.427704 1046.681885,386.405853 
	C986.018860,386.355438 925.355835,386.389343 864.692810,386.399353 
	C848.696167,386.401978 832.699524,386.441956 816.341431,385.828735 
	C815.985840,349.266541 815.991577,313.340393 816.457031,277.316956 
	C894.231506,277.154083 971.546326,277.037964 1048.861084,277.069611 
	C1062.728027,277.075287 1075.687988,273.963165 1087.352905,266.575623 
	C1111.001709,251.598724 1123.541748,229.938660 1122.907227,201.896866 
	C1122.277954,174.081848 1109.111206,152.832855 1084.890747,139.177658 
	C1062.934204,126.798874 1040.254639,127.637505 1016.995605,136.476639 
	C954.460327,160.241821 891.743958,183.530655 829.082031,206.961929 
	C774.680298,227.304459 720.245239,247.557663 665.850525,267.918976 
	C658.139771,270.805359 650.574463,274.080444 642.723633,277.396790 
	C639.424316,278.403900 636.251892,278.939301 633.279358,280.022949 
	C624.476929,283.231781 615.753418,286.656982 606.615845,290.004669 
	C601.893066,291.613464 597.537292,293.172882 593.217041,294.825165 
	C581.799255,299.191833 570.396912,303.598785 558.606323,307.999329 
	C553.911804,309.604492 549.588257,311.170685 545.289001,312.801086 
	C532.851257,317.517944 520.423279,322.260620 507.618652,327.034302 
	C492.492462,332.700256 477.739105,338.325073 462.600647,343.970154 
	C456.793579,345.954132 451.336609,347.827271 445.957275,349.901611 
	C436.587250,353.514862 427.265045,357.252197 417.551025,360.989197 
	C414.045624,362.063324 410.878693,362.994385 407.783630,364.122559 
	C382.422668,373.366974 357.674438,384.837769 329.030182,385.076080 
	C330.461487,385.792694 331.028625,386.076630 331.595734,386.360565 
	C302.999176,387.337769 275.078705,383.907196 248.577042,372.593903 
	C199.662231,351.712708 165.580322,316.365356 146.559158,266.660004 
	C137.737015,243.606308 134.701279,219.626266 135.839798,195.052567 
	C138.313126,141.668427 160.407303,97.738869 200.938660,63.421829 
	C234.859222,34.702023 274.489929,20.790907 319.129883,20.917942 
	C396.110809,21.137012 473.092773,20.993799 550.537109,21.535122 
	C551.000732,57.961620 551.001526,93.855606 550.542480,129.847809 
	C472.936066,129.958481 395.789490,130.011871 318.643036,129.943863 
	C305.487244,129.932251 293.313843,133.157425 281.869019,139.506622 
	C255.801620,153.967926 240.806381,184.526077 245.218872,214.271851 
	C249.580597,243.675369 272.389008,268.266724 300.806458,275.216125 
	C317.817200,279.376099 333.512543,275.158813 349.068878,269.366119 
	C407.232086,247.708023 465.323700,225.857742 523.464600,204.139679 
	C582.073669,182.246735 640.718933,160.450592 699.321045,138.538971 
	C706.289124,135.933563 713.085510,132.868927 720.365723,130.005585 
	C729.848938,126.668785 738.927979,123.343559 748.390869,120.006378 
	C761.182983,115.486115 773.602600,111.008217 785.980896,106.419182 
	C787.130432,105.993004 788.018311,104.861237 789.271240,104.045990 
	C789.514709,104.034897 790.001892,104.016983 790.339233,104.013351 
	C791.454468,103.684265 792.232300,103.358795 793.404785,103.025757 
	C794.623657,102.934784 795.515015,103.027145 796.262146,102.741707 
	C808.186584,98.186043 820.092590,93.582054 832.371460,88.951805 
	C841.253357,85.737770 849.796692,82.638794 858.269592,79.357910 
	C864.243591,77.044647 870.121948,74.484367 876.433594,72.026123 
	C881.500000,70.400406 886.223022,68.906044 890.840515,67.136375 
	C897.615112,64.539978 904.314209,61.746655 911.421631,58.988411 
	C916.806763,57.258446 921.875488,55.734447 926.809753,53.857193 
	C933.266541,51.400711 939.617065,48.665054 946.391541,45.995430 
	C954.420837,43.180428 962.115479,40.533867 969.713684,37.634430 
	C984.930847,31.827688 1000.138977,26.023466 1016.390198,23.704248 
	C1022.578186,22.821152 1028.774658,21.997707 1034.967285,21.147087 
z"/>
<path fill="#0B1725" opacity="1.000000" stroke="none" 
	d="
M685.572449,623.583984 
	C697.100586,605.477112 714.501038,598.885132 734.411743,597.106995 
	C750.862000,595.637878 765.873840,599.332336 778.500916,610.464417 
	C781.579590,613.178589 784.163757,616.453796 787.256897,619.773254 
	C794.873230,609.036560 804.980713,601.924561 817.697266,598.708679 
	C839.163330,593.280273 876.638184,598.549988 890.664612,627.555908 
	C895.395386,637.338989 897.531006,647.682068 897.549316,658.479858 
	C897.593262,684.475525 897.575928,710.471375 897.554993,736.467102 
	C897.549561,743.218262 895.749451,744.958984 888.896484,744.976624 
	C880.731201,744.997681 872.565674,745.006348 864.400513,744.973145 
	C857.799500,744.946289 855.863464,742.986633 855.857605,736.254272 
	C855.836365,711.758240 855.901733,687.262024 855.790955,662.766479 
	C855.774597,659.140259 855.456177,655.383728 854.469604,651.917419 
	C851.121582,640.153259 841.494507,635.129761 826.623596,636.989502 
	C815.628052,638.364563 808.265259,646.298218 808.072510,658.208557 
	C807.732666,679.199341 807.917969,700.198669 807.887146,721.194397 
	C807.879089,726.693481 807.955383,732.193726 807.863525,737.691284 
	C807.779175,742.738464 805.585144,744.913147 800.469238,744.958801 
	C791.804626,745.035950 783.138794,745.010376 774.473694,744.971558 
	C768.248291,744.943665 766.058228,742.772217 766.052917,736.587952 
	C766.031250,711.258728 766.088135,685.929443 766.028198,660.600403 
	C765.981384,640.823608 746.602966,629.707214 729.187927,639.375793 
	C723.175964,642.713623 720.031250,647.999207 719.063049,654.588806 
	C718.484497,658.526611 718.194458,662.540710 718.180786,666.521912 
	C718.100952,689.684570 718.146240,712.847534 718.138611,736.010437 
	C718.136230,743.151184 716.379150,744.962891 709.434998,744.977417 
	C700.936401,744.995239 692.437317,745.033447 683.939331,744.961182 
	C679.001099,744.919250 676.273926,742.535950 676.293762,737.775818 
	C676.413330,709.125671 676.463928,680.472229 676.998596,651.828491 
	C677.183655,641.916687 680.245117,632.502502 685.572449,623.583984 
z"/>
<path fill="#0C1825" opacity="1.000000" stroke="none" 
	d="
M496.343689,614.999756 
	C496.343689,577.341492 496.341492,540.183228 496.345428,503.024994 
	C496.346252,495.014862 497.947418,493.425476 506.031891,493.411865 
	C513.863464,493.398682 521.695251,493.373535 529.526489,493.420807 
	C536.088501,493.460419 538.136780,495.533752 538.139832,502.163208 
	C538.156799,538.481995 538.147888,574.800781 538.147888,611.547363 
	C538.937561,611.247742 539.564270,611.163818 539.990356,610.826416 
	C574.662415,583.369202 626.449219,597.430115 641.928589,639.122070 
	C652.094421,666.502869 650.972168,693.644714 634.056580,718.372314 
	C620.462830,738.244019 600.672485,747.702393 576.713501,748.711609 
	C560.975647,749.374573 545.744690,747.518066 531.829224,739.561523 
	C510.517395,727.375793 498.761078,708.507202 497.232758,684.433899 
	C495.778717,661.529358 496.550507,638.483521 496.343689,614.999756 
M547.245850,646.766052 
	C535.801697,660.684082 535.669312,676.041504 542.168640,691.825745 
	C546.140442,701.471924 554.283264,706.751587 564.257385,708.789124 
	C580.680603,712.143921 596.758911,703.939514 603.106873,689.393127 
	C610.402344,672.675476 605.760498,652.501648 592.402527,642.871582 
	C579.213318,633.363159 560.770020,634.757263 547.245850,646.766052 
z"/>
<path fill="#0B1725" opacity="1.000000" stroke="none" 
	d="
M954.369385,736.636353 
	C941.210449,727.636414 932.630981,715.677307 928.152344,700.823792 
	C922.988037,683.696228 922.680725,666.394531 927.104309,649.070496 
	C932.555115,627.723022 945.063721,612.004578 965.526611,603.524963 
	C987.727417,594.325256 1010.491882,593.871704 1032.599854,603.414185 
	C1060.694458,615.540710 1072.805298,638.808838 1074.910767,668.247620 
	C1075.076904,670.570129 1075.047241,672.908997 1075.051636,675.240356 
	C1075.068848,684.137085 1074.049316,685.123840 1064.921631,685.133911 
	C1064.088623,685.134888 1063.255615,685.134033 1062.422607,685.134033 
	C1032.267822,685.134033 1002.113159,685.134033 971.958435,685.134033 
	C970.140930,685.134033 968.323425,685.134033 966.525024,685.134033 
	C965.932251,695.511963 974.029175,705.558899 986.171082,708.476562 
	C999.684326,711.723694 1012.971619,711.224487 1024.990479,702.959229 
	C1028.207397,700.747070 1031.371826,700.619507 1034.767456,702.686951 
	C1041.588989,706.840149 1048.547485,710.769531 1055.346191,714.958923 
	C1060.584717,718.186768 1060.932861,721.335510 1056.739868,725.764038 
	C1042.361450,740.949951 1024.659668,748.251099 1003.786438,748.773010 
	C986.251526,749.211365 969.612000,746.707825 954.369385,736.636353 
M976.983215,644.447449 
	C974.047729,648.022888 971.112244,651.598389 967.458435,656.048706 
	C989.470215,656.048706 1009.660156,656.048706 1029.951050,656.048706 
	C1023.733154,636.962219 996.412048,630.823914 976.983215,644.447449 
z"/>
<path fill="#0B1725" opacity="1.000000" stroke="none" 
	d="
M360.135529,609.341919 
	C360.135925,632.122742 360.122559,654.440308 360.156464,676.757812 
	C360.160004,679.079163 360.378448,681.406677 360.607971,683.720276 
	C363.104645,708.889282 385.993927,712.494751 401.161591,707.149719 
	C412.768494,703.059448 418.776764,692.714905 418.817810,677.578918 
	C418.878357,655.261536 418.828094,632.943909 418.837433,610.626343 
	C418.840729,602.779602 420.426727,601.163696 428.069885,601.157410 
	C436.563873,601.150452 445.057983,601.135193 453.551849,601.166809 
	C457.940002,601.183167 460.604950,603.397766 460.592377,607.823059 
	C460.517242,634.296082 461.325439,660.822937 459.908783,687.228333 
	C457.949524,723.747375 430.149658,748.456482 393.548615,748.795898 
	C377.069092,748.948669 361.357147,747.031006 347.253632,737.735352 
	C329.703400,726.167969 320.489166,709.297729 319.209503,688.923096 
	C317.834137,667.024414 318.457123,644.999756 318.231598,623.029785 
	C318.180328,618.033813 318.123260,613.034180 318.257538,608.041321 
	C318.374115,603.706421 320.664337,601.204468 325.122101,601.176331 
	C334.448486,601.117310 343.775726,601.114441 353.102081,601.174377 
	C358.130646,601.206665 360.187042,604.122314 360.135529,609.341919 
z"/>
<path fill="#0B1725" opacity="1.000000" stroke="none" 
	d="
M249.570740,661.314575 
	C256.829132,664.697632 264.521637,666.879150 270.435455,671.391724 
	C291.573669,687.521484 288.971893,721.141113 265.855255,736.908875 
	C254.395752,744.725220 241.651993,748.475037 227.802551,748.709534 
	C213.908859,748.944885 200.190170,748.506287 187.299789,742.225708 
	C175.565247,736.508301 167.757019,727.506958 163.604126,715.242737 
	C161.452316,708.888123 162.733582,706.347900 169.003677,704.328308 
	C174.858063,702.442505 180.829559,700.879517 186.577591,698.717285 
	C191.068848,697.027832 194.463516,698.009033 197.034836,701.753540 
	C204.529617,712.667969 223.155365,715.592651 234.267517,711.223633 
	C236.108170,710.499939 237.988098,709.660095 239.547775,708.475952 
	C245.771423,703.750977 245.355606,696.807800 238.107346,694.136963 
	C231.313660,691.633545 223.955627,690.666138 216.850998,689.001038 
	C208.120682,686.955017 199.166718,685.562622 190.711548,682.700012 
	C165.949982,674.316528 158.820908,654.100525 164.725250,630.821777 
	C168.079636,617.596619 176.940399,608.693787 189.437286,603.908447 
	C213.364365,594.746277 237.356140,592.848083 260.818756,605.582825 
	C271.272339,611.256653 278.685791,619.877563 283.531738,630.690247 
	C285.724823,635.583801 284.522186,638.522339 279.490143,640.587341 
	C273.026306,643.239990 266.458038,645.639587 260.010101,648.328857 
	C256.200256,649.917908 252.958923,649.277161 250.810547,645.915100 
	C243.396851,634.313354 223.826614,631.236816 210.887985,636.354614 
	C206.885834,637.937622 203.172302,640.076904 203.350403,645.163818 
	C203.529144,650.269531 207.006638,653.117554 211.425049,654.140747 
	C219.516464,656.014343 227.755371,657.250916 235.932968,658.752136 
	C240.351440,659.563232 244.770279,660.372314 249.570740,661.314575 
z"/>
<path fill="#00B8D2" opacity="1.000000" stroke="none" 
	d="
M551.002319,129.749588 
	C551.001526,93.855606 551.000732,57.961620 551.000732,21.609039 
	C577.359009,21.101519 603.716553,21.052595 630.537048,21.536173 
	C631.000610,57.962173 631.001282,93.855675 630.542236,129.847977 
	C603.722473,129.881042 577.362366,129.815323 551.002319,129.749588 
z"/>
<path fill="#00B8D3" opacity="1.000000" stroke="none" 
	d="
M815.997375,277.414276 
	C815.991577,313.340393 815.985840,349.266541 815.964661,385.671631 
	C792.272278,386.225250 768.595337,386.299927 744.459167,385.786011 
	C743.999451,349.266571 743.998840,313.335785 744.458191,277.309143 
	C768.611206,277.280273 792.304260,277.347290 815.997375,277.414276 
z"/>
<path fill="#0B1725" opacity="1.000000" stroke="none" 
	d="
M1152.037109,598.982300 
	C1168.481445,596.000244 1184.284302,597.716919 1199.974365,601.236694 
	C1203.768311,602.087708 1205.641968,604.787659 1204.895386,608.689087 
	C1203.427368,616.362244 1201.921631,624.037109 1200.082642,631.626831 
	C1199.051636,635.882141 1195.908813,636.805847 1191.599365,636.507385 
	C1183.373413,635.937866 1174.906860,634.870911 1166.889526,636.169006 
	C1154.004395,638.255188 1146.390625,647.764771 1145.991089,661.098450 
	C1145.492920,677.733887 1145.781616,694.393127 1145.745972,711.042053 
	C1145.727417,719.700439 1145.788452,728.359375 1145.725098,737.017334 
	C1145.684204,742.614929 1143.397095,744.925781 1137.861450,744.964172 
	C1129.036987,745.025330 1120.211182,745.033020 1111.386841,744.958801 
	C1106.025146,744.913757 1103.970459,742.772705 1103.964966,737.272766 
	C1103.937744,710.131836 1103.701904,682.987915 1104.021973,655.850769 
	C1104.368164,626.487000 1120.001343,604.732666 1152.037109,598.982300 
z"/>
<path fill="#00B3CD" opacity="1.000000" stroke="none" 
	d="
M631.001953,129.749176 
	C631.001282,93.855675 631.000610,57.962173 631.000549,21.610134 
	C651.691956,21.102100 672.382874,21.052601 693.536865,21.535789 
	C694.000427,57.963982 694.000916,93.859482 693.541748,129.853851 
	C672.388733,129.884857 651.695374,129.817017 631.001953,129.749176 
z"/>
<path fill="#01AEC7" opacity="1.000000" stroke="none" 
	d="
M694.001404,129.754990 
	C694.000916,93.859482 694.000427,57.963982 694.000366,21.609909 
	C710.691895,21.101591 727.383118,21.051840 744.537170,21.535198 
	C745.000000,51.708485 744.913574,81.349289 745.131531,110.987846 
	C745.153748,114.004890 747.004700,117.008476 748.007080,120.018318 
	C738.927979,123.343559 729.848938,126.668785 719.900879,130.038162 
	C710.688354,129.973206 702.344849,129.864090 694.001404,129.754990 
z"/>
<path fill="#00B4CF" opacity="1.000000" stroke="none" 
	d="
M743.998291,277.404968 
	C743.998840,313.335785 743.999451,349.266571 744.000366,385.678375 
	C727.969360,386.266571 711.937866,386.373749 695.456299,385.917877 
	C695.003723,349.370209 695.001221,313.385590 695.458618,277.305725 
	C711.945068,277.275299 727.971680,277.340149 743.998291,277.404968 
z"/>
<path fill="#01ADC6" opacity="1.000000" stroke="none" 
	d="
M606.999023,289.997559 
	C615.753418,286.656982 624.476929,283.231781 633.279358,280.022949 
	C636.251892,278.939301 639.424316,278.403900 643.186401,277.343994 
	C647.577759,277.179199 651.288025,277.288391 654.998657,277.841309 
	C654.988525,314.250153 654.978027,350.215240 654.967529,386.180359 
	C640.612427,386.286591 626.257263,386.392822 611.453491,385.933044 
	C611.003174,356.042145 610.934937,326.716827 611.086975,297.392670 
	C611.105347,293.847473 610.447998,291.317902 606.999023,289.997559 
z"/>
<path fill="#00B1CB" opacity="1.000000" stroke="none" 
	d="
M655.415039,386.333130 
	C654.978027,350.215240 654.988525,314.250153 655.458801,277.746552 
	C668.945312,277.272369 681.971985,277.336670 694.998718,277.400970 
	C695.001221,313.385590 695.003723,349.370209 695.015991,385.765625 
	C681.971436,386.279572 668.916992,386.382751 655.415039,386.333130 
z"/>
<path fill="#01A7C1" opacity="1.000000" stroke="none" 
	d="
M606.615845,290.004639 
	C610.447998,291.317902 611.105347,293.847473 611.086975,297.392670 
	C610.934937,326.716827 611.003174,356.042145 611.013184,385.779053 
	C594.980774,386.297485 578.940063,386.404022 562.451538,385.943298 
	C562.002502,361.816406 562.082458,338.256012 561.868713,314.698242 
	C561.848389,312.453552 559.992249,310.225525 558.988403,307.989746 
	C570.396912,303.598785 581.799255,299.191833 593.217041,294.825165 
	C597.537292,293.172882 601.893066,291.613464 606.615845,290.004639 
z"/>
<path fill="#01A9C2" opacity="1.000000" stroke="none" 
	d="
M748.390869,120.006363 
	C747.004700,117.008476 745.153748,114.004890 745.131531,110.987846 
	C744.913574,81.349289 745.000000,51.708485 745.000671,21.609715 
	C758.692383,21.101360 772.383423,21.051600 786.537231,21.535172 
	C787.000000,47.097675 786.947021,72.127144 787.088196,97.155533 
	C787.101196,99.459618 788.351807,101.756729 789.027710,104.057083 
	C788.018311,104.861237 787.130432,105.993004 785.980896,106.419182 
	C773.602600,111.008217 761.182983,115.486115 748.390869,120.006363 
z"/>
<path fill="#01A0B9" opacity="1.000000" stroke="none" 
	d="
M558.606323,307.999329 
	C559.992249,310.225525 561.848389,312.453552 561.868713,314.698242 
	C562.082458,338.256012 562.002502,361.816406 562.010925,385.788971 
	C545.311890,386.308441 528.605652,386.415039 511.451569,385.954041 
	C511.002441,368.154572 511.110504,350.921204 510.866852,333.692810 
	C510.835083,331.446472 508.994354,329.225739 507.991516,326.993164 
	C520.423279,322.260620 532.851257,317.517944 545.289001,312.801086 
	C549.588257,311.170685 553.911804,309.604492 558.606323,307.999329 
z"/>
<path fill="#01A4BD" opacity="1.000000" stroke="none" 
	d="
M789.271240,104.045990 
	C788.351807,101.756729 787.101196,99.459618 787.088196,97.155533 
	C786.947021,72.127144 787.000000,47.097675 787.000732,21.609905 
	C800.692627,21.101231 814.383789,21.051153 828.537659,21.534782 
	C829.000183,40.604496 829.048523,59.140724 828.962463,77.676331 
	C828.943298,81.787079 828.706177,85.827606 832.002808,88.989090 
	C820.092590,93.582054 808.186584,98.186043 796.262146,102.741707 
	C795.515015,103.027145 794.623657,102.934784 793.238525,102.782364 
	C791.785706,103.036682 790.893799,103.526833 790.001892,104.016983 
	C790.001892,104.016983 789.514709,104.034897 789.271240,104.045990 
z"/>
<path fill="#019DB6" opacity="1.000000" stroke="none" 
	d="
M832.371460,88.951797 
	C828.706177,85.827606 828.943298,81.787079 828.962463,77.676331 
	C829.048523,59.140724 829.000183,40.604496 829.001099,21.609867 
	C843.359619,21.100994 857.717285,21.050743 872.537598,21.534645 
	C873.000122,36.494667 872.869751,50.922943 873.136108,65.343895 
	C873.177612,67.591179 875.028625,69.805054 876.042969,72.034378 
	C870.121948,74.484367 864.243591,77.044647 858.269592,79.357910 
	C849.796692,82.638794 841.253357,85.737770 832.371460,88.951797 
z"/>
<path fill="#0299B1" opacity="1.000000" stroke="none" 
	d="
M507.618652,327.034302 
	C508.994354,329.225739 510.835083,331.446472 510.866852,333.692810 
	C511.110504,350.921204 511.002441,368.154572 511.010498,385.800293 
	C495.643311,386.319672 480.269226,386.425110 464.448669,385.961426 
	C464.001465,377.635895 464.128998,369.876740 463.958893,362.124084 
	C463.825897,356.061798 463.323822,350.007629 462.985718,343.949890 
	C477.739105,338.325073 492.492462,332.700256 507.618652,327.034302 
z"/>
<path fill="#0297AF" opacity="1.000000" stroke="none" 
	d="
M876.433594,72.026123 
	C875.028625,69.805054 873.177612,67.591179 873.136108,65.343895 
	C872.869751,50.922943 873.000122,36.494667 873.000977,21.610180 
	C884.692932,21.100874 896.384155,21.050186 908.537842,21.533983 
	C909.000244,32.291702 908.887085,42.517208 909.092712,52.736309 
	C909.135193,54.848862 910.363647,56.937550 911.045471,59.037239 
	C904.314209,61.746655 897.615112,64.539978 890.840515,67.136375 
	C886.223022,68.906044 881.500000,70.400406 876.433594,72.026123 
z"/>
<path fill="#0292A9" opacity="1.000000" stroke="none" 
	d="
M462.600647,343.970123 
	C463.323822,350.007629 463.825897,356.061798 463.958893,362.124084 
	C464.128998,369.876740 464.001465,377.635895 464.007385,385.806885 
	C449.639343,386.325592 435.266083,386.429688 420.447021,385.964233 
	C420.000763,378.943542 420.143219,372.487152 419.904938,366.044861 
	C419.841156,364.320312 418.615234,362.638794 417.922852,360.937500 
	C427.265045,357.252197 436.587250,353.514862 445.957275,349.901611 
	C451.336609,347.827271 456.793579,345.954132 462.600647,343.970123 
z"/>
<path fill="#0291A9" opacity="1.000000" stroke="none" 
	d="
M911.421631,58.988415 
	C910.363647,56.937550 909.135193,54.848862 909.092712,52.736309 
	C908.887085,42.517208 909.000244,32.291702 909.001160,21.609802 
	C920.693481,21.100260 932.384888,21.049389 944.538574,21.533600 
	C945.338318,30.062294 945.675781,38.055901 946.013306,46.049507 
	C939.617065,48.665054 933.266541,51.400711 926.809753,53.857193 
	C921.875488,55.734447 916.806763,57.258446 911.421631,58.988415 
z"/>
<path fill="#0289A0" opacity="1.000000" stroke="none" 
	d="
M417.551025,360.989197 
	C418.615234,362.638794 419.841156,364.320312 419.904938,366.044861 
	C420.143219,372.487152 420.000763,378.943542 420.005371,385.809753 
	C416.194122,386.352722 412.378754,386.587677 408.563202,386.591095 
	C383.239807,386.613922 357.916351,386.587158 332.094330,386.468567 
	C331.028625,386.076630 330.461487,385.792694 329.030182,385.076080 
	C357.674438,384.837769 382.422668,373.366974 407.783630,364.122559 
	C410.878693,362.994385 414.045624,362.063324 417.551025,360.989197 
z"/>
<path fill="#028AA1" opacity="1.000000" stroke="none" 
	d="
M946.391541,45.995430 
	C945.675781,38.055901 945.338318,30.062294 945.001953,21.610073 
	C974.682190,21.108089 1004.361328,21.064714 1034.503906,21.084211 
	C1028.774658,21.997707 1022.578186,22.821152 1016.390198,23.704248 
	C1000.138977,26.023466 984.930847,31.827688 969.713684,37.634430 
	C962.115479,40.533867 954.420837,43.180428 946.391541,45.995430 
z"/>
<path fill="#FEFFFF" opacity="1.000000" stroke="none" 
	d="
M695.458618,277.305725 
	C681.971985,277.336670 668.945312,277.272369 655.458496,277.302856 
	C651.288025,277.288391 647.577759,277.179199 643.404663,277.122803 
	C650.574463,274.080444 658.139771,270.805359 665.850525,267.918976 
	C720.245239,247.557663 774.680298,227.304459 829.082031,206.961929 
	C891.743958,183.530655 954.460327,160.241821 1016.995605,136.476639 
	C1040.254639,127.637505 1062.934204,126.798874 1084.890747,139.177658 
	C1109.111206,152.832855 1122.277954,174.081848 1122.907227,201.896866 
	C1123.541748,229.938660 1111.001709,251.598724 1087.352905,266.575623 
	C1075.687988,273.963165 1062.728027,277.075287 1048.861084,277.069611 
	C971.546326,277.037964 894.231506,277.154083 816.457031,277.316956 
	C792.304260,277.347290 768.611206,277.280273 744.458191,277.309143 
	C727.971680,277.340149 711.945068,277.275299 695.458618,277.305725 
z"/>
<path fill="#FEFFFF" opacity="1.000000" stroke="none" 
	d="
M693.541748,129.853851 
	C702.344849,129.864090 710.688354,129.973206 719.496643,130.049744 
	C713.085510,132.868927 706.289124,135.933563 699.321045,138.538971 
	C640.718933,160.450592 582.073669,182.246735 523.464600,204.139679 
	C465.323700,225.857742 407.232086,247.708023 349.068878,269.366119 
	C333.512543,275.158813 317.817200,279.376099 300.806458,275.216125 
	C272.389008,268.266724 249.580597,243.675369 245.218872,214.271851 
	C240.806381,184.526077 255.801620,153.967926 281.869019,139.506622 
	C293.313843,133.157425 305.487244,129.932251 318.643036,129.943863 
	C395.789490,130.011871 472.936066,129.958481 550.542480,129.847809 
	C577.362366,129.815323 603.722473,129.881042 630.542236,129.847977 
	C651.695374,129.817017 672.388733,129.884857 693.541748,129.853851 
z"/>
<path fill="#01A9C2" opacity="1.000000" stroke="none" 
	d="
M790.339233,104.013351 
	C790.893799,103.526833 791.785706,103.036682 792.843872,102.789932 
	C792.232300,103.358795 791.454468,103.684265 790.339233,104.013351 
z"/>
<path fill="#FDFDFD" opacity="1.000000" stroke="none" 
	d="
M547.495361,646.506592 
	C560.770020,634.757263 579.213318,633.363159 592.402527,642.871582 
	C605.760498,652.501648 610.402344,672.675476 603.106873,689.393127 
	C596.758911,703.939514 580.680603,712.143921 564.257385,708.789124 
	C554.283264,706.751587 546.140442,701.471924 542.168640,691.825745 
	C535.669312,676.041504 535.801697,660.684082 547.495361,646.506592 
z"/>
<path fill="#FBFCFC" opacity="1.000000" stroke="none" 
	d="
M977.252808,644.210815 
	C996.412048,630.823914 1023.733154,636.962219 1029.951050,656.048706 
	C1009.660156,656.048706 989.470215,656.048706 967.458435,656.048706 
	C971.112244,651.598389 974.047729,648.022888 977.252808,644.210815 
z"/>
</svg>