<svg version="1.1" id="Layer_1" xmlns="http://www.w3.org/2000/svg" xmlns:xlink="http://www.w3.org/1999/xlink" x="0px" y="0px"
	 width="100%" viewBox="0 0 1366 768" enable-background="new 0 0 1366 768" xml:space="preserve">
<path fill="#FEFEFE" opacity="1.000000" stroke="none" 
	d="
M771.000000,769.000000 
	C514.029968,769.000000 257.559998,769.000000 1.044994,769.000000 
	C1.044994,513.059937 1.044994,257.119873 1.044994,1.089901 
	C456.220123,1.089901 911.440247,1.089901 1366.830200,1.089901 
	C1366.830200,256.999908 1366.830200,512.999939 1366.830200,769.000000 
	C1168.453003,769.000000 969.976501,769.000000 771.000000,769.000000 
M588.421326,365.084015 
	C564.371216,339.310181 540.370544,313.489868 516.242920,287.788849 
	C508.274750,279.301117 503.562408,269.721191 503.791138,257.815002 
	C504.034363,245.153824 503.792145,232.483948 503.890503,219.818863 
	C503.910919,217.189316 504.154114,214.464401 504.886017,211.955978 
	C506.934906,204.933853 511.653503,202.174026 519.450378,203.039642 
	C526.085449,203.776245 529.539001,207.456635 530.188354,214.617203 
	C530.368530,216.603729 530.350830,218.612015 530.351807,220.610352 
	C530.362427,242.442261 530.496765,264.275726 530.251953,286.104889 
	C530.197632,290.952667 531.635986,292.355225 536.447449,292.310181 
	C559.943909,292.090118 583.443420,292.210876 606.941895,292.211121 
	C608.564819,292.211121 610.187683,292.211121 612.441406,292.211121 
	C612.441406,285.514862 612.556091,279.383575 612.420593,273.257843 
	C611.960571,252.462326 612.668213,231.542557 610.594666,210.904877 
	C607.690796,182.002930 590.569397,162.832245 563.616089,153.197098 
	C535.396423,143.109299 506.520508,143.289780 477.691498,151.049454 
	C444.627930,159.948914 423.919525,184.991135 422.457947,219.060379 
	C421.630859,238.339539 422.041107,257.688995 422.406830,276.997070 
	C422.747192,294.964600 429.242432,310.734192 441.336609,324.075470 
	C465.910248,351.183136 490.567810,378.214722 515.132812,405.330200 
	C522.102112,413.023010 529.431702,421.088654 529.893799,431.866608 
	C530.692261,450.491852 530.513367,469.184448 530.015625,487.829376 
	C529.755798,497.561157 520.661499,502.404053 511.596985,498.627930 
	C504.843903,495.814667 503.935486,489.840515 503.904846,483.743195 
	C503.774139,457.745544 503.794220,431.746613 503.908142,405.748840 
	C503.923401,402.275513 503.291473,400.690216 499.304260,400.717682 
	C475.140320,400.884308 450.974243,400.872070 426.809998,400.730133 
	C422.815643,400.706696 421.723358,402.061279 421.754059,405.966370 
	C421.924286,427.630280 421.542572,449.301971 421.967651,470.958893 
	C422.159210,480.718109 423.051270,490.590302 424.898132,500.165771 
	C429.779816,525.475586 444.479797,543.342163 468.702728,552.155029 
	C499.593384,563.393555 531.167908,563.168335 562.295166,553.364807 
	C593.180725,543.637329 611.496399,518.248962 612.056824,485.954468 
	C612.432556,464.303131 612.274475,442.638428 612.070312,420.982391 
	C611.867249,399.447266 605.078064,380.521667 588.421326,365.084015 
M798.060974,478.500000 
	C798.060974,412.858643 798.115845,347.217163 797.978455,281.576111 
	C797.964294,274.800293 797.465393,267.883667 796.036438,261.282410 
	C793.162659,248.006546 786.546570,236.843170 773.213562,231.855347 
	C749.344482,222.925934 720.109558,227.335968 703.434631,253.341492 
	C702.357483,255.021362 701.083435,256.574921 699.901001,258.187256 
	C699.487732,258.029114 699.074524,257.870941 698.661255,257.712769 
	C698.661255,249.842499 698.661255,241.972229 698.661255,233.871216 
	C674.791809,233.871216 651.563110,233.871216 628.127686,233.871216 
	C628.127686,363.420288 628.127686,492.646576 628.127686,622.166260 
	C652.044434,622.166260 675.716736,622.166260 700.047729,622.166260 
	C700.047729,590.984497 700.047729,560.312988 700.047729,529.429260 
	C701.009216,529.741272 701.424255,529.745056 701.582458,529.948608 
	C702.602722,531.260315 703.577637,532.607849 704.547546,533.957947 
	C714.952820,548.441711 728.760864,556.934326 746.823730,557.746643 
	C758.993347,558.293884 770.841248,557.109192 780.926086,549.325500 
	C793.802612,539.387146 797.329285,525.181396 797.974060,509.984741 
	C798.404541,499.840210 798.059204,489.662720 798.060974,478.500000 
M87.298935,270.500031 
	C87.298935,258.368103 87.298935,246.236191 87.298935,233.920883 
	C63.034313,233.920883 39.306908,233.920883 15.306922,233.920883 
	C15.306922,236.291733 15.306922,238.281311 15.306922,240.270874 
	C15.306922,326.769073 15.265461,413.267365 15.381966,499.765411 
	C15.391780,507.051727 15.835610,514.454041 17.176773,521.596130 
	C19.495657,533.944946 24.919434,544.762634 36.803017,550.687744 
	C59.662106,562.085083 93.431976,557.991089 109.787613,531.302429 
	C111.000229,529.323730 112.488647,527.513977 113.848846,525.625610 
	C114.241829,525.777344 114.634804,525.929016 115.027786,526.080750 
	C115.027786,534.126648 115.027786,542.172546 115.027786,550.839905 
	C117.396675,550.839905 119.183281,550.839905 120.969879,550.839905 
	C140.469482,550.839905 159.969070,550.842590 179.468674,550.838318 
	C185.989716,550.836914 185.995163,550.828796 185.995239,544.249634 
	C185.996414,442.751740 185.996063,341.253845 185.996063,239.755966 
	C185.996063,237.952072 185.996063,236.148193 185.996063,233.987091 
	C161.518250,233.987091 137.522125,233.987091 113.278877,233.987091 
	C113.278877,236.425079 113.278870,238.415665 113.278870,240.406235 
	C113.278839,319.904602 113.297951,399.402985 113.219452,478.901245 
	C113.215729,482.676819 112.749237,486.557281 111.790901,490.202942 
	C110.183220,496.318787 106.593750,498.455109 99.791046,498.164795 
	C93.635689,497.902069 89.853577,495.100861 88.757210,489.348785 
	C87.952187,485.125244 87.363876,480.784882 87.358566,476.495758 
	C87.273979,408.163940 87.299065,339.831970 87.298935,270.500031 
M812.933655,492.499817 
	C813.232300,500.315857 812.980530,508.200775 813.948059,515.933105 
	C815.766602,530.467041 820.841858,543.437866 834.782166,550.821655 
	C853.955811,560.977356 881.444153,557.675659 897.275330,542.922363 
	C902.506836,538.046997 906.687012,532.043335 911.387634,526.508728 
	C912.180603,532.727600 913.104614,539.073303 913.761292,545.446594 
	C914.183350,549.542358 916.007080,550.965332 920.244629,550.922913 
	C941.075439,550.714111 961.909607,550.839233 982.742493,550.806396 
	C984.459473,550.803711 986.175964,550.501343 988.425659,550.287598 
	C983.051636,533.294373 983.416138,516.472717 983.432312,499.656525 
	C983.491333,438.491028 983.764893,377.322693 983.222168,316.161957 
	C983.097900,302.151733 981.023499,287.957031 978.085815,274.223938 
	C974.296814,256.511322 964.569092,242.245148 947.105835,235.171432 
	C917.050232,222.996994 886.251465,222.954453 855.776367,232.832596 
	C829.388550,241.385925 815.677856,261.063232 813.836182,288.383636 
	C812.673096,305.638489 813.231323,323.006805 812.891357,340.321777 
	C812.821350,343.888580 814.321106,344.883911 817.681396,344.868103 
	C838.847168,344.768524 860.014343,344.738434 881.179443,344.892883 
	C884.983704,344.920654 886.032104,343.585907 885.991882,339.958618 
	C885.835022,325.793945 885.871277,311.626068 885.976868,297.460449 
	C885.997681,294.666138 886.407593,291.821045 887.047302,289.095459 
	C888.691772,282.089264 891.885254,279.476868 898.326294,279.467529 
	C904.988464,279.457855 909.598083,282.323303 910.191956,289.049042 
	C911.212402,300.606689 911.110107,312.273193 911.179199,323.895813 
	C911.191101,325.894592 909.867737,327.979340 908.900330,329.892487 
	C904.590637,338.414886 897.239502,344.086243 889.353821,348.656036 
	C876.150330,356.307556 862.355164,362.930054 848.998657,370.328003 
	C834.964172,378.101440 823.759155,388.660919 818.011902,404.126007 
	C814.129089,414.574249 813.090942,425.500519 812.982849,436.501373 
	C812.802612,454.832611 812.933655,473.166870 812.933655,492.499817 
M1322.401367,239.047882 
	C1315.375977,236.104935 1308.583984,232.241028 1301.281738,230.389771 
	C1278.320801,224.568619 1255.090210,224.642563 1232.084106,230.191071 
	C1211.956055,235.045486 1197.113281,246.394775 1189.973145,266.642456 
	C1185.266479,279.989319 1183.081055,293.697479 1183.064819,307.762634 
	C1183.002319,362.078796 1182.805420,416.396851 1183.214478,470.709991 
	C1183.308960,483.263092 1184.596802,496.005157 1187.108154,508.298157 
	C1191.438232,529.495667 1203.299316,545.298401 1224.524536,552.480103 
	C1248.266479,560.513367 1272.466553,561.004517 1296.880615,555.941772 
	C1332.193237,548.618958 1352.855469,523.339355 1352.863037,487.466095 
	C1352.866821,469.471771 1352.863647,451.477417 1352.863647,433.483093 
	C1352.863647,431.712708 1352.863647,429.942322 1352.863647,428.129089 
	C1351.219360,427.911499 1350.244141,427.670746 1349.268555,427.669739 
	C1327.775269,427.647339 1306.281738,427.718781 1284.789185,427.586395 
	C1281.071289,427.563477 1280.363403,429.187744 1280.384033,432.421906 
	C1280.486694,448.416199 1280.486816,464.411835 1280.397705,480.406311 
	C1280.369019,485.557983 1280.282593,490.747864 1279.647949,495.848785 
	C1278.655273,503.827484 1272.141235,507.850037 1264.389404,505.700287 
	C1258.139282,503.967010 1255.189941,499.425720 1255.174316,490.985016 
	C1255.123657,463.493774 1255.284424,436.001129 1255.031860,408.512115 
	C1254.985474,403.463287 1256.696167,402.507874 1261.317383,402.539276 
	C1289.973877,402.734283 1318.632446,402.566620 1347.289429,402.713654 
	C1351.554688,402.735535 1352.991699,401.596954 1352.966797,397.096405 
	C1352.778320,362.941528 1352.838745,328.785156 1352.872192,294.629272 
	C1352.895386,270.815521 1343.368164,252.205643 1322.401367,239.047882 
M1004.989929,270.548126 
	C1000.418579,286.375244 999.305969,302.555664 999.364258,318.965942 
	C999.549072,370.955444 999.085449,422.949982 999.679260,474.933380 
	C999.825684,487.753418 1001.923767,500.819733 1005.080688,513.277161 
	C1010.538086,534.812195 1024.940552,548.426758 1046.482178,554.253113 
	C1068.736938,560.272400 1091.077026,560.415588 1113.689575,556.025940 
	C1147.272339,549.506653 1169.260742,523.462158 1169.328613,489.269867 
	C1169.365723,470.606812 1169.335938,451.943604 1169.336304,433.280487 
	C1169.336304,431.515228 1169.336182,429.750000 1169.336182,427.956024 
	C1167.994263,427.763000 1167.347656,427.589203 1166.700806,427.588654 
	C1144.871582,427.569458 1123.041992,427.635468 1101.213745,427.492249 
	C1097.680664,427.469086 1097.113892,428.970490 1097.132446,431.986694 
	C1097.231323,447.983063 1097.270752,463.981201 1097.127563,479.976898 
	C1097.078613,485.442139 1096.766235,490.949371 1095.984863,496.352234 
	C1095.047485,502.833679 1091.083984,506.048492 1084.820679,506.282349 
	C1078.368286,506.523254 1074.242798,503.398376 1072.730957,496.796234 
	C1072.105347,494.064209 1071.684814,491.216278 1071.682373,488.420624 
	C1071.624878,423.599579 1071.628296,358.778534 1071.674561,293.957489 
	C1071.676270,291.490997 1071.989502,288.971313 1072.551392,286.568573 
	C1074.330933,278.960266 1077.379639,276.502167 1084.495483,276.591125 
	C1091.657593,276.680634 1094.728882,279.286041 1096.164795,286.890198 
	C1096.746948,289.973114 1097.112427,293.143860 1097.134155,296.277679 
	C1097.234253,310.774231 1097.287354,325.273224 1097.106812,339.768250 
	C1097.058228,343.665222 1098.208740,344.946533 1102.229736,344.909668 
	C1122.890625,344.720337 1143.555786,344.698853 1164.216064,344.921265 
	C1168.557617,344.967987 1169.469971,343.459259 1169.417236,339.471283 
	C1169.216064,324.310150 1169.277222,309.144470 1169.348022,293.981018 
	C1169.508667,259.612793 1148.003418,238.216812 1117.450195,230.224518 
	C1098.360718,225.230942 1078.950317,225.311691 1059.465942,228.042618 
	C1033.416382,231.693695 1013.743591,243.444962 1004.989929,270.548126 
M293.587341,212.686844 
	C295.720062,210.748032 297.551239,208.042633 300.058624,207.056290 
	C303.519531,205.694870 307.472229,205.317993 311.248077,205.097260 
	C315.067535,204.873993 316.293945,203.409958 316.229553,199.562424 
	C316.009338,186.402740 316.154572,173.237076 316.133179,160.073730 
	C316.130585,158.474152 315.962250,156.874832 315.865479,155.183701 
	C297.935913,155.183701 280.416168,154.250870 263.048218,155.473526 
	C248.690811,156.484238 236.238480,162.992950 227.931412,175.640854 
	C222.849030,183.379028 220.651276,192.029022 220.421555,201.121918 
	C220.153763,211.721497 220.359024,222.333054 220.359024,233.514191 
	C214.174911,233.514191 208.601196,233.514191 202.979675,233.514191 
	C202.979675,250.799698 202.979675,267.495728 202.979675,284.772552 
	C208.946518,284.772552 214.505203,284.772552 220.358185,284.772552 
	C220.358185,287.504303 220.358185,289.651886 220.358185,291.799469 
	C220.358185,376.278351 220.390076,460.757263 220.266418,545.235962 
	C220.260071,549.571594 221.328339,550.991272 225.810638,550.941650 
	C245.969772,550.718445 266.132812,550.847290 286.294434,550.843811 
	C292.862244,550.842712 292.867920,550.835388 292.868011,544.300842 
	C292.869324,460.155212 292.868866,376.009613 292.869202,291.863983 
	C292.869202,290.531006 292.945465,289.193420 292.860748,287.865997 
	C292.695465,285.275208 293.888519,284.290680 296.423859,284.367950 
	C300.040558,284.478210 303.663147,284.395996 307.429138,284.395996 
	C307.429138,267.217438 307.429138,250.648163 307.429138,233.525314 
	C303.538727,233.525314 299.882568,233.783508 296.299805,233.383591 
	C295.065948,233.245850 293.072784,231.497375 293.038422,230.432724 
	C292.856598,224.793915 293.188232,219.138550 293.587341,212.686844 
M372.500000,550.851318 
	C381.166199,550.850830 389.837982,550.666260 398.496124,550.929871 
	C402.631256,551.055847 403.865051,549.742371 403.857513,545.558411 
	C403.735809,478.062592 403.774658,410.566437 403.766022,343.070374 
	C403.765289,337.233398 403.237244,337.083527 397.742065,339.458008 
	C377.314484,348.284821 356.840546,348.781982 336.452576,339.285156 
	C332.052673,337.235718 331.251129,337.589813 331.249695,342.508240 
	C331.229889,410.337646 331.260620,478.167084 331.170135,545.996399 
	C331.165222,549.683105 332.265167,550.975098 336.003082,550.917908 
	C347.832947,550.736938 359.667358,550.851196 372.500000,550.851318 
M376.289520,307.774261 
	C395.042908,303.673737 408.371033,288.470581 409.007355,270.660858 
	C409.950195,244.271500 385.468292,224.706726 360.281738,229.514923 
	C338.662689,233.642075 323.173615,252.794632 327.450958,276.375732 
	C331.378662,298.029419 353.849579,312.422058 376.289520,307.774261 
z"/>
<path fill="#3A3837" opacity="1.000000" stroke="none" 
	d="
M588.677979,365.328583 
	C605.078064,380.521667 611.867249,399.447266 612.070312,420.982391 
	C612.274475,442.638428 612.432556,464.303131 612.056824,485.954468 
	C611.496399,518.248962 593.180725,543.637329 562.295166,553.364807 
	C531.167908,563.168335 499.593384,563.393555 468.702728,552.155029 
	C444.479797,543.342163 429.779816,525.475586 424.898132,500.165771 
	C423.051270,490.590302 422.159210,480.718109 421.967651,470.958893 
	C421.542572,449.301971 421.924286,427.630280 421.754059,405.966370 
	C421.723358,402.061279 422.815643,400.706696 426.809998,400.730133 
	C450.974243,400.872070 475.140320,400.884308 499.304260,400.717682 
	C503.291473,400.690216 503.923401,402.275513 503.908142,405.748840 
	C503.794220,431.746613 503.774139,457.745544 503.904846,483.743195 
	C503.935486,489.840515 504.843903,495.814667 511.596985,498.627930 
	C520.661499,502.404053 529.755798,497.561157 530.015625,487.829376 
	C530.513367,469.184448 530.692261,450.491852 529.893799,431.866608 
	C529.431702,421.088654 522.102112,413.023010 515.132812,405.330200 
	C490.567810,378.214722 465.910248,351.183136 441.336609,324.075470 
	C429.242432,310.734192 422.747192,294.964600 422.406830,276.997070 
	C422.041107,257.688995 421.630859,238.339539 422.457947,219.060379 
	C423.919525,184.991135 444.627930,159.948914 477.691498,151.049454 
	C506.520508,143.289780 535.396423,143.109299 563.616089,153.197098 
	C590.569397,162.832245 607.690796,182.002930 610.594666,210.904877 
	C612.668213,231.542557 611.960571,252.462326 612.420593,273.257843 
	C612.556091,279.383575 612.441406,285.514862 612.441406,292.211121 
	C610.187683,292.211121 608.564819,292.211121 606.941895,292.211121 
	C583.443420,292.210876 559.943909,292.090118 536.447449,292.310181 
	C531.635986,292.355225 530.197632,290.952667 530.251953,286.104889 
	C530.496765,264.275726 530.362427,242.442261 530.351807,220.610352 
	C530.350830,218.612015 530.368530,216.603729 530.188354,214.617203 
	C529.539001,207.456635 526.085449,203.776245 519.450378,203.039642 
	C511.653503,202.174026 506.934906,204.933853 504.886017,211.955978 
	C504.154114,214.464401 503.910919,217.189316 503.890503,219.818863 
	C503.792145,232.483948 504.034363,245.153824 503.791138,257.815002 
	C503.562408,269.721191 508.274750,279.301117 516.242920,287.788849 
	C540.370544,313.489868 564.371216,339.310181 588.677979,365.328583 
z"/>
<path fill="#3A3837" opacity="1.000000" stroke="none" 
	d="
M798.060974,479.000000 
	C798.059204,489.662720 798.404541,499.840210 797.974060,509.984741 
	C797.329285,525.181396 793.802612,539.387146 780.926086,549.325500 
	C770.841248,557.109192 758.993347,558.293884 746.823730,557.746643 
	C728.760864,556.934326 714.952820,548.441711 704.547546,533.957947 
	C703.577637,532.607849 702.602722,531.260315 701.582458,529.948608 
	C701.424255,529.745056 701.009216,529.741272 700.047729,529.429260 
	C700.047729,560.312988 700.047729,590.984497 700.047729,622.166260 
	C675.716736,622.166260 652.044434,622.166260 628.127686,622.166260 
	C628.127686,492.646576 628.127686,363.420288 628.127686,233.871216 
	C651.563110,233.871216 674.791809,233.871216 698.661255,233.871216 
	C698.661255,241.972229 698.661255,249.842499 698.661255,257.712769 
	C699.074524,257.870941 699.487732,258.029114 699.901001,258.187256 
	C701.083435,256.574921 702.357483,255.021362 703.434631,253.341492 
	C720.109558,227.335968 749.344482,222.925934 773.213562,231.855347 
	C786.546570,236.843170 793.162659,248.006546 796.036438,261.282410 
	C797.465393,267.883667 797.964294,274.800293 797.978455,281.576111 
	C798.115845,347.217163 798.060974,412.858643 798.060974,479.000000 
M725.310730,392.500031 
	C725.310669,363.523407 725.331482,334.546722 725.280884,305.570190 
	C725.275391,302.419586 725.037109,299.244354 724.594055,296.124939 
	C723.734619,290.074127 720.367432,286.977142 714.380798,286.384674 
	C708.301270,285.782990 703.317749,288.252502 701.738586,293.745941 
	C700.430908,298.294861 699.807312,303.193298 699.796692,307.938904 
	C699.669800,364.559631 699.682800,421.180786 699.775269,477.801636 
	C699.782532,482.242371 700.110291,486.829010 701.256287,491.087616 
	C703.048157,497.746796 707.492188,500.284882 714.476562,499.703644 
	C720.578674,499.195831 723.837708,495.830566 724.719116,488.886017 
	C725.074402,486.087402 725.282104,483.250031 725.286072,480.429932 
	C725.326355,451.453369 725.310913,422.476685 725.310730,392.500031 
z"/>
<path fill="#D01323" opacity="1.000000" stroke="none" 
	d="
M87.299026,271.000061 
	C87.299065,339.831970 87.273979,408.163940 87.358566,476.495758 
	C87.363876,480.784882 87.952187,485.125244 88.757210,489.348785 
	C89.853577,495.100861 93.635689,497.902069 99.791046,498.164795 
	C106.593750,498.455109 110.183220,496.318787 111.790901,490.202942 
	C112.749237,486.557281 113.215729,482.676819 113.219452,478.901245 
	C113.297951,399.402985 113.278839,319.904602 113.278870,240.406235 
	C113.278870,238.415665 113.278877,236.425079 113.278877,233.987091 
	C137.522125,233.987091 161.518250,233.987091 185.996063,233.987091 
	C185.996063,236.148193 185.996063,237.952072 185.996063,239.755966 
	C185.996063,341.253845 185.996414,442.751740 185.995239,544.249634 
	C185.995163,550.828796 185.989716,550.836914 179.468674,550.838318 
	C159.969070,550.842590 140.469482,550.839905 120.969879,550.839905 
	C119.183281,550.839905 117.396675,550.839905 115.027786,550.839905 
	C115.027786,542.172546 115.027786,534.126648 115.027786,526.080750 
	C114.634804,525.929016 114.241829,525.777344 113.848846,525.625610 
	C112.488647,527.513977 111.000229,529.323730 109.787613,531.302429 
	C93.431976,557.991089 59.662106,562.085083 36.803017,550.687744 
	C24.919434,544.762634 19.495657,533.944946 17.176773,521.596130 
	C15.835610,514.454041 15.391780,507.051727 15.381966,499.765411 
	C15.265461,413.267365 15.306922,326.769073 15.306922,240.270874 
	C15.306922,238.281311 15.306922,236.291733 15.306922,233.920883 
	C39.306908,233.920883 63.034313,233.920883 87.298935,233.920883 
	C87.298935,246.236191 87.298935,258.368103 87.299026,271.000061 
z"/>
<path fill="#3A3837" opacity="1.000000" stroke="none" 
	d="
M812.933594,491.999847 
	C812.933655,473.166870 812.802612,454.832611 812.982849,436.501373 
	C813.090942,425.500519 814.129089,414.574249 818.011902,404.126007 
	C823.759155,388.660919 834.964172,378.101440 848.998657,370.328003 
	C862.355164,362.930054 876.150330,356.307556 889.353821,348.656036 
	C897.239502,344.086243 904.590637,338.414886 908.900330,329.892487 
	C909.867737,327.979340 911.191101,325.894592 911.179199,323.895813 
	C911.110107,312.273193 911.212402,300.606689 910.191956,289.049042 
	C909.598083,282.323303 904.988464,279.457855 898.326294,279.467529 
	C891.885254,279.476868 888.691772,282.089264 887.047302,289.095459 
	C886.407593,291.821045 885.997681,294.666138 885.976868,297.460449 
	C885.871277,311.626068 885.835022,325.793945 885.991882,339.958618 
	C886.032104,343.585907 884.983704,344.920654 881.179443,344.892883 
	C860.014343,344.738434 838.847168,344.768524 817.681396,344.868103 
	C814.321106,344.883911 812.821350,343.888580 812.891357,340.321777 
	C813.231323,323.006805 812.673096,305.638489 813.836182,288.383636 
	C815.677856,261.063232 829.388550,241.385925 855.776367,232.832596 
	C886.251465,222.954453 917.050232,222.996994 947.105835,235.171432 
	C964.569092,242.245148 974.296814,256.511322 978.085815,274.223938 
	C981.023499,287.957031 983.097900,302.151733 983.222168,316.161957 
	C983.764893,377.322693 983.491333,438.491028 983.432312,499.656525 
	C983.416138,516.472717 983.051636,533.294373 988.425659,550.287598 
	C986.175964,550.501343 984.459473,550.803711 982.742493,550.806396 
	C961.909607,550.839233 941.075439,550.714111 920.244629,550.922913 
	C916.007080,550.965332 914.183350,549.542358 913.761292,545.446594 
	C913.104614,539.073303 912.180603,532.727600 911.387634,526.508728 
	C906.687012,532.043335 902.506836,538.046997 897.275330,542.922363 
	C881.444153,557.675659 853.955811,560.977356 834.782166,550.821655 
	C820.841858,543.437866 815.766602,530.467041 813.948059,515.933105 
	C812.980530,508.200775 813.232300,500.315857 812.933594,491.999847 
M896.862915,497.815125 
	C905.083740,497.949036 908.521484,495.560089 910.625244,487.872925 
	C911.273926,485.502777 911.615540,482.972565 911.622009,480.514374 
	C911.691406,454.208954 911.670044,427.903259 911.651978,401.597656 
	C911.651001,400.182709 911.457520,398.767883 911.296204,396.571320 
	C902.422913,402.044983 895.150085,408.214569 889.762207,416.269165 
	C887.809143,419.188965 886.122559,422.951569 886.060242,426.361511 
	C885.710388,445.501556 885.723145,464.653534 885.972046,483.796753 
	C886.083984,492.404175 888.671692,495.437897 896.862915,497.815125 
z"/>
<path fill="#3A3837" opacity="1.000000" stroke="none" 
	d="
M1322.715576,239.233231 
	C1343.368164,252.205643 1352.895386,270.815521 1352.872192,294.629272 
	C1352.838745,328.785156 1352.778320,362.941528 1352.966797,397.096405 
	C1352.991699,401.596954 1351.554688,402.735535 1347.289429,402.713654 
	C1318.632446,402.566620 1289.973877,402.734283 1261.317383,402.539276 
	C1256.696167,402.507874 1254.985474,403.463287 1255.031860,408.512115 
	C1255.284424,436.001129 1255.123657,463.493774 1255.174316,490.985016 
	C1255.189941,499.425720 1258.139282,503.967010 1264.389404,505.700287 
	C1272.141235,507.850037 1278.655273,503.827484 1279.647949,495.848785 
	C1280.282593,490.747864 1280.369019,485.557983 1280.397705,480.406311 
	C1280.486816,464.411835 1280.486694,448.416199 1280.384033,432.421906 
	C1280.363403,429.187744 1281.071289,427.563477 1284.789185,427.586395 
	C1306.281738,427.718781 1327.775269,427.647339 1349.268555,427.669739 
	C1350.244141,427.670746 1351.219360,427.911499 1352.863647,428.129089 
	C1352.863647,429.942322 1352.863647,431.712708 1352.863647,433.483093 
	C1352.863647,451.477417 1352.866821,469.471771 1352.863037,487.466095 
	C1352.855469,523.339355 1332.193237,548.618958 1296.880615,555.941772 
	C1272.466553,561.004517 1248.266479,560.513367 1224.524536,552.480103 
	C1203.299316,545.298401 1191.438232,529.495667 1187.108154,508.298157 
	C1184.596802,496.005157 1183.308960,483.263092 1183.214478,470.709991 
	C1182.805420,416.396851 1183.002319,362.078796 1183.064819,307.762634 
	C1183.081055,293.697479 1185.266479,279.989319 1189.973145,266.642456 
	C1197.113281,246.394775 1211.956055,235.045486 1232.084106,230.191071 
	C1255.090210,224.642563 1278.320801,224.568619 1301.281738,230.389771 
	C1308.583984,232.241028 1315.375977,236.104935 1322.715576,239.233231 
M1280.660156,300.529541 
	C1280.342529,295.729736 1280.303589,290.890900 1279.637451,286.139984 
	C1278.795776,280.137177 1274.786377,276.761688 1268.841064,276.360565 
	C1260.213867,275.778503 1255.232056,280.826233 1255.163086,290.807800 
	C1255.026367,310.608551 1255.113525,330.410828 1255.126709,350.212494 
	C1255.127563,351.505432 1255.286011,352.798279 1255.415894,354.772491 
	C1262.368408,354.772491 1269.142944,354.611084 1275.904785,354.836456 
	C1279.625977,354.960480 1280.773315,353.648804 1280.733887,349.942017 
	C1280.561768,333.803009 1280.659912,317.661102 1280.660156,300.529541 
z"/>
<path fill="#3A3837" opacity="1.000000" stroke="none" 
	d="
M1005.116699,270.172974 
	C1013.743591,243.444962 1033.416382,231.693695 1059.465942,228.042618 
	C1078.950317,225.311691 1098.360718,225.230942 1117.450195,230.224518 
	C1148.003418,238.216812 1169.508667,259.612793 1169.348022,293.981018 
	C1169.277222,309.144470 1169.216064,324.310150 1169.417236,339.471283 
	C1169.469971,343.459259 1168.557617,344.967987 1164.216064,344.921265 
	C1143.555786,344.698853 1122.890625,344.720337 1102.229736,344.909668 
	C1098.208740,344.946533 1097.058228,343.665222 1097.106812,339.768250 
	C1097.287354,325.273224 1097.234253,310.774231 1097.134155,296.277679 
	C1097.112427,293.143860 1096.746948,289.973114 1096.164795,286.890198 
	C1094.728882,279.286041 1091.657593,276.680634 1084.495483,276.591125 
	C1077.379639,276.502167 1074.330933,278.960266 1072.551392,286.568573 
	C1071.989502,288.971313 1071.676270,291.490997 1071.674561,293.957489 
	C1071.628296,358.778534 1071.624878,423.599579 1071.682373,488.420624 
	C1071.684814,491.216278 1072.105347,494.064209 1072.730957,496.796234 
	C1074.242798,503.398376 1078.368286,506.523254 1084.820679,506.282349 
	C1091.083984,506.048492 1095.047485,502.833679 1095.984863,496.352234 
	C1096.766235,490.949371 1097.078613,485.442139 1097.127563,479.976898 
	C1097.270752,463.981201 1097.231323,447.983063 1097.132446,431.986694 
	C1097.113892,428.970490 1097.680664,427.469086 1101.213745,427.492249 
	C1123.041992,427.635468 1144.871582,427.569458 1166.700806,427.588654 
	C1167.347656,427.589203 1167.994263,427.763000 1169.336182,427.956024 
	C1169.336182,429.750000 1169.336304,431.515228 1169.336304,433.280487 
	C1169.335938,451.943604 1169.365723,470.606812 1169.328613,489.269867 
	C1169.260742,523.462158 1147.272339,549.506653 1113.689575,556.025940 
	C1091.077026,560.415588 1068.736938,560.272400 1046.482178,554.253113 
	C1024.940552,548.426758 1010.538086,534.812195 1005.080688,513.277161 
	C1001.923767,500.819733 999.825684,487.753418 999.679260,474.933380 
	C999.085449,422.949982 999.549072,370.955444 999.364258,318.965942 
	C999.305969,302.555664 1000.418579,286.375244 1005.116699,270.172974 
z"/>
<path fill="#D11424" opacity="1.000000" stroke="none" 
	d="
M293.464630,213.087891 
	C293.188232,219.138550 292.856598,224.793915 293.038422,230.432724 
	C293.072784,231.497375 295.065948,233.245850 296.299805,233.383591 
	C299.882568,233.783508 303.538727,233.525314 307.429138,233.525314 
	C307.429138,250.648163 307.429138,267.217438 307.429138,284.395996 
	C303.663147,284.395996 300.040558,284.478210 296.423859,284.367950 
	C293.888519,284.290680 292.695465,285.275208 292.860748,287.865997 
	C292.945465,289.193420 292.869202,290.531006 292.869202,291.863983 
	C292.868866,376.009613 292.869324,460.155212 292.868011,544.300842 
	C292.867920,550.835388 292.862244,550.842712 286.294434,550.843811 
	C266.132812,550.847290 245.969772,550.718445 225.810638,550.941650 
	C221.328339,550.991272 220.260071,549.571594 220.266418,545.235962 
	C220.390076,460.757263 220.358185,376.278351 220.358185,291.799469 
	C220.358185,289.651886 220.358185,287.504303 220.358185,284.772552 
	C214.505203,284.772552 208.946518,284.772552 202.979675,284.772552 
	C202.979675,267.495728 202.979675,250.799698 202.979675,233.514191 
	C208.601196,233.514191 214.174911,233.514191 220.359024,233.514191 
	C220.359024,222.333054 220.153763,211.721497 220.421555,201.121918 
	C220.651276,192.029022 222.849030,183.379028 227.931412,175.640854 
	C236.238480,162.992950 248.690811,156.484238 263.048218,155.473526 
	C280.416168,154.250870 297.935913,155.183701 315.865479,155.183701 
	C315.962250,156.874832 316.130585,158.474152 316.133179,160.073730 
	C316.154572,173.237076 316.009338,186.402740 316.229553,199.562424 
	C316.293945,203.409958 315.067535,204.873993 311.248077,205.097260 
	C307.472229,205.317993 303.519531,205.694870 300.058624,207.056290 
	C297.551239,208.042633 295.720062,210.748032 293.464630,213.087891 
z"/>
<path fill="#D11625" opacity="1.000000" stroke="none" 
	d="
M372.000000,550.851318 
	C359.667358,550.851196 347.832947,550.736938 336.003082,550.917908 
	C332.265167,550.975098 331.165222,549.683105 331.170135,545.996399 
	C331.260620,478.167084 331.229889,410.337646 331.249695,342.508240 
	C331.251129,337.589813 332.052673,337.235718 336.452576,339.285156 
	C356.840546,348.781982 377.314484,348.284821 397.742065,339.458008 
	C403.237244,337.083527 403.765289,337.233398 403.766022,343.070374 
	C403.774658,410.566437 403.735809,478.062592 403.857513,545.558411 
	C403.865051,549.742371 402.631256,551.055847 398.496124,550.929871 
	C389.837982,550.666260 381.166199,550.850830 372.000000,550.851318 
z"/>
<path fill="#D11525" opacity="1.000000" stroke="none" 
	d="
M375.880341,307.887970 
	C353.849579,312.422058 331.378662,298.029419 327.450958,276.375732 
	C323.173615,252.794632 338.662689,233.642075 360.281738,229.514923 
	C385.468292,224.706726 409.950195,244.271500 409.007355,270.660858 
	C408.371033,288.470581 395.042908,303.673737 375.880341,307.887970 
z"/>
<path fill="#FBFBFB" opacity="1.000000" stroke="none" 
	d="
M725.310913,393.000061 
	C725.310913,422.476685 725.326355,451.453369 725.286072,480.429932 
	C725.282104,483.250031 725.074402,486.087402 724.719116,488.886017 
	C723.837708,495.830566 720.578674,499.195831 714.476562,499.703644 
	C707.492188,500.284882 703.048157,497.746796 701.256287,491.087616 
	C700.110291,486.829010 699.782532,482.242371 699.775269,477.801636 
	C699.682800,421.180786 699.669800,364.559631 699.796692,307.938904 
	C699.807312,303.193298 700.430908,298.294861 701.738586,293.745941 
	C703.317749,288.252502 708.301270,285.782990 714.380798,286.384674 
	C720.367432,286.977142 723.734619,290.074127 724.594055,296.124939 
	C725.037109,299.244354 725.275391,302.419586 725.280884,305.570190 
	C725.331482,334.546722 725.310669,363.523407 725.310913,393.000061 
z"/>
<path fill="#F6F6F6" opacity="1.000000" stroke="none" 
	d="
M896.452881,497.786987 
	C888.671692,495.437897 886.083984,492.404175 885.972046,483.796753 
	C885.723145,464.653534 885.710388,445.501556 886.060242,426.361511 
	C886.122559,422.951569 887.809143,419.188965 889.762207,416.269165 
	C895.150085,408.214569 902.422913,402.044983 911.296204,396.571320 
	C911.457520,398.767883 911.651001,400.182709 911.651978,401.597656 
	C911.670044,427.903259 911.691406,454.208954 911.622009,480.514374 
	C911.615540,482.972565 911.273926,485.502777 910.625244,487.872925 
	C908.521484,495.560089 905.083740,497.949036 896.452881,497.786987 
z"/>
<path fill="#F6F6F6" opacity="1.000000" stroke="none" 
	d="
M1280.659912,301.024902 
	C1280.659912,317.661102 1280.561768,333.803009 1280.733887,349.942017 
	C1280.773315,353.648804 1279.625977,354.960480 1275.904785,354.836456 
	C1269.142944,354.611084 1262.368408,354.772491 1255.415894,354.772491 
	C1255.286011,352.798279 1255.127563,351.505432 1255.126709,350.212494 
	C1255.113525,330.410828 1255.026367,310.608551 1255.163086,290.807800 
	C1255.232056,280.826233 1260.213867,275.778503 1268.841064,276.360565 
	C1274.786377,276.761688 1278.795776,280.137177 1279.637451,286.139984 
	C1280.303589,290.890900 1280.342529,295.729736 1280.659912,301.024902 
z"/>
</svg>