<svg version="1.1" id="Layer_1" xmlns="http://www.w3.org/2000/svg" xmlns:xlink="http://www.w3.org/1999/xlink" x="0px" y="0px"
	 width="100%" viewBox="0 0 1366 768" enable-background="new 0 0 1366 768" xml:space="preserve">
<path fill="#FEFFFF" opacity="1.000000" stroke="none" 
	d="
M763.000000,769.000000 
	C508.696350,769.000000 254.892700,769.000000 1.044527,769.000000 
	C1.044527,513.059631 1.044527,257.119263 1.044527,1.089433 
	C456.220428,1.089433 911.440918,1.089433 1366.830688,1.089433 
	C1366.830688,256.999908 1366.830688,512.999939 1366.830688,769.000000 
	C1165.785645,769.000000 964.642822,769.000000 763.000000,769.000000 
M882.395874,334.499939 
	C882.395874,366.829224 882.394409,399.158539 882.396973,431.487823 
	C882.397583,439.286285 882.403625,439.287994 889.930603,439.288727 
	C902.929077,439.290009 915.927490,439.292908 928.925964,439.287292 
	C935.604797,439.284424 935.622986,439.276794 935.624268,432.631348 
	C935.631042,398.302124 935.640991,363.972870 935.620422,329.643646 
	C935.613403,317.957214 937.587219,306.720245 943.762329,296.631409 
	C951.951538,283.251862 964.174194,277.254974 979.666931,278.898102 
	C994.877197,280.511292 1004.044067,289.758026 1007.670410,304.188171 
	C1009.353394,310.885468 1010.155579,317.968933 1010.201843,324.885101 
	C1010.443665,361.045837 1010.385193,397.209320 1010.227417,433.370972 
	C1010.207336,437.977203 1011.603149,439.467712 1016.232361,439.381287 
	C1030.059326,439.123230 1043.896729,439.136139 1057.724121,439.378113 
	C1062.100220,439.454681 1063.621216,437.956818 1063.596069,433.679749 
	C1063.343506,390.864624 1063.664673,348.039825 1062.836060,305.236908 
	C1062.389160,282.151794 1054.796021,261.290009 1036.534302,245.858673 
	C1009.163757,222.730469 962.362488,224.202713 935.217468,248.827377 
	C930.610413,253.006546 926.548035,257.786133 921.960083,262.574280 
	C909.557617,242.227432 891.536743,231.478394 868.222778,229.803802 
	C845.262207,228.154587 824.885681,234.106445 808.368164,251.565475 
	C807.813354,247.355865 807.680298,243.591537 807.849060,239.840775 
	C808.034546,235.719284 806.220154,234.281860 802.174500,234.325241 
	C788.344421,234.473526 774.509033,234.537811 760.681580,234.295258 
	C755.755493,234.208847 754.454956,236.144760 754.462891,240.790604 
	C754.571655,304.782776 754.576538,368.775269 754.454895,432.767395 
	C754.445679,437.602905 755.615906,439.551666 760.876099,439.407806 
	C774.031372,439.047882 787.203064,439.289948 800.368164,439.288727 
	C807.801758,439.288025 807.812805,439.286469 807.813843,431.842957 
	C807.818481,397.180420 807.717346,362.517487 807.871155,327.855621 
	C807.924438,315.843323 810.555237,304.369476 817.551025,294.306610 
	C826.084717,282.031494 838.108032,277.166870 852.661011,279.054443 
	C866.988831,280.912811 876.056702,289.772736 879.209473,303.384949 
	C881.470276,313.145691 881.417053,323.442383 882.395874,334.499939 
M359.209747,443.291382 
	C392.972504,447.762604 421.898468,437.861969 444.959778,412.887482 
	C468.686737,387.192078 476.596954,356.171478 472.784332,321.850433 
	C467.623688,275.394318 434.806213,236.653320 387.607300,230.503448 
	C360.152618,226.926178 335.396942,233.246918 314.458069,252.123489 
	C313.095093,253.352234 311.577179,254.409103 309.285950,256.210602 
	C309.285950,249.957367 309.060150,244.985580 309.352600,240.044479 
	C309.618622,235.549408 307.676514,234.269211 303.468292,234.320221 
	C289.973511,234.483826 276.475494,234.367157 262.978760,234.387863 
	C256.847870,234.397278 256.582245,234.672684 256.581787,241.010590 
	C256.575256,332.988495 256.575226,424.966431 256.581177,516.944336 
	C256.581665,524.493774 258.456970,525.559326 265.144562,521.707886 
	C278.266571,514.150879 291.287903,506.416077 304.494568,499.011108 
	C308.002747,497.044067 309.392487,494.731903 309.362915,490.704285 
	C309.201477,468.710724 309.286072,446.715393 309.286102,424.720673 
	C309.286102,423.036896 309.286133,421.353088 309.286133,419.669312 
	C323.900543,432.430084 339.935028,440.236023 359.209747,443.291382 
M1251.264282,431.714203 
	C1267.515503,422.968872 1280.079712,410.443237 1289.359009,394.551819 
	C1292.371826,389.392090 1292.029175,388.089111 1286.445679,385.407379 
	C1275.508301,380.154266 1264.480835,375.088165 1253.567139,369.787109 
	C1250.210083,368.156525 1248.119873,368.955200 1245.949707,371.846558 
	C1242.466187,376.487885 1238.894531,381.136444 1234.823730,385.251312 
	C1215.199951,405.087555 1175.061401,403.081207 1155.375854,377.537659 
	C1150.137451,370.740265 1146.577637,363.272552 1145.536133,354.131378 
	C1148.095703,354.131378 1150.074951,354.131378 1152.054199,354.131378 
	C1198.697754,354.131256 1245.341309,354.073608 1291.984497,354.221008 
	C1296.588623,354.235565 1298.282471,352.774323 1298.113403,348.229858 
	C1297.879272,341.934723 1298.325562,335.610779 1298.009888,329.322784 
	C1296.593384,301.113556 1286.961548,276.200989 1266.269287,256.614349 
	C1229.520508,221.829056 1169.457764,220.394257 1130.337524,252.520554 
	C1088.410034,286.952148 1082.448853,349.161133 1105.399170,391.812256 
	C1120.650757,420.155975 1144.906006,436.497986 1176.431641,442.306030 
	C1202.297607,447.071411 1227.085815,444.107880 1251.264282,431.714203 
M25.723345,293.499939 
	C25.723551,316.823914 25.492149,340.150787 25.787621,363.471039 
	C26.097187,387.903717 33.367844,409.697540 52.044155,426.510651 
	C65.393745,438.528503 81.674744,443.520996 99.208847,444.338440 
	C121.001404,445.354431 140.734436,439.759247 156.896469,424.246277 
	C157.990768,423.195862 159.224136,422.290375 161.550003,420.354248 
	C161.550003,425.971008 161.700455,430.071991 161.506546,434.156586 
	C161.322647,438.030701 162.823242,439.410278 166.759171,439.358948 
	C180.751297,439.176514 194.750961,439.104828 208.739670,439.389526 
	C213.479828,439.486023 214.645554,437.849274 214.636841,433.333496 
	C214.512756,369.025635 214.510818,304.717407 214.640091,240.409607 
	C214.649277,235.845856 213.329422,234.225128 208.700821,234.302521 
	C195.209900,234.528061 181.712738,234.364578 168.218079,234.388031 
	C161.802902,234.399170 161.551941,234.673050 161.550598,241.247925 
	C161.543625,275.567780 161.604126,309.887787 161.511200,344.207397 
	C161.484787,353.964722 159.514740,363.371735 155.144867,372.192993 
	C143.529434,395.640656 111.672707,402.737030 92.248909,385.981750 
	C81.595840,376.792236 78.530235,364.159332 78.445305,350.842957 
	C78.211555,314.192169 78.373245,277.538940 78.354660,240.886673 
	C78.351540,234.738541 77.995476,234.400284 71.812347,234.388657 
	C58.317696,234.363297 44.820583,234.524872 31.329632,234.300369 
	C26.962196,234.227692 25.576162,235.614532 25.632156,240.021713 
	C25.854376,257.512024 25.723381,275.006805 25.723345,293.499939 
M569.896851,148.067902 
	C567.756897,148.445358 565.313660,148.282593 563.525452,149.286530 
	C550.322083,156.698898 537.335083,164.498962 524.086975,171.828049 
	C519.695618,174.257401 518.182739,177.252640 518.276672,182.204407 
	C518.570557,197.698792 518.393250,213.202271 518.372437,228.702194 
	C518.370056,230.469940 518.202576,232.237442 518.092407,234.379288 
	C509.773560,234.379288 501.967041,234.471252 494.164307,234.339828 
	C490.361053,234.275772 488.834106,235.673691 488.899170,239.635910 
	C489.090759,251.299377 489.101440,262.970428 488.895569,274.633423 
	C488.822083,278.796692 490.274292,280.218781 494.411621,280.084290 
	C502.190063,279.831390 509.982574,280.011383 518.384460,280.011383 
	C518.384460,282.496582 518.384460,284.448395 518.384460,286.400177 
	C518.384521,314.566772 518.290588,342.733887 518.451050,370.899567 
	C518.490723,377.868256 518.886353,384.904144 519.939697,391.783417 
	C522.138977,406.146179 527.549561,419.333313 539.054626,428.650146 
	C563.988892,448.841888 591.715088,447.857574 620.208313,437.774994 
	C621.719604,437.240234 623.597046,434.956421 623.626831,433.453644 
	C623.894348,419.959290 623.908997,406.455566 623.703979,392.959076 
	C623.650574,389.443390 621.528687,388.578735 618.177795,390.235229 
	C614.922424,391.844452 611.512695,393.518616 607.989319,394.147034 
	C586.145569,398.043152 570.825195,391.584290 571.065308,365.991699 
	C571.317139,339.160797 571.117126,312.325745 571.132202,285.492493 
	C571.133179,283.746216 571.285156,282.000031 571.368774,280.213318 
	C573.184509,280.125427 574.343140,280.021454 575.501892,280.020538 
	C589.835205,280.009064 604.170227,279.887817 618.500671,280.089935 
	C622.693665,280.149048 623.973267,278.712433 623.893127,274.594666 
	C623.666138,262.932465 623.673767,251.260345 623.890808,239.597763 
	C623.964966,235.610092 622.483093,234.239624 618.673340,234.338470 
	C612.677429,234.493988 606.674500,234.377655 600.674500,234.377380 
	C591.040955,234.376938 581.407410,234.377258 571.121643,234.377258 
	C571.121643,232.096573 571.121643,230.317368 571.121643,228.538177 
	C571.121582,203.871582 571.136963,179.204971 571.091614,154.538467 
	C571.088074,152.583847 570.663818,150.630020 569.896851,148.067902 
M712.950928,375.500000 
	C712.950867,330.870209 712.956116,286.240387 712.944397,241.610596 
	C712.942810,235.523315 711.385498,234.274597 706.828674,236.877396 
	C692.390869,245.124115 677.942993,253.359482 663.698425,261.930664 
	C661.865479,263.033569 660.165466,266.085938 660.157898,268.241455 
	C659.963928,323.528442 660.024414,378.816315 659.956726,434.103912 
	C659.952087,437.907227 661.190735,439.411011 665.176758,439.359070 
	C679.329346,439.174561 693.487732,439.158173 707.639648,439.367279 
	C711.787964,439.428558 713.077942,438.119781 713.035889,433.951721 
	C712.842346,414.802826 712.950745,395.650848 712.950928,375.500000 
M548.098572,551.500000 
	C548.099243,572.819824 548.181946,594.140320 548.029480,615.459045 
	C547.999817,619.595947 549.396667,621.369385 553.523010,620.939514 
	C554.676453,620.819336 555.866333,620.807190 557.016541,620.941895 
	C561.511292,621.468079 563.163208,619.735718 563.112549,615.035278 
	C562.895325,594.883667 563.020752,574.728394 563.021301,554.574463 
	C563.021301,553.014771 563.021301,551.455078 563.021301,548.738525 
	C564.501404,550.725647 565.251404,551.579773 565.833252,552.536133 
	C578.197021,572.859314 590.685181,593.109436 602.792419,613.584656 
	C605.917114,618.869019 609.288696,621.633789 615.825867,621.125977 
	C620.553589,620.758667 622.202759,619.497253 622.178345,614.714355 
	C622.025208,584.734009 622.114319,554.752625 622.091553,524.771545 
	C622.087036,518.752136 621.334351,518.161743 614.395447,518.173584 
	C607.715637,518.184998 607.145264,518.651245 607.139221,524.575806 
	C607.119141,544.230042 607.137573,563.884338 607.120544,583.538574 
	C607.119019,585.266174 606.966248,586.993713 606.883789,588.721252 
	C606.483643,588.842285 606.083496,588.963379 605.683411,589.084412 
	C604.736084,587.656799 603.734802,586.261719 602.849548,584.796570 
	C590.981384,565.155334 578.891785,545.641663 567.419739,525.771423 
	C564.018127,519.879822 560.081116,517.389832 553.438110,518.076904 
	C549.761841,518.457092 547.991943,519.613831 548.054138,523.517761 
	C548.197327,532.509766 548.099060,541.505676 548.098572,551.500000 
M1228.311646,525.814087 
	C1228.311523,552.813293 1228.294189,579.812561 1228.333740,606.811707 
	C1228.338623,610.134277 1228.780640,613.456543 1228.777344,616.778687 
	C1228.774292,619.789551 1230.147949,620.939941 1233.042725,620.934265 
	C1252.042114,620.897095 1271.042603,620.991760 1290.038818,620.745056 
	C1291.380127,620.727661 1293.132080,618.533081 1293.881470,616.963440 
	C1294.530396,615.604065 1293.859009,613.673584 1294.061646,612.031311 
	C1294.670532,607.096863 1292.437988,605.732361 1287.725586,605.848450 
	C1274.900635,606.164734 1262.063232,605.957947 1249.234863,606.184692 
	C1245.431641,606.251892 1243.794067,605.181519 1243.965698,601.113037 
	C1244.239502,594.624817 1244.230225,588.108765 1243.964600,581.619812 
	C1243.812744,577.907471 1244.982300,576.676697 1248.754517,576.754944 
	C1259.416260,576.976257 1270.086548,576.902710 1280.751099,576.763062 
	C1282.620605,576.738525 1285.955566,576.082764 1286.091064,575.288147 
	C1286.745850,571.450684 1287.057861,567.364685 1286.322144,563.594971 
	C1286.099365,562.453430 1282.130737,561.407227 1279.877563,561.406555 
	C1269.567505,561.403320 1259.253906,561.693726 1248.949341,562.081970 
	C1245.327881,562.218384 1243.825317,561.078247 1243.974731,557.274109 
	C1244.216431,551.117188 1244.249146,544.933960 1243.962402,538.780823 
	C1243.781616,534.901794 1244.916992,533.533997 1248.968018,533.618652 
	C1260.795898,533.865967 1272.632202,533.705750 1284.465210,533.705383 
	C1294.129883,533.705078 1293.908203,533.700073 1294.125488,524.230957 
	C1294.232544,519.559814 1292.452881,518.083923 1288.013062,518.117004 
	C1270.347900,518.248718 1252.680176,518.273926 1235.015625,518.104797 
	C1230.045044,518.057312 1227.857300,519.976685 1228.311646,525.814087 
M668.471375,526.997192 
	C661.175232,535.150635 659.580078,544.814148 662.008789,555.019714 
	C664.773621,566.638306 675.257141,574.260010 688.993164,575.969482 
	C694.585510,576.665405 700.189636,577.641296 705.631104,579.083252 
	C712.905212,581.010803 716.471436,586.143127 716.038452,592.969604 
	C715.581055,600.181030 708.974304,606.153625 700.883911,607.089966 
	C689.716187,608.382629 679.864197,605.149048 670.629517,599.141907 
	C669.141052,598.173706 666.141235,597.072693 665.479736,597.716858 
	C662.696472,600.427368 659.510254,603.505554 658.583984,607.007874 
	C658.128906,608.728516 661.884766,612.270203 664.421204,613.954346 
	C676.556335,622.012146 690.259644,623.413818 704.253113,621.691406 
	C723.527893,619.318848 734.832031,603.748962 731.737366,584.676880 
	C729.832581,572.937744 719.272522,564.388306 704.397339,562.119141 
	C698.188049,561.171936 691.932678,560.037720 685.960327,558.156372 
	C679.291931,556.055786 676.571655,551.494873 677.065491,545.383240 
	C677.574219,539.086914 681.362854,534.490295 687.511047,532.853149 
	C696.351379,530.499084 704.647278,532.356262 712.630859,536.288696 
	C720.699341,540.263000 720.779724,540.156982 725.453125,532.697815 
	C727.740417,529.047119 727.226990,526.244080 723.483704,524.507568 
	C718.530457,522.209778 713.530090,519.565430 708.259949,518.485657 
	C694.179260,515.600708 680.346558,515.419556 668.471375,526.997192 
M1084.248779,518.172607 
	C1075.086304,518.175171 1075.098267,518.175171 1075.083496,527.546936 
	C1075.052246,547.531799 1075.568604,567.538147 1074.801636,587.495056 
	C1074.105713,605.600525 1059.041748,610.893066 1044.842651,605.451904 
	C1035.247803,601.775085 1033.487549,592.826294 1033.316162,583.988159 
	C1032.951294,565.175415 1033.204468,546.350708 1033.204102,527.530945 
	C1033.203979,517.905273 1033.176880,517.879639 1023.547485,518.174194 
	C1023.048096,518.189514 1022.547485,518.174377 1022.048950,518.201477 
	C1019.263916,518.353088 1017.923096,519.625793 1017.937805,522.617432 
	C1018.051208,545.599426 1017.599854,568.596130 1018.302002,591.558350 
	C1018.668152,603.531921 1024.508423,613.236206 1035.777832,618.719116 
	C1045.190674,623.298767 1055.309814,623.223877 1065.114746,621.179688 
	C1081.320679,617.800964 1090.804810,604.520081 1090.942505,586.100708 
	C1091.095581,565.616577 1090.880493,545.129578 1091.062012,524.645996 
	C1091.101562,520.193054 1089.625244,518.029297 1084.248779,518.172607 
M976.371582,533.719849 
	C987.012695,533.719604 986.907532,533.667786 986.872131,523.833374 
	C986.856018,519.354431 984.849121,518.093384 980.744934,518.112244 
	C959.580811,518.209473 938.415222,518.261292 917.252136,518.086182 
	C911.949524,518.042358 911.289185,520.916321 911.311951,525.088135 
	C911.352173,532.456116 911.965454,533.692261 917.137268,533.666321 
	C923.113342,533.636353 929.106262,533.439392 935.056580,532.914917 
	C939.656372,532.509583 941.409729,533.675293 941.350403,538.774231 
	C941.071106,562.768494 941.190613,586.767944 941.242615,610.765381 
	C941.265869,621.519043 939.571716,620.818176 951.428650,621.008179 
	C955.419189,621.072144 957.383118,619.735474 957.408936,615.699280 
	C957.454651,608.538086 957.664978,601.376221 957.601501,594.216431 
	C957.436157,575.565491 957.224121,556.914185 956.869812,538.266113 
	C956.804077,534.809204 957.860779,533.471924 961.408142,533.660156 
	C966.061218,533.907166 970.737305,533.719849 976.371582,533.719849 
M824.266296,533.713074 
	C825.265137,533.711365 826.264038,533.699341 827.262756,533.709656 
	C833.475952,533.774048 832.682739,529.296753 832.828613,525.292053 
	C832.982361,521.069641 832.050659,518.114319 826.927612,518.132629 
	C805.453064,518.209412 783.977844,518.135132 762.503479,518.238647 
	C761.003052,518.245850 758.314514,519.078491 758.209290,519.816772 
	C757.658081,523.683411 757.197937,527.760498 757.973572,531.501709 
	C758.214172,532.662231 762.407654,533.523193 764.825745,533.614685 
	C772.055420,533.888306 779.302124,533.713013 787.127319,533.713013 
	C787.127319,535.578308 787.127319,537.533997 787.127319,539.489624 
	C787.127380,564.793335 787.198120,590.097534 787.055542,615.400391 
	C787.032654,619.457092 788.220642,621.399170 792.434692,620.947021 
	C793.586609,620.823425 794.763306,620.932739 795.928589,620.930664 
	C802.917297,620.918213 802.941711,620.917725 802.924988,614.042297 
	C802.864624,589.240234 802.920532,564.436523 802.601624,539.637634 
	C802.537781,534.669983 804.138611,533.264221 808.841064,533.630493 
	C813.639587,534.004211 818.489929,533.712708 824.266296,533.713074 
M1131.573242,533.703674 
	C1136.379639,533.459045 1141.204956,533.401978 1145.986816,532.916077 
	C1150.609131,532.446411 1151.953735,534.167664 1151.913208,538.790466 
	C1151.700317,563.096008 1151.813599,587.404297 1151.813599,611.711670 
	C1151.813599,621.057251 1151.816650,620.861633 1161.411133,621.009521 
	C1165.800659,621.077148 1167.165039,619.582397 1167.120728,615.232422 
	C1166.896729,593.258911 1166.938110,571.282593 1166.891479,549.307312 
	C1166.880737,544.217102 1166.890015,539.126892 1166.890015,533.703796 
	C1175.220093,533.703796 1182.697388,533.717590 1190.174561,533.699585 
	C1196.549927,533.684204 1196.919556,533.261230 1196.923706,526.276367 
	C1196.928467,518.631348 1196.599487,518.187073 1190.303711,518.179993 
	C1170.990967,518.158386 1151.678223,518.203369 1132.365601,518.159180 
	C1120.645996,518.132446 1121.887085,517.611023 1122.148682,529.828918 
	C1122.176636,531.128174 1124.211548,532.832520 1125.698608,533.521362 
	C1127.075317,534.159058 1128.966187,533.686584 1131.573242,533.703674 
M879.927612,550.500000 
	C879.927185,541.515747 879.967407,532.531189 879.884155,523.547668 
	C879.871033,522.134827 879.477539,519.580383 878.956726,519.499207 
	C874.945679,518.874084 870.783752,518.195801 866.843506,518.758484 
	C865.653931,518.928406 864.253296,522.949890 864.239380,525.215027 
	C864.063904,553.996704 864.123657,582.779785 864.123962,611.562561 
	C864.124084,620.983948 864.124756,620.983948 873.619507,620.931885 
	C879.854187,620.897705 879.922668,620.842102 879.924866,614.389465 
	C879.932129,593.426331 879.927490,572.463135 879.927612,550.500000 
M491.834930,607.482666 
	C491.834961,608.815857 491.835022,610.149109 491.835022,611.482300 
	C491.835083,621.018677 491.839874,620.800659 501.286865,621.007690 
	C506.181641,621.114929 507.747803,619.115845 507.734741,614.518677 
	C507.649567,584.521790 507.712708,554.524597 507.673096,524.527466 
	C507.665527,518.802307 506.569275,518.117249 498.565338,518.177429 
	C492.271484,518.224731 491.842957,518.599182 491.840424,524.495300 
	C491.828674,551.825989 491.834869,579.156738 491.834930,607.482666 
M1307.462769,272.062012 
	C1309.029541,272.602417 1310.570435,273.239105 1312.167358,273.667267 
	C1321.234131,276.098572 1331.041870,272.391998 1336.217651,264.629822 
	C1341.606445,256.548157 1341.191162,245.098572 1335.235352,237.541656 
	C1329.705444,230.525177 1319.060913,227.542526 1310.451904,230.502090 
	C1301.519897,233.572739 1296.406372,239.910858 1295.374756,249.114029 
	C1294.273315,258.938232 1298.280151,266.576508 1307.462769,272.062012 
z"/>
<path fill="#03578D" opacity="1.000000" stroke="none" 
	d="
M882.396057,333.999939 
	C881.417053,323.442383 881.470276,313.145691 879.209473,303.384949 
	C876.056702,289.772736 866.988831,280.912811 852.661011,279.054443 
	C838.108032,277.166870 826.084717,282.031494 817.551025,294.306610 
	C810.555237,304.369476 807.924438,315.843323 807.871155,327.855621 
	C807.717346,362.517487 807.818481,397.180420 807.813843,431.842957 
	C807.812805,439.286469 807.801758,439.288025 800.368164,439.288727 
	C787.203064,439.289948 774.031372,439.047882 760.876099,439.407806 
	C755.615906,439.551666 754.445679,437.602905 754.454895,432.767395 
	C754.576538,368.775269 754.571655,304.782776 754.462891,240.790604 
	C754.454956,236.144760 755.755493,234.208847 760.681580,234.295258 
	C774.509033,234.537811 788.344421,234.473526 802.174500,234.325241 
	C806.220154,234.281860 808.034546,235.719284 807.849060,239.840775 
	C807.680298,243.591537 807.813354,247.355865 808.368164,251.565475 
	C824.885681,234.106445 845.262207,228.154587 868.222778,229.803802 
	C891.536743,231.478394 909.557617,242.227432 921.960083,262.574280 
	C926.548035,257.786133 930.610413,253.006546 935.217468,248.827377 
	C962.362488,224.202713 1009.163757,222.730469 1036.534302,245.858673 
	C1054.796021,261.290009 1062.389160,282.151794 1062.836060,305.236908 
	C1063.664673,348.039825 1063.343506,390.864624 1063.596069,433.679749 
	C1063.621216,437.956818 1062.100220,439.454681 1057.724121,439.378113 
	C1043.896729,439.136139 1030.059326,439.123230 1016.232361,439.381287 
	C1011.603149,439.467712 1010.207336,437.977203 1010.227417,433.370972 
	C1010.385193,397.209320 1010.443665,361.045837 1010.201843,324.885101 
	C1010.155579,317.968933 1009.353394,310.885468 1007.670410,304.188171 
	C1004.044067,289.758026 994.877197,280.511292 979.666931,278.898102 
	C964.174194,277.254974 951.951538,283.251862 943.762329,296.631409 
	C937.587219,306.720245 935.613403,317.957214 935.620422,329.643646 
	C935.640991,363.972870 935.631042,398.302124 935.624268,432.631348 
	C935.622986,439.276794 935.604797,439.284424 928.925964,439.287292 
	C915.927490,439.292908 902.929077,439.290009 889.930603,439.288727 
	C882.403625,439.287994 882.397583,439.286285 882.396973,431.487823 
	C882.394409,399.158539 882.395874,366.829224 882.396057,333.999939 
z"/>
<path fill="#03578D" opacity="1.000000" stroke="none" 
	d="
M358.776855,443.234741 
	C339.935028,440.236023 323.900543,432.430084 309.286133,419.669312 
	C309.286133,421.353088 309.286102,423.036896 309.286102,424.720673 
	C309.286072,446.715393 309.201477,468.710724 309.362915,490.704285 
	C309.392487,494.731903 308.002747,497.044067 304.494568,499.011108 
	C291.287903,506.416077 278.266571,514.150879 265.144562,521.707886 
	C258.456970,525.559326 256.581665,524.493774 256.581177,516.944336 
	C256.575226,424.966431 256.575256,332.988495 256.581787,241.010590 
	C256.582245,234.672684 256.847870,234.397278 262.978760,234.387863 
	C276.475494,234.367157 289.973511,234.483826 303.468292,234.320221 
	C307.676514,234.269211 309.618622,235.549408 309.352600,240.044479 
	C309.060150,244.985580 309.285950,249.957367 309.285950,256.210602 
	C311.577179,254.409103 313.095093,253.352234 314.458069,252.123489 
	C335.396942,233.246918 360.152618,226.926178 387.607300,230.503448 
	C434.806213,236.653320 467.623688,275.394318 472.784332,321.850433 
	C476.596954,356.171478 468.686737,387.192078 444.959778,412.887482 
	C421.898468,437.861969 392.972504,447.762604 358.776855,443.234741 
M383.497162,392.148102 
	C407.350403,382.994659 421.081085,361.345184 420.429108,333.916504 
	C419.522705,295.785736 383.045624,269.612427 346.675262,280.945618 
	C324.826752,287.753754 306.713470,310.271667 307.388855,339.134033 
	C308.305969,378.326813 345.726410,405.125641 383.497162,392.148102 
z"/>
<path fill="#02578D" opacity="1.000000" stroke="none" 
	d="
M1250.953247,431.914429 
	C1227.085815,444.107880 1202.297607,447.071411 1176.431641,442.306030 
	C1144.906006,436.497986 1120.650757,420.155975 1105.399170,391.812256 
	C1082.448853,349.161133 1088.410034,286.952148 1130.337524,252.520554 
	C1169.457764,220.394257 1229.520508,221.829056 1266.269287,256.614349 
	C1286.961548,276.200989 1296.593384,301.113556 1298.009888,329.322784 
	C1298.325562,335.610779 1297.879272,341.934723 1298.113403,348.229858 
	C1298.282471,352.774323 1296.588623,354.235565 1291.984497,354.221008 
	C1245.341309,354.073608 1198.697754,354.131256 1152.054199,354.131378 
	C1150.074951,354.131378 1148.095703,354.131378 1145.536133,354.131378 
	C1146.577637,363.272552 1150.137451,370.740265 1155.375854,377.537659 
	C1175.061401,403.081207 1215.199951,405.087555 1234.823730,385.251312 
	C1238.894531,381.136444 1242.466187,376.487885 1245.949707,371.846558 
	C1248.119873,368.955200 1250.210083,368.156525 1253.567139,369.787109 
	C1264.480835,375.088165 1275.508301,380.154266 1286.445679,385.407379 
	C1292.029175,388.089111 1292.371826,389.392090 1289.359009,394.551819 
	C1280.079712,410.443237 1267.515503,422.968872 1250.953247,431.914429 
M1208.500000,313.868500 
	C1220.573608,313.868500 1232.647217,313.868500 1244.791260,313.868500 
	C1242.125854,291.314087 1219.060181,273.287628 1194.705200,274.076813 
	C1172.116943,274.808746 1147.860107,294.623199 1146.732666,313.868408 
	C1167.009033,313.868408 1187.254517,313.868408 1208.500000,313.868500 
z"/>
<path fill="#03578D" opacity="1.000000" stroke="none" 
	d="
M25.723307,292.999939 
	C25.723381,275.006805 25.854376,257.512024 25.632156,240.021713 
	C25.576162,235.614532 26.962196,234.227692 31.329632,234.300369 
	C44.820583,234.524872 58.317696,234.363297 71.812347,234.388657 
	C77.995476,234.400284 78.351540,234.738541 78.354660,240.886673 
	C78.373245,277.538940 78.211555,314.192169 78.445305,350.842957 
	C78.530235,364.159332 81.595840,376.792236 92.248909,385.981750 
	C111.672707,402.737030 143.529434,395.640656 155.144867,372.192993 
	C159.514740,363.371735 161.484787,353.964722 161.511200,344.207397 
	C161.604126,309.887787 161.543625,275.567780 161.550598,241.247925 
	C161.551941,234.673050 161.802902,234.399170 168.218079,234.388031 
	C181.712738,234.364578 195.209900,234.528061 208.700821,234.302521 
	C213.329422,234.225128 214.649277,235.845856 214.640091,240.409607 
	C214.510818,304.717407 214.512756,369.025635 214.636841,433.333496 
	C214.645554,437.849274 213.479828,439.486023 208.739670,439.389526 
	C194.750961,439.104828 180.751297,439.176514 166.759171,439.358948 
	C162.823242,439.410278 161.322647,438.030701 161.506546,434.156586 
	C161.700455,430.071991 161.550003,425.971008 161.550003,420.354248 
	C159.224136,422.290375 157.990768,423.195862 156.896469,424.246277 
	C140.734436,439.759247 121.001404,445.354431 99.208847,444.338440 
	C81.674744,443.520996 65.393745,438.528503 52.044155,426.510651 
	C33.367844,409.697540 26.097187,387.903717 25.787621,363.471039 
	C25.492149,340.150787 25.723551,316.823914 25.723307,292.999939 
z"/>
<path fill="#03578D" opacity="1.000000" stroke="none" 
	d="
M570.165955,148.371857 
	C570.663818,150.630020 571.088074,152.583847 571.091614,154.538467 
	C571.136963,179.204971 571.121582,203.871582 571.121643,228.538177 
	C571.121643,230.317368 571.121643,232.096573 571.121643,234.377258 
	C581.407410,234.377258 591.040955,234.376938 600.674500,234.377380 
	C606.674500,234.377655 612.677429,234.493988 618.673340,234.338470 
	C622.483093,234.239624 623.964966,235.610092 623.890808,239.597763 
	C623.673767,251.260345 623.666138,262.932465 623.893127,274.594666 
	C623.973267,278.712433 622.693665,280.149048 618.500671,280.089935 
	C604.170227,279.887817 589.835205,280.009064 575.501892,280.020538 
	C574.343140,280.021454 573.184509,280.125427 571.368774,280.213318 
	C571.285156,282.000031 571.133179,283.746216 571.132202,285.492493 
	C571.117126,312.325745 571.317139,339.160797 571.065308,365.991699 
	C570.825195,391.584290 586.145569,398.043152 607.989319,394.147034 
	C611.512695,393.518616 614.922424,391.844452 618.177795,390.235229 
	C621.528687,388.578735 623.650574,389.443390 623.703979,392.959076 
	C623.908997,406.455566 623.894348,419.959290 623.626831,433.453644 
	C623.597046,434.956421 621.719604,437.240234 620.208313,437.774994 
	C591.715088,447.857574 563.988892,448.841888 539.054626,428.650146 
	C527.549561,419.333313 522.138977,406.146179 519.939697,391.783417 
	C518.886353,384.904144 518.490723,377.868256 518.451050,370.899567 
	C518.290588,342.733887 518.384521,314.566772 518.384460,286.400177 
	C518.384460,284.448395 518.384460,282.496582 518.384460,280.011383 
	C509.982574,280.011383 502.190063,279.831390 494.411621,280.084290 
	C490.274292,280.218781 488.822083,278.796692 488.895569,274.633423 
	C489.101440,262.970428 489.090759,251.299377 488.899170,239.635910 
	C488.834106,235.673691 490.361053,234.275772 494.164307,234.339828 
	C501.967041,234.471252 509.773560,234.379288 518.092407,234.379288 
	C518.202576,232.237442 518.370056,230.469940 518.372437,228.702194 
	C518.393250,213.202271 518.570557,197.698792 518.276672,182.204407 
	C518.182739,177.252640 519.695618,174.257401 524.086975,171.828049 
	C537.335083,164.498962 550.322083,156.698898 563.525452,149.286530 
	C565.313660,148.282593 567.756897,148.445358 570.165955,148.371857 
z"/>
<path fill="#02578D" opacity="1.000000" stroke="none" 
	d="
M712.950928,376.000000 
	C712.950745,395.650848 712.842346,414.802826 713.035889,433.951721 
	C713.077942,438.119781 711.787964,439.428558 707.639648,439.367279 
	C693.487732,439.158173 679.329346,439.174561 665.176758,439.359070 
	C661.190735,439.411011 659.952087,437.907227 659.956726,434.103912 
	C660.024414,378.816315 659.963928,323.528442 660.157898,268.241455 
	C660.165466,266.085938 661.865479,263.033569 663.698425,261.930664 
	C677.942993,253.359482 692.390869,245.124115 706.828674,236.877396 
	C711.385498,234.274597 712.942810,235.523315 712.944397,241.610596 
	C712.956116,286.240387 712.950867,330.870209 712.950928,376.000000 
z"/>
<path fill="#71A9C6" opacity="1.000000" stroke="none" 
	d="
M548.098633,551.000000 
	C548.099060,541.505676 548.197327,532.509766 548.054138,523.517761 
	C547.991943,519.613831 549.761841,518.457092 553.438110,518.076904 
	C560.081116,517.389832 564.018127,519.879822 567.419739,525.771423 
	C578.891785,545.641663 590.981384,565.155334 602.849548,584.796570 
	C603.734802,586.261719 604.736084,587.656799 605.683411,589.084412 
	C606.083496,588.963379 606.483643,588.842285 606.883789,588.721252 
	C606.966248,586.993713 607.119019,585.266174 607.120544,583.538574 
	C607.137573,563.884338 607.119141,544.230042 607.139221,524.575806 
	C607.145264,518.651245 607.715637,518.184998 614.395447,518.173584 
	C621.334351,518.161743 622.087036,518.752136 622.091553,524.771545 
	C622.114319,554.752625 622.025208,584.734009 622.178345,614.714355 
	C622.202759,619.497253 620.553589,620.758667 615.825867,621.125977 
	C609.288696,621.633789 605.917114,618.869019 602.792419,613.584656 
	C590.685181,593.109436 578.197021,572.859314 565.833252,552.536133 
	C565.251404,551.579773 564.501404,550.725647 563.021301,548.738525 
	C563.021301,551.455078 563.021301,553.014771 563.021301,554.574463 
	C563.020752,574.728394 562.895325,594.883667 563.112549,615.035278 
	C563.163208,619.735718 561.511292,621.468079 557.016541,620.941895 
	C555.866333,620.807190 554.676453,620.819336 553.523010,620.939514 
	C549.396667,621.369385 547.999817,619.595947 548.029480,615.459045 
	C548.181946,594.140320 548.099243,572.819824 548.098633,551.000000 
z"/>
<path fill="#72AAC6" opacity="1.000000" stroke="none" 
	d="
M1228.312134,525.356323 
	C1227.857300,519.976685 1230.045044,518.057312 1235.015625,518.104797 
	C1252.680176,518.273926 1270.347900,518.248718 1288.013062,518.117004 
	C1292.452881,518.083923 1294.232544,519.559814 1294.125488,524.230957 
	C1293.908203,533.700073 1294.129883,533.705078 1284.465210,533.705383 
	C1272.632202,533.705750 1260.795898,533.865967 1248.968018,533.618652 
	C1244.916992,533.533997 1243.781616,534.901794 1243.962402,538.780823 
	C1244.249146,544.933960 1244.216431,551.117188 1243.974731,557.274109 
	C1243.825317,561.078247 1245.327881,562.218384 1248.949341,562.081970 
	C1259.253906,561.693726 1269.567505,561.403320 1279.877563,561.406555 
	C1282.130737,561.407227 1286.099365,562.453430 1286.322144,563.594971 
	C1287.057861,567.364685 1286.745850,571.450684 1286.091064,575.288147 
	C1285.955566,576.082764 1282.620605,576.738525 1280.751099,576.763062 
	C1270.086548,576.902710 1259.416260,576.976257 1248.754517,576.754944 
	C1244.982300,576.676697 1243.812744,577.907471 1243.964600,581.619812 
	C1244.230225,588.108765 1244.239502,594.624817 1243.965698,601.113037 
	C1243.794067,605.181519 1245.431641,606.251892 1249.234863,606.184692 
	C1262.063232,605.957947 1274.900635,606.164734 1287.725586,605.848450 
	C1292.437988,605.732361 1294.670532,607.096863 1294.061646,612.031311 
	C1293.859009,613.673584 1294.530396,615.604065 1293.881470,616.963440 
	C1293.132080,618.533081 1291.380127,620.727661 1290.038818,620.745056 
	C1271.042603,620.991760 1252.042114,620.897095 1233.042725,620.934265 
	C1230.147949,620.939941 1228.774292,619.789551 1228.777344,616.778687 
	C1228.780640,613.456543 1228.338623,610.134277 1228.333740,606.811707 
	C1228.294189,579.812561 1228.311523,552.813293 1228.312134,525.356323 
z"/>
<path fill="#71A9C6" opacity="1.000000" stroke="none" 
	d="
M668.716064,526.732422 
	C680.346558,515.419556 694.179260,515.600708 708.259949,518.485657 
	C713.530090,519.565430 718.530457,522.209778 723.483704,524.507568 
	C727.226990,526.244080 727.740417,529.047119 725.453125,532.697815 
	C720.779724,540.156982 720.699341,540.263000 712.630859,536.288696 
	C704.647278,532.356262 696.351379,530.499084 687.511047,532.853149 
	C681.362854,534.490295 677.574219,539.086914 677.065491,545.383240 
	C676.571655,551.494873 679.291931,556.055786 685.960327,558.156372 
	C691.932678,560.037720 698.188049,561.171936 704.397339,562.119141 
	C719.272522,564.388306 729.832581,572.937744 731.737366,584.676880 
	C734.832031,603.748962 723.527893,619.318848 704.253113,621.691406 
	C690.259644,623.413818 676.556335,622.012146 664.421204,613.954346 
	C661.884766,612.270203 658.128906,608.728516 658.583984,607.007874 
	C659.510254,603.505554 662.696472,600.427368 665.479736,597.716858 
	C666.141235,597.072693 669.141052,598.173706 670.629517,599.141907 
	C679.864197,605.149048 689.716187,608.382629 700.883911,607.089966 
	C708.974304,606.153625 715.581055,600.181030 716.038452,592.969604 
	C716.471436,586.143127 712.905212,581.010803 705.631104,579.083252 
	C700.189636,577.641296 694.585510,576.665405 688.993164,575.969482 
	C675.257141,574.260010 664.773621,566.638306 662.008789,555.019714 
	C659.580078,544.814148 661.175232,535.150635 668.716064,526.732422 
z"/>
<path fill="#71A9C6" opacity="1.000000" stroke="none" 
	d="
M1084.688843,518.174011 
	C1089.625244,518.029297 1091.101562,520.193054 1091.062012,524.645996 
	C1090.880493,545.129578 1091.095581,565.616577 1090.942505,586.100708 
	C1090.804810,604.520081 1081.320679,617.800964 1065.114746,621.179688 
	C1055.309814,623.223877 1045.190674,623.298767 1035.777832,618.719116 
	C1024.508423,613.236206 1018.668152,603.531921 1018.302002,591.558350 
	C1017.599854,568.596130 1018.051208,545.599426 1017.937805,522.617432 
	C1017.923096,519.625793 1019.263916,518.353088 1022.048950,518.201477 
	C1022.547485,518.174377 1023.048096,518.189514 1023.547485,518.174194 
	C1033.176880,517.879639 1033.203979,517.905273 1033.204102,527.530945 
	C1033.204468,546.350708 1032.951294,565.175415 1033.316162,583.988159 
	C1033.487549,592.826294 1035.247803,601.775085 1044.842651,605.451904 
	C1059.041748,610.893066 1074.105713,605.600525 1074.801636,587.495056 
	C1075.568604,567.538147 1075.052246,547.531799 1075.083496,527.546936 
	C1075.098267,518.175171 1075.086304,518.175171 1084.688843,518.174011 
z"/>
<path fill="#74ABC7" opacity="1.000000" stroke="none" 
	d="
M975.887573,533.719604 
	C970.737305,533.719849 966.061218,533.907166 961.408142,533.660156 
	C957.860779,533.471924 956.804077,534.809204 956.869812,538.266113 
	C957.224121,556.914185 957.436157,575.565491 957.601501,594.216431 
	C957.664978,601.376221 957.454651,608.538086 957.408936,615.699280 
	C957.383118,619.735474 955.419189,621.072144 951.428650,621.008179 
	C939.571716,620.818176 941.265869,621.519043 941.242615,610.765381 
	C941.190613,586.767944 941.071106,562.768494 941.350403,538.774231 
	C941.409729,533.675293 939.656372,532.509583 935.056580,532.914917 
	C929.106262,533.439392 923.113342,533.636353 917.137268,533.666321 
	C911.965454,533.692261 911.352173,532.456116 911.311951,525.088135 
	C911.289185,520.916321 911.949524,518.042358 917.252136,518.086182 
	C938.415222,518.261292 959.580811,518.209473 980.744934,518.112244 
	C984.849121,518.093384 986.856018,519.354431 986.872131,523.833374 
	C986.907532,533.667786 987.012695,533.719604 975.887573,533.719604 
z"/>
<path fill="#73AAC7" opacity="1.000000" stroke="none" 
	d="
M823.791992,533.712769 
	C818.489929,533.712708 813.639587,534.004211 808.841064,533.630493 
	C804.138611,533.264221 802.537781,534.669983 802.601624,539.637634 
	C802.920532,564.436523 802.864624,589.240234 802.924988,614.042297 
	C802.941711,620.917725 802.917297,620.918213 795.928589,620.930664 
	C794.763306,620.932739 793.586609,620.823425 792.434692,620.947021 
	C788.220642,621.399170 787.032654,619.457092 787.055542,615.400391 
	C787.198120,590.097534 787.127380,564.793335 787.127319,539.489624 
	C787.127319,537.533997 787.127319,535.578308 787.127319,533.713013 
	C779.302124,533.713013 772.055420,533.888306 764.825745,533.614685 
	C762.407654,533.523193 758.214172,532.662231 757.973572,531.501709 
	C757.197937,527.760498 757.658081,523.683411 758.209290,519.816772 
	C758.314514,519.078491 761.003052,518.245850 762.503479,518.238647 
	C783.977844,518.135132 805.453064,518.209412 826.927612,518.132629 
	C832.050659,518.114319 832.982361,521.069641 832.828613,525.292053 
	C832.682739,529.296753 833.475952,533.774048 827.262756,533.709656 
	C826.264038,533.699341 825.265137,533.711365 823.791992,533.712769 
z"/>
<path fill="#72A9C6" opacity="1.000000" stroke="none" 
	d="
M1131.101929,533.703369 
	C1128.966187,533.686584 1127.075317,534.159058 1125.698608,533.521362 
	C1124.211548,532.832520 1122.176636,531.128174 1122.148682,529.828918 
	C1121.887085,517.611023 1120.645996,518.132446 1132.365601,518.159180 
	C1151.678223,518.203369 1170.990967,518.158386 1190.303711,518.179993 
	C1196.599487,518.187073 1196.928467,518.631348 1196.923706,526.276367 
	C1196.919556,533.261230 1196.549927,533.684204 1190.174561,533.699585 
	C1182.697388,533.717590 1175.220093,533.703796 1166.890015,533.703796 
	C1166.890015,539.126892 1166.880737,544.217102 1166.891479,549.307312 
	C1166.938110,571.282593 1166.896729,593.258911 1167.120728,615.232422 
	C1167.165039,619.582397 1165.800659,621.077148 1161.411133,621.009521 
	C1151.816650,620.861633 1151.813599,621.057251 1151.813599,611.711670 
	C1151.813599,587.404297 1151.700317,563.096008 1151.913208,538.790466 
	C1151.953735,534.167664 1150.609131,532.446411 1145.986816,532.916077 
	C1141.204956,533.401978 1136.379639,533.459045 1131.101929,533.703369 
z"/>
<path fill="#73ABC7" opacity="1.000000" stroke="none" 
	d="
M879.927551,551.000000 
	C879.927490,572.463135 879.932129,593.426331 879.924866,614.389465 
	C879.922668,620.842102 879.854187,620.897705 873.619507,620.931885 
	C864.124756,620.983948 864.124084,620.983948 864.123962,611.562561 
	C864.123657,582.779785 864.063904,553.996704 864.239380,525.215027 
	C864.253296,522.949890 865.653931,518.928406 866.843506,518.758484 
	C870.783752,518.195801 874.945679,518.874084 878.956726,519.499207 
	C879.477539,519.580383 879.871033,522.134827 879.884155,523.547668 
	C879.967407,532.531189 879.927185,541.515747 879.927551,551.000000 
z"/>
<path fill="#70A9C6" opacity="1.000000" stroke="none" 
	d="
M491.834778,606.985046 
	C491.834869,579.156738 491.828674,551.825989 491.840424,524.495300 
	C491.842957,518.599182 492.271484,518.224731 498.565338,518.177429 
	C506.569275,518.117249 507.665527,518.802307 507.673096,524.527466 
	C507.712708,554.524597 507.649567,584.521790 507.734741,614.518677 
	C507.747803,619.115845 506.181641,621.114929 501.286865,621.007690 
	C491.839874,620.800659 491.835083,621.018677 491.835022,611.482300 
	C491.835022,610.149109 491.834961,608.815857 491.834778,606.985046 
z"/>
<path fill="#216B9B" opacity="1.000000" stroke="none" 
	d="
M1307.129272,271.903290 
	C1298.280151,266.576508 1294.273315,258.938232 1295.374756,249.114029 
	C1296.406372,239.910858 1301.519897,233.572739 1310.451904,230.502090 
	C1319.060913,227.542526 1329.705444,230.525177 1335.235352,237.541656 
	C1341.191162,245.098572 1341.606445,256.548157 1336.217651,264.629822 
	C1331.041870,272.391998 1321.234131,276.098572 1312.167358,273.667267 
	C1310.570435,273.239105 1309.029541,272.602417 1307.129272,271.903290 
M1312.506104,234.513245 
	C1304.278687,237.492462 1299.885498,243.377625 1299.776855,251.565460 
	C1299.675903,259.172119 1304.355103,266.277557 1311.091431,268.747009 
	C1318.747559,271.553619 1326.390381,269.436615 1331.695435,263.039856 
	C1336.211548,257.594299 1336.730103,249.274780 1332.978760,242.452667 
	C1329.336182,235.828583 1322.726929,233.067886 1312.506104,234.513245 
z"/>
<path fill="#FDFDFE" opacity="1.000000" stroke="none" 
	d="
M383.121155,392.263763 
	C345.726410,405.125641 308.305969,378.326813 307.388855,339.134033 
	C306.713470,310.271667 324.826752,287.753754 346.675262,280.945618 
	C383.045624,269.612427 419.522705,295.785736 420.429108,333.916504 
	C421.081085,361.345184 407.350403,382.994659 383.121155,392.263763 
z"/>
<path fill="#F9FBFC" opacity="1.000000" stroke="none" 
	d="
M1208.000000,313.868469 
	C1187.254517,313.868408 1167.009033,313.868408 1146.732666,313.868408 
	C1147.860107,294.623199 1172.116943,274.808746 1194.705200,274.076813 
	C1219.060181,273.287628 1242.125854,291.314087 1244.791260,313.868500 
	C1232.647217,313.868500 1220.573608,313.868500 1208.000000,313.868469 
z"/>
<path fill="#EBF2F6" opacity="1.000000" stroke="none" 
	d="
M1312.900513,234.372116 
	C1322.726929,233.067886 1329.336182,235.828583 1332.978760,242.452667 
	C1336.730103,249.274780 1336.211548,257.594299 1331.695435,263.039856 
	C1326.390381,269.436615 1318.747559,271.553619 1311.091431,268.747009 
	C1304.355103,266.277557 1299.675903,259.172119 1299.776855,251.565460 
	C1299.885498,243.377625 1304.278687,237.492462 1312.900513,234.372116 
M1326.473877,260.346649 
	C1325.505371,258.265930 1324.536865,256.185242 1323.441895,253.832626 
	C1327.521484,251.220093 1328.735229,247.561157 1327.023560,243.406830 
	C1325.244873,239.089874 1321.185059,239.057358 1317.259521,239.136429 
	C1315.930298,239.163208 1314.582397,239.280228 1313.273682,239.114380 
	C1309.630127,238.652649 1308.668091,240.406815 1308.819946,243.744797 
	C1309.023560,248.223572 1308.643921,252.734741 1308.962769,257.199982 
	C1309.128906,259.529022 1310.201904,263.742432 1310.956543,263.763062 
	C1315.739746,263.893707 1313.123901,259.795013 1313.913208,257.503906 
	C1314.293091,256.401550 1315.034180,255.423660 1315.611694,254.389420 
	C1316.805176,255.060715 1318.381104,255.455597 1319.109253,256.463196 
	C1320.453979,258.323608 1321.050293,260.741058 1322.459351,262.532349 
	C1323.191650,263.463440 1324.993896,263.552856 1326.312988,264.022461 
	C1326.496582,263.037720 1326.680176,262.052979 1326.473877,260.346649 
z"/>
<path fill="#216B9B" opacity="1.000000" stroke="none" 
	d="
M1326.668823,260.707428 
	C1326.680176,262.052979 1326.496582,263.037720 1326.312988,264.022461 
	C1324.993896,263.552856 1323.191650,263.463440 1322.459351,262.532349 
	C1321.050293,260.741058 1320.453979,258.323608 1319.109253,256.463196 
	C1318.381104,255.455597 1316.805176,255.060715 1315.611694,254.389404 
	C1315.034180,255.423660 1314.293091,256.401550 1313.913208,257.503906 
	C1313.123901,259.795013 1315.739746,263.893707 1310.956543,263.763062 
	C1310.201904,263.742432 1309.128906,259.529022 1308.962769,257.199982 
	C1308.643921,252.734741 1309.023560,248.223572 1308.819946,243.744797 
	C1308.668091,240.406815 1309.630127,238.652649 1313.273682,239.114380 
	C1314.582397,239.280228 1315.930298,239.163208 1317.259521,239.136429 
	C1321.185059,239.057358 1325.244873,239.089874 1327.023560,243.406830 
	C1328.735229,247.561157 1327.521484,251.220093 1323.441895,253.832626 
	C1324.536865,256.185242 1325.505371,258.265930 1326.668823,260.707428 
M1314.730103,249.746567 
	C1315.549927,249.819153 1316.369385,249.947006 1317.189819,249.954041 
	C1319.705688,249.975616 1322.910767,250.120117 1322.358276,246.618134 
	C1322.160400,245.362915 1318.760986,243.924057 1316.740601,243.788040 
	C1312.508057,243.503067 1314.132202,246.867050 1314.730103,249.746567 
z"/>
<path fill="#EBF2F6" opacity="1.000000" stroke="none" 
	d="
M1314.428223,249.425812 
	C1314.132202,246.867050 1312.508057,243.503067 1316.740601,243.788040 
	C1318.760986,243.924057 1322.160400,245.362915 1322.358276,246.618134 
	C1322.910767,250.120117 1319.705688,249.975616 1317.189819,249.954041 
	C1316.369385,249.947006 1315.549927,249.819153 1314.428223,249.425812 
z"/>
</svg>