<svg version="1.1" id="Layer_1" xmlns="http://www.w3.org/2000/svg" xmlns:xlink="http://www.w3.org/1999/xlink" x="0px" y="0px"
	 width="100%" viewBox="0 0 1024 560" enable-background="new 0 0 1024 560" xml:space="preserve">
<path fill="#000000" opacity="1.000000" stroke="none" 
	d="
M763.873169,321.262360 
	C757.036499,319.477844 750.380859,318.573853 744.222656,315.920044 
	C727.527283,308.725403 718.194458,292.893646 721.180298,276.936707 
	C724.174500,260.935089 737.868286,249.714188 756.208008,249.198868 
	C772.685364,248.735901 789.188171,248.953049 805.675720,249.172058 
	C814.379578,249.287689 817.369934,252.816315 817.330505,261.711212 
	C817.278076,273.537506 814.828247,275.982941 802.889099,275.989166 
	C788.064026,275.996887 773.238953,275.944153 758.413879,275.955475 
	C751.533997,275.960754 747.908875,278.065430 747.438232,282.196106 
	C746.976257,286.250336 750.584351,290.494720 756.471436,292.051544 
	C765.641663,294.476685 774.891968,296.602753 784.121704,298.799255 
	C810.493225,305.075195 821.178650,334.970764 804.097107,355.017792 
	C797.480957,362.782532 788.711487,366.779846 778.622803,366.977356 
	C762.304749,367.296844 745.975647,367.136353 729.651978,367.044586 
	C721.188416,366.997040 717.704102,363.229218 717.729736,354.627228 
	C717.765381,342.669983 720.435303,340.013794 732.504944,340.002472 
	C747.163452,339.988739 761.821960,340.024933 776.480347,339.986694 
	C782.176758,339.971832 785.103394,337.829163 785.560364,333.556305 
	C785.996521,329.478027 783.367981,326.123322 778.353577,324.757965 
	C773.698120,323.490326 768.976868,322.464111 763.873169,321.262360 
z"/>
<path fill="#000000" opacity="1.000000" stroke="none" 
	d="
M99.567108,280.376648 
	C87.677834,260.865570 75.929382,241.694870 64.283737,222.461914 
	C61.192802,217.357193 57.860435,212.296265 59.380013,205.712708 
	C61.377445,197.058838 67.527237,191.862411 76.395172,191.846939 
	C95.719933,191.813217 115.044861,191.812546 134.369598,191.853409 
	C144.467865,191.874756 148.344254,195.751694 148.378586,205.674637 
	C148.388962,208.673264 148.429199,211.673019 148.367081,214.670410 
	C148.224152,221.567642 144.669571,225.527725 137.599670,225.815994 
	C129.449783,226.148254 121.277679,225.925934 113.115379,225.971848 
	C111.142021,225.982941 109.110931,225.599976 107.211586,226.634171 
	C106.418365,228.524063 107.780548,229.782867 108.596947,231.141617 
	C122.579430,254.413132 136.608978,277.656372 150.576767,300.936707 
	C155.532028,309.195709 154.334381,314.009003 146.197372,319.326782 
	C144.106537,320.693207 142.023788,322.076996 139.879196,323.355286 
	C132.729797,327.616669 127.797745,326.505585 123.466209,319.485840 
	C115.507294,306.587402 107.647530,293.627808 99.567108,280.376648 
z"/>
<path fill="#000000" opacity="1.000000" stroke="none" 
	d="
M196.922256,420.354675 
	C189.409302,422.058594 182.569977,419.523560 178.863800,413.351288 
	C168.153259,395.513916 157.561234,377.604431 147.057816,359.644226 
	C143.905441,354.253815 145.500717,348.819366 150.863068,345.474609 
	C153.968689,343.537415 157.163788,341.740051 160.355377,339.945129 
	C167.090866,336.157104 172.463501,337.513336 176.470551,344.082153 
	C180.718292,351.045532 184.870270,358.067261 189.073074,365.058105 
	C189.914078,366.457031 190.463837,368.084747 192.035980,368.987213 
	C193.730438,368.589661 194.228058,367.055328 194.967087,365.830811 
	C209.330185,342.031982 223.676331,318.222900 238.003983,294.402710 
	C242.996078,286.103180 247.819199,284.780487 256.200012,289.526886 
	C257.648010,290.346954 259.063568,291.225006 260.485382,292.090546 
	C269.416656,297.527679 271.021423,303.704651 265.506378,313.006500 
	C253.792130,332.764099 241.928177,352.432983 230.113724,372.131134 
	C222.237778,385.262665 214.325043,398.372131 206.464371,411.512817 
	C204.208771,415.283478 201.822800,418.862152 196.922256,420.354675 
z"/>
<path fill="#000000" opacity="1.000000" stroke="none" 
	d="
M630.459839,286.624512 
	C640.291565,307.442871 649.932800,327.935760 659.653320,348.390961 
	C661.662964,352.620026 663.546021,356.950134 659.779968,360.908173 
	C655.682129,365.214844 650.476074,368.131683 644.410950,368.083069 
	C640.108643,368.048553 637.907837,364.507446 636.205750,360.911621 
	C628.012573,343.602905 619.821411,326.293243 611.619812,308.988464 
	C609.421692,304.350464 607.189636,299.728516 604.794922,294.726837 
	C602.328003,296.406036 601.840881,298.762939 600.905640,300.735107 
	C591.701721,320.143036 582.574219,339.587219 573.381470,359.000488 
	C572.459717,360.947021 571.492737,362.960693 570.125000,364.588928 
	C567.306885,367.943756 563.758545,369.351105 559.449646,367.386078 
	C557.783508,366.626282 556.126404,365.844543 554.486206,365.030518 
	C546.482483,361.058289 545.083252,356.912323 548.827148,348.954437 
	C562.934692,318.967896 576.987366,288.955536 591.083618,258.963684 
	C595.230225,250.141296 602.929016,247.029037 610.620422,250.951981 
	C613.749634,252.548004 615.682922,255.129364 617.130554,258.250061 
	C621.475098,267.615814 625.902405,276.943268 630.459839,286.624512 
z"/>
<path fill="#000000" opacity="1.000000" stroke="none" 
	d="
M435.570068,318.466736 
	C444.558289,299.299225 453.382141,280.448669 462.239471,261.613922 
	C463.442780,259.055054 464.656708,256.477844 466.140747,254.079330 
	C468.948090,249.542038 473.324585,248.272339 478.194366,250.381027 
	C479.568542,250.976044 480.903320,251.664062 482.244110,252.333572 
	C490.803223,256.607513 492.161224,260.553314 488.122070,269.115997 
	C473.915436,299.232849 459.773407,329.380280 445.501556,359.466156 
	C441.731812,367.412994 434.684296,370.223816 427.456696,367.111481 
	C424.042267,365.641144 421.933868,362.975769 420.394287,359.703979 
	C405.789764,328.668091 391.153290,297.647247 376.561493,266.605408 
	C374.184357,261.548401 375.492706,257.068817 380.159637,254.101700 
	C381.979156,252.944946 383.941895,251.993744 385.899658,251.077682 
	C392.899353,247.802475 397.287964,249.051361 400.656250,256.026184 
	C410.285492,275.965942 419.661499,296.028015 429.142181,316.039581 
	C430.203705,318.280212 431.297455,320.505524 432.392578,322.771729 
	C434.586304,322.058502 434.495270,320.057251 435.570068,318.466736 
z"/>
<path fill="#000000" opacity="1.000000" stroke="none" 
	d="
M913.594116,302.999939 
	C913.592957,295.335205 913.454712,288.166718 913.650024,281.007294 
	C913.749451,277.364410 912.471680,275.899658 908.765381,275.975525 
	C901.270996,276.128998 893.770752,275.998505 886.272888,275.975769 
	C881.561951,275.961487 876.888000,275.249786 875.028625,270.279297 
	C872.887146,264.554901 872.417542,258.502380 875.793640,252.983551 
	C877.697876,249.870712 881.203003,249.140610 884.603027,249.133163 
	C912.761475,249.071381 940.920776,248.989853 969.078247,249.168518 
	C976.686890,249.216812 979.946167,253.563873 979.967041,262.277039 
	C979.988098,271.105957 976.459167,275.660706 968.876282,275.899963 
	C961.219604,276.141541 953.543030,276.122406 945.886780,275.867950 
	C941.575317,275.724640 940.061218,277.178101 940.091614,281.596741 
	C940.256409,305.589142 940.161255,329.583282 940.151794,353.576843 
	C940.147156,365.334869 928.687256,371.722137 918.302429,365.742279 
	C914.534180,363.572449 913.542542,360.129211 913.563477,355.985809 
	C913.651794,338.490906 913.597351,320.995300 913.594116,302.999939 
z"/>
</svg>